approxkl,clipfrac,eplenmean,eprewmean,explained_variance,fps,nupdates,policy_entropy,policy_loss,serial_timesteps,time_elapsed,total_timesteps,value_loss
0.04535041,0.54833984,nan,nan,-1.1976277828216553,113,1,1.042171,0.025322173,128,9.031511545181274,1024,0.24673818
0.0029707332,0.15429688,nan,nan,-0.01930701732635498,897,2,1.1425952,0.0017448894,256,10.172749757766724,2048,0.16929312
0.006352887,0.2866211,nan,nan,0.02920597791671753,892,3,1.0679686,0.0056892093,384,11.320363759994507,3072,0.14295888
0.0022863066,0.114746094,nan,nan,-0.027442097663879395,888,4,1.1346886,-0.00030604843,512,12.473854780197144,4096,0.123557165
0.0024729974,0.14501953,nan,nan,-0.018232226371765137,893,5,1.158207,-0.0014210927,640,13.620522737503052,5120,0.11533508
0.0051407525,0.2878418,nan,nan,0.06318461894989014,830,6,1.1946728,0.005349149,768,14.854256391525269,6144,0.09437471
0.0071033314,0.41430664,797.75,-20.875,-0.1957491636276245,788,7,1.1670641,0.0075082434,896,16.153351545333862,7168,0.0771408
0.0019897772,0.11743164,797.75,-20.875,-0.06533670425415039,786,8,1.2143214,-0.0019306788,1024,17.456244707107544,8192,0.08775408
0.0022491424,0.12988281,797.75,-20.875,0.06121605634689331,880,9,1.161818,-0.00058587943,1152,18.619510889053345,9216,0.07908304
0.0063680545,0.34570312,797.75,-20.875,0.12154281139373779,876,10,1.1336656,0.008222212,1280,19.788559436798096,10240,0.06982445
0.0044486537,0.23339844,797.75,-20.875,0.17581701278686523,858,11,1.0950229,0.003735469,1408,20.982139348983765,11264,0.057409585
0.0029509242,0.10839844,797.75,-20.875,0.21157097816467285,901,12,1.1150693,0.0030034613,1536,22.118889570236206,12288,0.0514493
0.00182933,0.09692383,800.6,-20.733333333333334,0.09846371412277222,800,13,1.1327685,0.0009767591,1664,23.39883852005005,13312,0.048974622
0.0029160758,0.15014648,803.625,-20.6875,-0.031487107276916504,779,14,1.1294396,0.0016824545,1792,24.712896823883057,14336,0.07282283
0.0013261256,0.06323242,803.625,-20.6875,0.1345575451850891,901,15,1.0438164,0.00052884687,1920,25.849257946014404,15360,0.04752456
0.0014179376,0.08300781,803.625,-20.6875,0.20966702699661255,878,16,1.007421,2.667692e-05,2048,27.015273809432983,16384,0.059050944
0.0015235441,0.08642578,803.625,-20.6875,0.28130096197128296,898,17,0.94009525,0.0006553198,2176,28.15549635887146,17408,0.03962508
0.00421949,0.13891602,803.625,-20.6875,0.3577420711517334,900,18,0.9268462,0.0058109174,2304,29.292937994003296,18432,0.042217083
0.0025741234,0.11328125,805.6,-20.65,0.3558166027069092,852,19,0.9701338,0.0023322757,2432,30.494850635528564,19456,0.050546817
0.0016938162,0.09082031,810.8333333333334,-20.625,0.002478957176208496,851,20,1.0216284,-0.003846507,2560,31.69773268699646,20480,0.062135585
0.0019505781,0.10058594,810.8333333333334,-20.625,0.12690073251724243,865,21,1.0934732,0.00033248327,2688,32.88139629364014,21504,0.055440478
0.0029704669,0.1340332,810.8333333333334,-20.625,0.26051366329193115,908,22,1.0920085,-0.00040179648,2816,34.009185552597046,22528,0.048650064
0.0020529763,0.09692383,810.8333333333334,-20.625,0.3826068043708801,867,23,0.9602364,-0.0004689031,2944,35.18966770172119,23552,0.041728802
0.0016308143,0.11254883,810.8333333333334,-20.625,0.5285427272319794,904,24,1.037823,-0.002349561,3072,36.32239651679993,24576,0.021581903
0.0009567984,0.048828125,809.48,-20.64,0.5842157602310181,874,25,0.9677032,-0.00088399695,3200,37.49375581741333,25600,0.022677891
0.0030516621,0.13183594,812.3870967741935,-20.580645161290324,0.34555870294570923,834,26,0.99316454,-0.0013411879,3328,38.721850633621216,26624,0.049850814
0.0050430787,0.24536133,815.0625,-20.5625,0.16173887252807617,891,27,1.0399985,0.004345419,3456,39.871379375457764,27648,0.07028218
0.0030961223,0.15551758,815.0625,-20.5625,0.31061214208602905,867,28,1.0555606,-0.0012491108,3584,41.05311465263367,28672,0.044566136
0.0017428611,0.11230469,815.0625,-20.5625,0.6096795499324799,842,29,1.1250806,0.0003833745,3712,42.26916527748108,29696,0.016399244
0.0032348398,0.14379883,815.0625,-20.5625,0.7181801795959473,827,30,1.0973492,0.0015320258,3840,43.50728511810303,30720,0.01369701
0.0021554984,0.10253906,815.0625,-20.5625,0.7989836633205414,919,31,0.915473,-0.000976691,3968,44.62087392807007,31744,0.009813885
0.002826644,0.107910156,817.0,-20.55263157894737,0.44254612922668457,809,32,0.9603819,-0.0020138766,4096,45.88653564453125,32768,0.074062854
0.0014913583,0.0715332,817.825,-20.525,0.2653254270553589,875,33,0.87233007,-0.0020441157,4224,47.056246280670166,33792,0.06327068
0.0029009664,0.14477539,817.825,-20.525,0.4345685839653015,914,34,0.9629018,-0.0002601911,4352,48.176679372787476,34816,0.04451833
0.0024413075,0.14282227,817.825,-20.525,0.7185102999210358,910,35,1.0371565,-0.0008688206,4480,49.3016939163208,35840,0.015901279
0.0034542806,0.1418457,817.825,-20.525,0.7708359360694885,917,36,0.9605213,0.00035874936,4608,50.41785931587219,36864,0.010709825
0.004677823,0.18701172,817.825,-20.525,0.8630796372890472,865,37,0.8855697,0.006765229,4736,51.60194802284241,37888,0.012854245
0.0024303873,0.09716797,815.3409090909091,-20.568181818181817,0.5811648368835449,883,38,0.8573879,0.00046503486,4864,52.761669635772705,38912,0.057080064
0.0032343424,0.14672852,815.5106382978723,-20.5531914893617,0.3850157856941223,889,39,0.89294285,0.0007444345,4992,53.91294622421265,39936,0.08752829
0.0012171824,0.07006836,816.0625,-20.541666666666668,0.3106023073196411,838,40,0.91916287,-0.0016819153,5120,55.13406491279602,40960,0.07592256
0.0009170543,0.050048828,816.0625,-20.541666666666668,0.5094943642616272,911,41,0.84424424,-0.0024182515,5248,56.258620500564575,41984,0.035328288
0.001711157,0.088378906,816.0625,-20.541666666666668,0.8227355927228928,902,42,0.8143664,-0.00028303073,5376,57.39359402656555,43008,0.008782623
0.0012734837,0.0625,816.0625,-20.541666666666668,0.8847687989473343,913,43,0.8111638,-0.0022107353,5504,58.51503896713257,44032,0.005080391
0.0023350082,0.09448242,816.0625,-20.541666666666668,0.8554614633321762,901,44,0.7537588,-0.000322884,5632,59.65105962753296,45056,0.01500976
0.0016171595,0.09741211,818.8909090909091,-20.509090909090908,0.5293357968330383,837,45,0.7727812,0.0003341243,5760,60.87443280220032,46080,0.09862236
0.0015272654,0.06518555,819.5892857142857,-20.5,0.3451489210128784,898,46,0.80932206,-0.0003840222,5888,62.01528882980347,47104,0.09027487
0.0019330694,0.09301758,819.5892857142857,-20.5,0.5739177465438843,934,47,0.8156968,0.00043693057,6016,63.11200141906738,48128,0.03207762
0.0011579648,0.07128906,819.5892857142857,-20.5,0.7865902781486511,899,48,0.80471593,-0.0004892316,6144,64.2512755393982,49152,0.009149558
0.0017434756,0.0949707,819.5892857142857,-20.5,0.8760045319795609,924,49,0.79976904,0.001070387,6272,65.35934352874756,50176,0.0075283675
0.0030613125,0.12597656,819.5892857142857,-20.5,0.8799227476119995,923,50,0.8612947,0.0026825254,6400,66.4688012599945,51200,0.007074812
0.0025549096,0.103759766,819.9,-20.483333333333334,0.6566557884216309,880,51,0.74826354,-1.0266609e-05,6528,67.63266015052795,52224,0.0479759
0.0012246876,0.06323242,819.7142857142857,-20.476190476190474,0.48492103815078735,891,52,0.869291,-0.00067810464,6656,68.78259348869324,53248,0.070865296
0.0017128304,0.08911133,819.921875,-20.46875,0.5106449723243713,845,53,0.88734597,-0.0027053861,6784,69.99391794204712,54272,0.04345911
0.0011539378,0.05078125,819.921875,-20.46875,0.5486547648906708,918,54,0.82616633,-0.0015810081,6912,71.10924649238586,55296,0.03002183
0.0021884046,0.10644531,819.921875,-20.46875,0.759017825126648,875,55,0.8252357,4.1268126e-05,7040,72.2797224521637,56320,0.01501679
0.0012147955,0.06518555,819.921875,-20.46875,0.88382388651371,882,56,0.72379994,-0.0013202982,7168,73.4412190914154,57344,0.009066677
0.0032342547,0.13452148,819.4153846153846,-20.476923076923075,0.8044781237840652,767,57,0.8667209,0.0021767719,7296,74.77635383605957,58368,0.021772478
0.0036063767,0.14111328,822.4507042253521,-20.450704225352112,0.6609591543674469,846,58,0.80747575,0.0006251878,7424,75.98725867271423,59392,0.051750794
0.002942311,0.13574219,822.1944444444445,-20.458333333333332,0.35336393117904663,885,59,0.94769764,-0.001164111,7552,77.14502787590027,60416,0.057996698
0.001810484,0.08666992,822.1944444444445,-20.458333333333332,0.4892427325248718,902,60,0.88557845,-0.00083631364,7680,78.28059530258179,61440,0.03902032
0.0016362332,0.064453125,822.1944444444445,-20.458333333333332,0.6209539473056793,873,61,0.8848214,-0.0020376386,7808,79.45345258712769,62464,0.0232356
0.0013336231,0.07543945,822.1944444444445,-20.458333333333332,0.8161292523145676,910,62,0.78214365,0.0012722912,7936,80.57903456687927,63488,0.009174427
0.0015457137,0.067871094,822.1944444444445,-20.458333333333332,0.9045015573501587,839,63,0.736297,0.0007521618,8064,81.7990448474884,64512,0.005177045
0.0009959645,0.047851562,823.24,-20.453333333333333,0.7678811401128769,885,64,0.7525874,0.00050791143,8192,82.95579385757446,65536,0.028604545
0.011616489,0.07495117,823.2375,-20.4625,0.6862783432006836,869,65,0.674105,-0.0027736481,8320,84.13439655303955,66560,0.057372224
0.0011964035,0.059814453,823.2375,-20.4625,0.38784879446029663,910,66,0.79472387,-0.002686683,8448,85.25922656059265,67584,0.05056699
0.0018779394,0.08105469,823.2375,-20.4625,0.7647513896226883,954,67,0.8160157,-0.001367365,8576,86.33312273025513,68608,0.014303031
0.0030152537,0.115234375,823.2375,-20.4625,0.8866178244352341,944,68,0.8434464,-0.0012726027,8704,87.41767764091492,69632,0.006224639
0.0011937834,0.068847656,823.2375,-20.4625,0.8989082723855972,899,69,0.79282945,-0.0019549099,8832,88.55672240257263,70656,0.004712525
0.0011113934,0.05810547,822.679012345679,-20.469135802469136,0.8133673071861267,898,70,0.75181955,-0.001478303,8960,89.69708204269409,71680,0.015874797
0.001523561,0.068115234,821.9540229885057,-20.482758620689655,0.6808526515960693,844,71,0.7626778,0.000444138,9088,90.90987801551819,72704,0.06370658
0.0014581224,0.07543945,822.1704545454545,-20.477272727272727,0.40884673595428467,904,72,0.8993287,-0.003244456,9216,92.04299831390381,73728,0.048659056
0.0017935347,0.087646484,822.1704545454545,-20.477272727272727,0.6203860938549042,924,73,0.9482508,-0.004445982,9344,93.15154075622559,74752,0.029547127
0.0023893202,0.1081543,822.1704545454545,-20.477272727272727,0.7166631519794464,911,74,0.9705163,-0.0034647207,9472,94.27514004707336,75776,0.013758736
0.0034132309,0.19433594,822.1704545454545,-20.477272727272727,0.8608366549015045,901,75,1.0544974,0.0011264851,9600,95.41194558143616,76800,0.008607886
0.003457375,0.16723633,822.1704545454545,-20.477272727272727,0.863337054848671,868,76,1.0314223,-0.0024629561,9728,96.59142637252808,77824,0.01239613
0.019528259,0.12109375,821.0434782608696,-20.48913043478261,0.6741275787353516,880,77,1.0348401,-0.0031564082,9856,97.7551417350769,78848,0.047500476
0.00202164,0.104003906,822.40625,-20.479166666666668,0.6111920773983002,846,78,1.0053067,-0.0008382125,9984,98.96509861946106,79872,0.06930371
0.003120547,0.1394043,822.40625,-20.479166666666668,0.48621731996536255,914,79,1.0816206,-0.0001924733,10112,100.08497476577759,80896,0.034313325
0.0028013294,0.14257812,822.40625,-20.479166666666668,0.8521880656480789,915,80,1.0832992,0.00043047674,10240,101.20468592643738,81920,0.0102418
0.002002697,0.10180664,822.40625,-20.479166666666668,0.9135418683290482,901,81,0.97378814,-0.00046374995,10368,102.34189081192017,82944,0.0046205865
0.0023520733,0.13061523,822.40625,-20.479166666666668,0.9060630351305008,905,82,0.9536418,-0.0028231663,10496,103.47333025932312,83968,0.004690796
0.0016765859,0.09008789,822.29,-20.47,0.7854433059692383,877,83,0.9698538,-0.0010331623,10624,104.64095568656921,84992,0.03726776
0.002524451,0.13647461,823.07,-20.47,0.6942025423049927,880,84,1.0314828,-0.0055568344,10752,105.80437397956848,86016,0.045510646
0.0034840764,0.15942383,823.58,-20.46,0.5507291257381439,906,85,1.0469956,-0.0010315926,10880,106.93498277664185,87040,0.03170197
0.0026311548,0.13696289,823.58,-20.46,0.7776186019182205,906,86,1.1655867,-0.0019201845,11008,108.06489157676697,88064,0.010686877
0.0024873547,0.14746094,823.58,-20.46,0.8192248493432999,894,87,1.1036404,-0.0044549895,11136,109.21096801757812,89088,0.010776923
0.0014511653,0.08984375,823.58,-20.46,0.8871627897024155,906,88,1.1069096,-0.0016700639,11264,110.34078907966614,90112,0.0073838234
0.0020761408,0.123046875,823.47,-20.46,0.8298565596342087,882,89,1.1107433,-0.0027014404,11392,111.50276207923889,91136,0.020191276
0.015451911,0.10913086,822.8,-20.46,0.7643190771341324,890,90,1.0749377,-0.0032487432,11520,112.6535074710846,92160,0.02882572
0.0015859273,0.08666992,823.18,-20.46,0.622647613286972,882,91,1.0868781,-0.0025182662,11648,113.81451606750488,93184,0.04333035
0.0024477446,0.13623047,823.18,-20.46,0.6369294226169586,863,92,1.1517396,-0.0014860168,11776,115.00095582008362,94208,0.021287723
0.0020003633,0.09350586,823.18,-20.46,0.8508210778236389,878,93,1.0436041,-0.0026013092,11904,116.16746783256531,95232,0.009696421
0.001545639,0.07055664,823.18,-20.46,0.8956236764788628,901,94,1.0586522,-0.0020493956,12032,117.30462956428528,96256,0.0060190493
0.0023353703,0.1184082,823.33,-20.46,0.8335036635398865,866,95,1.0322566,-0.00043532922,12160,118.4871118068695,97280,0.017092556
0.012991193,0.12475586,822.09,-20.48,0.8142353594303131,864,96,1.1330317,-0.0047947126,12288,119.6720654964447,98304,0.0260967
0.0018259755,0.088134766,822.23,-20.48,0.6908956170082092,805,97,1.125224,-0.003361093,12416,120.9438636302948,99328,0.042856216
0.0016571849,0.083740234,822.23,-20.48,0.515211671590805,914,98,1.1956855,-0.0014921929,12544,122.06386661529541,100352,0.032296926
0.0022263424,0.1015625,822.23,-20.48,0.5617015063762665,894,99,1.1923985,-0.0031553127,12672,123.20896887779236,101376,0.037718378
0.0012665684,0.05834961,822.23,-20.48,0.813659206032753,910,100,1.2301705,-0.0034833031,12800,124.33498764038086,102400,0.009617283
0.001938053,0.10668945,822.23,-20.48,0.8411718308925629,883,101,1.2294348,-0.0028404896,12928,125.4950499534607,103424,0.012297701
0.0019008018,0.11425781,820.09,-20.5,0.7982197701931,863,102,1.2094284,-0.0045924643,13056,126.68164610862732,104448,0.02865518
0.001575079,0.07446289,821.29,-20.48,0.6286233067512512,837,103,1.1894214,-0.0053085485,13184,127.90536379814148,105472,0.057952557
0.001571843,0.068115234,821.83,-20.48,0.7332048416137695,896,104,1.2671195,-0.0056621237,13312,129.0480329990387,106496,0.023764804
0.0018804743,0.099121094,821.83,-20.48,0.7666833102703094,888,105,1.2482381,-0.003235312,13440,130.20147252082825,107520,0.011855756
0.002173139,0.110839844,821.83,-20.48,0.7425993084907532,909,106,1.2606851,-0.0051763803,13568,131.3277087211609,108544,0.01959064
0.002254047,0.13647461,821.83,-20.48,0.8664235323667526,865,107,1.2834866,-0.00081568194,13696,132.51295065879822,109568,0.011918639
0.004235994,0.27612305,821.92,-20.48,0.8120504766702652,899,108,1.2502505,-0.0027028231,13824,133.65249180793762,110592,0.028672207
0.0025978626,0.1550293,820.99,-20.48,0.7077630758285522,882,109,1.2782538,-0.0027980814,13952,134.81320714950562,111616,0.04482195
0.0019878815,0.1159668,820.05,-20.49,0.5933699905872345,885,110,1.3239471,-0.0049477974,14080,135.97026562690735,112640,0.04910703
0.001913417,0.09838867,820.84,-20.48,0.815085768699646,864,111,1.364173,-0.0061151218,14208,137.15509295463562,113664,0.016708327
0.0027236273,0.17456055,820.84,-20.48,0.7149073481559753,901,112,1.377917,-0.0022949467,14336,138.29222059249878,114688,0.017801886
0.0020311095,0.10913086,820.84,-20.48,0.9005382284522057,871,113,1.3487219,-0.0042048944,14464,139.46766471862793,115712,0.0054834564
0.002095447,0.1171875,820.84,-20.48,0.8418795764446259,907,114,1.3779467,-0.0036003883,14592,140.59696102142334,116736,0.014748937
0.0015220847,0.07324219,820.95,-20.48,0.8373317867517471,818,115,1.3617079,-0.0019625172,14720,141.8489475250244,117760,0.03320516
0.001978294,0.099365234,821.7,-20.46,0.5957231223583221,909,116,1.400615,-0.004476774,14848,142.9756941795349,118784,0.052940223
0.0031592213,0.1887207,822.19,-20.45,0.49703454971313477,908,117,1.4322234,-0.0016200802,14976,144.10373091697693,119808,0.051327944
0.0022155647,0.13452148,822.19,-20.45,0.6691527664661407,905,118,1.4647408,-0.0021717825,15104,145.23475861549377,120832,0.024172908
0.0017417911,0.07788086,822.19,-20.45,0.6843145191669464,894,119,1.4510933,-0.004513031,15232,146.3796763420105,121856,0.024642272
0.0018834685,0.095703125,822.19,-20.45,0.855595663189888,910,120,1.4018135,-0.005056001,15360,147.50485491752625,122880,0.012476692
0.0021364964,0.119628906,823.28,-20.44,0.8291431814432144,893,121,1.3795741,-0.0023612832,15488,148.65143513679504,123904,0.018957125
0.0025699204,0.1586914,824.66,-20.44,0.761509507894516,921,122,1.3502489,-0.0022607106,15616,149.7636661529541,124928,0.043561272
0.0027765615,0.1616211,826.28,-20.45,0.7218877375125885,889,123,1.3434477,-0.0061583063,15744,150.9161822795868,125952,0.030969676
0.0028257011,0.17211914,827.01,-20.45,0.7404411733150482,906,124,1.345496,-0.0066224625,15872,152.04605889320374,126976,0.02964287
0.0025302444,0.13256836,827.01,-20.45,0.6884497106075287,906,125,1.3340225,-0.0036769845,16000,153.17588067054749,128000,0.022311477
0.002497426,0.15942383,827.01,-20.45,0.8933860659599304,907,126,1.3278067,-0.0025882034,16128,154.3050901889801,129024,0.0075626737
0.0019019967,0.12426758,826.49,-20.46,0.8975246176123619,896,127,1.3064363,-0.0034373056,16256,155.4480185508728,130048,0.01186903
0.002314313,0.1381836,824.64,-20.47,0.8256271928548813,886,128,1.2752597,-0.0031977948,16384,156.60326266288757,131072,0.04097612
0.0017387616,0.10424805,823.96,-20.48,0.775195986032486,862,129,1.2386179,-0.0062200595,16512,157.79186534881592,132096,0.042767417
0.0021304726,0.11987305,823.93,-20.48,0.6521723866462708,893,130,1.3190697,-0.005700254,16640,158.9382312297821,133120,0.038127545
0.0021977017,0.12915039,823.93,-20.48,0.6288518011569977,894,131,1.270663,-0.0058720806,16768,160.08351373672485,134144,0.024969848
0.0022872305,0.12548828,823.93,-20.48,0.8828905373811722,918,132,1.254044,-0.0027077156,16896,161.19875526428223,135168,0.006794356
0.0011841696,0.056396484,823.93,-20.48,0.9105350449681282,910,133,1.2479144,-0.0040921387,17024,162.32407879829407,136192,0.0044538276
0.0023399831,0.12109375,824.28,-20.48,0.8526438772678375,885,134,1.1983185,-0.002327413,17152,163.48169779777527,137216,0.022062415
0.0015863937,0.099609375,824.53,-20.5,0.7956829518079758,881,135,1.2139759,-0.003549241,17280,164.64410877227783,138240,0.041993
0.002189937,0.11621094,824.49,-20.5,0.6526632905006409,895,136,1.2939651,-0.003898228,17408,165.78857827186584,139264,0.032427005
0.0027624837,0.125,824.14,-20.5,0.7150628864765167,892,137,1.2508473,-0.0067504025,17536,166.93711972236633,140288,0.037133973
0.0016298259,0.08300781,824.14,-20.5,0.761523500084877,899,138,1.2679555,-0.005923386,17664,168.07566571235657,141312,0.018443547
0.0032034097,0.19873047,824.14,-20.5,0.8911809325218201,914,139,1.2298586,-0.0055511654,17792,169.19622230529785,142336,0.0066856765
0.002644929,0.1484375,823.8,-20.51,0.8984185382723808,863,140,1.2591354,-0.00040182975,17920,170.38255214691162,143360,0.0121096065
0.0028090319,0.18286133,823.09,-20.5,0.8499062806367874,886,141,1.2634447,-0.00353012,18048,171.53882670402527,144384,0.028839383
0.002767722,0.16967773,822.81,-20.49,0.742946982383728,837,142,1.2413108,-0.0042283605,18176,172.76171779632568,145408,0.037927914
0.0021858169,0.1328125,823.02,-20.48,0.6504555344581604,898,143,1.2151427,-0.0053420607,18304,173.90213632583618,146432,0.045359667
0.002025657,0.076171875,823.02,-20.48,0.7786743193864822,907,144,1.238964,-0.004328096,18432,175.03077149391174,147456,0.016936213
0.002159699,0.10668945,823.02,-20.48,0.8572272807359695,903,145,1.241892,-0.004914461,18560,176.16544675827026,148480,0.0070199226
0.0026144483,0.14550781,822.43,-20.49,0.8950853645801544,948,146,1.1957366,-0.0045114597,18688,177.24565505981445,149504,0.011695124
0.0024802703,0.12841797,822.48,-20.49,0.8134694695472717,887,147,1.2153194,-0.0032979734,18816,178.4009006023407,150528,0.022658806
0.002757619,0.15600586,823.34,-20.47,0.8243218064308167,827,148,1.1518124,-0.0044237366,18944,179.639315366745,151552,0.02793313
0.002718411,0.11328125,823.34,-20.47,0.6272373497486115,868,149,1.1868734,-0.004309787,19072,180.8188259601593,152576,0.05032971
0.0021468264,0.11010742,823.28,-20.47,0.8265989422798157,895,150,1.2045254,-0.0046488,19200,181.96342086791992,153600,0.009259592
0.0028690842,0.14550781,823.28,-20.47,0.8338155746459961,853,151,1.2060395,-0.00431764,19328,183.16416001319885,154624,0.010724129
0.0031097552,0.17700195,822.98,-20.47,0.8870729580521584,898,152,1.238357,-0.003640393,19456,184.304927110672,155648,0.010439391
0.0033280223,0.19726562,822.98,-20.47,0.8502608686685562,887,153,1.2005374,-0.007626695,19584,185.4590287208557,156672,0.009134519
0.0021521673,0.10571289,822.97,-20.47,0.8212064951658249,894,154,1.0987227,-0.0037121074,19712,186.60491704940796,157696,0.035214078
0.0017755639,0.09790039,823.47,-20.46,0.6961778402328491,879,155,1.126096,-0.0044737556,19840,187.7699797153473,158720,0.04339403
0.001948142,0.111816406,823.83,-20.46,0.7223555743694305,900,156,1.1885053,-0.0048848703,19968,188.9079086780548,159744,0.03760422
0.0023303498,0.12158203,823.83,-20.46,0.7301399409770966,894,157,1.1512984,-0.0037663192,20096,190.05301189422607,160768,0.02022688
0.002376377,0.12670898,823.83,-20.46,0.8124482333660126,911,158,1.1497909,-0.0010029296,20224,191.17704892158508,161792,0.014386933
0.0023282073,0.12646484,823.36,-20.47,0.8891612365841866,890,159,1.1851561,-0.00421091,20352,192.32767415046692,162816,0.009141257
0.0026533797,0.15185547,823.32,-20.47,0.8554424792528152,902,160,1.1584839,-0.00444912,20480,193.4637942314148,163840,0.01760422
0.002073844,0.12158203,822.27,-20.47,0.8415637463331223,860,161,1.1477666,-0.0049066646,20608,194.65390467643738,164864,0.032515932
0.0021143002,0.1015625,822.27,-20.47,0.6486943662166595,898,162,1.2173697,-0.0074440213,20736,195.79469656944275,165888,0.03694277
0.0019289565,0.09790039,822.55,-20.47,0.8291021436452866,888,163,1.1667007,-0.003641144,20864,196.94851422309875,166912,0.013219384
0.002268637,0.1262207,822.55,-20.47,0.7782880216836929,915,164,1.1823127,-0.004987191,20992,198.06747364997864,167936,0.02327174
0.0024835118,0.13354492,822.23,-20.47,0.9182717353105545,883,165,1.2033503,-0.003863258,21120,199.22685647010803,168960,0.008258164
0.00251061,0.14086914,822.07,-20.47,0.8597120195627213,911,166,1.1779727,-0.0050837025,21248,200.35126304626465,169984,0.016287487
0.0025396105,0.12402344,822.34,-20.46,0.8398829251527786,881,167,1.2015958,-0.0025092214,21376,201.51324605941772,171008,0.03994184
0.0018759994,0.104003906,823.39,-20.46,0.69923534989357,892,168,1.23969,-0.0061989175,21504,202.6615149974823,172032,0.03888234
0.002843652,0.1821289,823.31,-20.46,0.7845248132944107,921,169,1.3026475,-0.006039991,21632,203.7735366821289,173056,0.024379248
0.002217019,0.122558594,823.31,-20.46,0.8833450675010681,905,170,1.322831,-0.004619452,21760,204.90544056892395,174080,0.008363129
0.002694305,0.16821289,823.96,-20.45,0.8795859888195992,892,171,1.3052763,-0.0035582907,21888,206.05355668067932,175104,0.013811248
0.0021746983,0.12719727,823.96,-20.45,0.8745316416025162,920,172,1.3101186,-0.0031912345,22016,207.16697764396667,176128,0.006700594
0.0027257246,0.17895508,824.16,-20.44,0.8366174697875977,883,173,1.3058184,-0.0055039665,22144,208.32715797424316,177152,0.026796758
0.0024632649,0.14038086,824.64,-20.43,0.8077355623245239,869,174,1.2835015,-0.008923065,22272,209.50570964813232,178176,0.03308517
0.001427823,0.076660156,824.73,-20.43,0.6575877070426941,889,175,1.3457127,-0.0041531557,22400,210.6581060886383,179200,0.04672603
0.0024583056,0.15112305,824.73,-20.43,0.7820282429456711,909,176,1.357755,-0.00396418,22528,211.7850911617279,180224,0.016257249
0.0020496505,0.1274414,824.23,-20.44,0.8834476321935654,844,177,1.3152046,-0.005266021,22656,212.99868869781494,181248,0.011488189
0.001638388,0.08325195,824.23,-20.44,0.8788517564535141,914,178,1.2998955,-0.004502891,22784,214.11880350112915,182272,0.0075261462
0.00353742,0.2055664,824.23,-20.44,0.8079174906015396,889,179,1.271914,-0.0051312707,22912,215.2713806629181,183296,0.029547323
0.0026717337,0.114746094,825.68,-20.42,0.858842596411705,831,180,1.2166916,-0.0041166614,23040,216.50275659561157,184320,0.039151594
0.0027062192,0.1538086,825.68,-20.42,0.7263822555541992,900,181,1.2563244,-0.006761858,23168,217.64048981666565,185344,0.034481596
0.0019030048,0.12109375,826.33,-20.41,0.8666089624166489,897,182,1.2560782,-0.005879103,23296,218.78158235549927,186368,0.01481969
0.0021958994,0.12084961,826.33,-20.41,0.8402199745178223,897,183,1.2360147,-0.004283895,23424,219.9228274822235,187392,0.012842905
0.002226716,0.119140625,827.22,-20.4,0.8589665740728378,896,184,1.2124598,-0.004645574,23552,221.06641173362732,188416,0.01514042
0.0020952201,0.11206055,826.19,-20.41,0.8736878037452698,904,185,1.2477698,-0.00472349,23680,222.19904899597168,189440,0.012761386
0.0023032993,0.13623047,824.86,-20.43,0.8656487017869949,885,186,1.25392,-0.0045232456,23808,223.35584449768066,190464,0.022399677
0.0018530751,0.1015625,824.95,-20.43,0.6672984957695007,883,187,1.2973236,-0.0060086153,23936,224.51585292816162,191488,0.044814788
0.0024071618,0.15283203,825.02,-20.44,0.7067083716392517,907,188,1.3680946,-0.008344026,24064,225.64529967308044,192512,0.028522193
0.0018797135,0.10205078,825.02,-20.44,0.680205225944519,900,189,1.3742204,-0.0068251863,24192,226.78293132781982,193536,0.024382252
0.002583967,0.14135742,824.92,-20.44,0.8705228716135025,908,190,1.3069942,-0.004183168,24320,227.91064286231995,194560,0.013761007
0.002149977,0.1184082,824.81,-20.44,0.8414251059293747,882,191,1.318149,-0.006960416,24448,229.07127714157104,195584,0.020902228
0.0023664278,0.104003906,824.81,-20.44,0.8288362622261047,909,192,1.3123031,-0.005136615,24576,230.19727873802185,196608,0.0144855045
0.0026495408,0.13476562,825.32,-20.45,0.8806328400969505,855,193,1.2542505,-0.0047165495,24704,231.39505624771118,197632,0.02578322
0.0025885787,0.13183594,825.32,-20.45,0.5638340711593628,924,194,1.3173919,-0.0057181874,24832,232.50388979911804,198656,0.04016046
0.0020895835,0.111328125,825.17,-20.46,0.8082738220691681,885,195,1.27206,-0.006666673,24960,233.66087889671326,199680,0.024271904
0.0024837237,0.15771484,825.17,-20.46,0.7580262571573257,970,196,1.2838504,-0.0051942384,25088,234.71678590774536,200704,0.016780801
0.0018942194,0.10913086,825.75,-20.45,0.9073467031121254,902,197,1.2425412,-0.004517244,25216,235.85221767425537,201728,0.011981234
0.0012949987,0.06982422,825.25,-20.46,0.831822857260704,925,198,1.2581325,-0.005500589,25344,236.95988202095032,202752,0.012617975
0.0019326042,0.115234375,824.89,-20.47,0.9100586399435997,916,199,1.2401513,-0.0042856876,25472,238.0777587890625,203776,0.012359449
0.0021076638,0.12036133,824.96,-20.48,0.8509369939565659,886,200,1.2780901,-0.0051587336,25600,239.23403358459473,204800,0.02703105
0.0032428252,0.19311523,823.24,-20.49,0.6908612251281738,904,201,1.3969109,-0.00879835,25728,240.3669650554657,205824,0.040502243
0.0015787008,0.08862305,823.24,-20.49,0.7706865221261978,894,202,1.4148455,-0.0032584206,25856,241.5121283531189,206848,0.014902853
0.0023651163,0.15942383,822.65,-20.5,0.807494655251503,912,203,1.3671043,-0.0039652158,25984,242.63470196723938,207872,0.027528044
0.0030327945,0.18725586,822.26,-20.5,0.8242977261543274,852,204,1.3691348,-0.007304693,26112,243.83609652519226,208896,0.021231186
0.0023796537,0.14257812,821.27,-20.5,0.8599211424589157,895,205,1.406761,-0.006922912,26240,244.97952508926392,209920,0.014325289
0.0035739818,0.20654297,821.77,-20.49,0.8831830322742462,879,206,1.3413247,-0.0074539203,26368,246.14416408538818,210944,0.020703245
0.0019211596,0.107421875,822.81,-20.48,0.7890241742134094,902,207,1.3644999,-0.0083921505,26496,247.278879404068,211968,0.025790874
0.002874072,0.17333984,823.71,-20.48,0.8659114986658096,851,208,1.3677561,-0.0039658034,26624,248.48159646987915,212992,0.01724253
0.0027157601,0.16430664,823.71,-20.48,0.7757230401039124,943,209,1.3990457,-0.004269392,26752,249.56759023666382,214016,0.014890965
0.0022912412,0.109375,824.25,-20.47,0.8392622321844101,886,210,1.3668609,-0.004858077,26880,250.7235450744629,215040,0.028094735
0.0021285391,0.1274414,823.66,-20.48,0.8160240054130554,964,211,1.375105,-0.005248774,27008,251.78599166870117,216064,0.023993162
0.0018320256,0.095458984,823.05,-20.49,0.8738916665315628,952,212,1.3243749,-0.004636936,27136,252.86229133605957,217088,0.018409513
0.002278308,0.14819336,822.65,-20.49,0.8433024287223816,910,213,1.3619703,-0.005894284,27264,253.98755764961243,218112,0.018660821
0.0019039935,0.107666016,824.02,-20.5,0.8021396547555923,899,214,1.3315899,-0.0033093428,27392,255.1269989013672,219136,0.035116255
0.0021300833,0.12548828,824.51,-20.49,0.8381646424531937,910,215,1.4073696,-0.0063464725,27520,256.2529032230377,220160,0.016910702
0.0020655405,0.13598633,823.66,-20.49,0.8742241561412811,893,216,1.3887371,-0.00420335,27648,257.39944219589233,221184,0.018101508
0.0019295011,0.10131836,824.04,-20.48,0.8646886944770813,921,217,1.3684423,-0.006211349,27776,258.5118772983551,222208,0.013339028
0.0025157516,0.14355469,823.75,-20.49,0.9119497835636139,889,218,1.3318175,-0.007263,27904,259.66438341140747,223232,0.014701639
0.0023249893,0.12890625,823.41,-20.49,0.8738998025655746,875,219,1.3216436,-0.0073494087,28032,260.83514380455017,224256,0.021879587
0.0022522667,0.13647461,822.86,-20.5,0.8475483059883118,902,220,1.3629332,-0.0067412592,28160,261.97033071517944,225280,0.022380888
0.0023419564,0.1430664,823.4,-20.49,0.8542484045028687,903,221,1.3729318,-0.007727513,28288,263.1046187877655,226304,0.018085064
0.00215246,0.12866211,822.57,-20.5,0.819208025932312,894,222,1.3808917,-0.008152032,28416,264.250116109848,227328,0.026252987
0.0029212893,0.16918945,822.05,-20.51,0.8847093060612679,911,223,1.3668233,-0.008025856,28544,265.37453055381775,228352,0.0116458135
0.002211538,0.13500977,822.04,-20.51,0.8779764622449875,894,224,1.3478467,-0.0039743157,28672,266.5203628540039,229376,0.012995758
0.0028124521,0.17236328,822.08,-20.52,0.8445347994565964,891,225,1.3242153,-0.0077011576,28800,267.67032980918884,230400,0.026524652
0.0024714842,0.15527344,821.35,-20.54,0.7809261232614517,901,226,1.3555707,-0.007862319,28928,268.80680203437805,231424,0.040989473
0.0020387056,0.12792969,821.35,-20.54,0.6301634311676025,901,227,1.358715,-0.006936081,29056,269.9436094760895,232448,0.042986814
0.0025060263,0.16552734,821.2,-20.54,0.910015769302845,885,228,1.3576145,-0.0058128266,29184,271.1003499031067,233472,0.01285394
0.0024605822,0.1394043,821.2,-20.54,0.8753533884882927,898,229,1.3897059,-0.0054612095,29312,272.2402195930481,234496,0.01044505
0.002390109,0.11254883,821.51,-20.55,0.9108439832925797,883,230,1.3804247,-0.0048323357,29440,273.39967036247253,235520,0.007848285
0.0021719094,0.14013672,822.08,-20.55,0.8784551844000816,894,231,1.4038417,-0.0053015454,29568,274.54463505744934,236544,0.014517218
0.0030033288,0.18945312,824.24,-20.52,0.873658150434494,883,232,1.3616976,-0.006826486,29696,275.7043123245239,237568,0.024269661
0.0021698861,0.12036133,823.8,-20.53,0.7626901865005493,887,233,1.3948458,-0.008134365,29824,276.8583605289459,238592,0.029426225
0.0019560673,0.10986328,823.2,-20.54,0.8667541295289993,889,234,1.4209601,-0.0061637717,29952,278.0106074810028,239616,0.018360686
0.0032031809,0.1862793,823.2,-20.54,0.709669679403305,907,235,1.4206003,-0.0020393215,30080,279.1400737762451,240640,0.02324066
0.0025457295,0.1472168,823.03,-20.55,0.9047727435827255,881,236,1.4254979,-0.0051981797,30208,280.30233907699585,241664,0.010717433
0.0018391778,0.09887695,822.98,-20.55,0.8807282820343971,892,237,1.409669,-0.006827345,30336,281.4505491256714,242688,0.013619201
0.0027840054,0.16186523,823.16,-20.54,0.8981841504573822,914,238,1.3636585,-0.004683175,30464,282.5710186958313,243712,0.01387013
0.0018420486,0.1081543,824.09,-20.55,0.8520902693271637,906,239,1.3544773,-0.007024471,30592,283.70113158226013,244736,0.023145769
0.0024228496,0.14233398,824.6,-20.54,0.8329939991235733,897,240,1.3898209,-0.008360179,30720,284.84293580055237,245760,0.026425326
0.0022021818,0.12866211,824.6,-20.54,0.7875335067510605,968,241,1.4418862,-0.007500092,30848,285.9008891582489,246784,0.013730381
0.0025264868,0.15112305,824.31,-20.55,0.9144992232322693,947,242,1.4036338,-0.0057059075,30976,286.98281264305115,247808,0.009350905
0.0030599374,0.19677734,823.79,-20.56,0.8533995598554611,859,243,1.4044386,-0.009083154,31104,288.1743195056915,248832,0.015593997
0.0020544147,0.13330078,823.79,-20.56,0.7776271551847458,941,244,1.452438,-0.007565758,31232,289.2626509666443,249856,0.023342784
0.0038889758,0.1105957,823.99,-20.56,0.8955346196889877,847,245,1.3592921,-0.0069134454,31360,290.47211360931396,250880,0.020305347
0.0022969483,0.13623047,823.51,-20.57,0.8441722244024277,863,246,1.3774763,-0.007984533,31488,291.6590189933777,251904,0.026844785
0.0016885296,0.08203125,823.51,-20.57,0.7865957468748093,895,247,1.4361204,-0.008546719,31616,292.80366587638855,252928,0.016913155
0.0023881802,0.1616211,823.51,-20.57,0.828895092010498,891,248,1.4295104,-0.007953551,31744,293.9532744884491,253952,0.010308322
0.0024010679,0.14575195,823.18,-20.57,0.91683179885149,925,249,1.3941851,-0.005740433,31872,295.0611381530762,254976,0.0106567945
0.0027065338,0.17163086,823.42,-20.56,0.9091574251651764,828,250,1.4229274,-0.0068618003,32000,296.2980499267578,256000,0.010225192
0.0024838303,0.15698242,822.92,-20.57,0.9053458794951439,896,251,1.3429836,-0.0049675168,32128,297.4403929710388,257024,0.017486019
0.0018220544,0.099121094,822.66,-20.58,0.8387774676084518,876,252,1.3417609,-0.005769102,32256,298.60974168777466,258048,0.03951568
0.0020811683,0.12939453,823.3,-20.58,0.8190000057220459,894,253,1.3796272,-0.0057155667,32384,299.754771232605,259072,0.028327338
0.0023787427,0.16259766,823.3,-20.58,0.7486389577388763,905,254,1.4053495,-0.008405963,32512,300.8869380950928,260096,0.02668448
0.0023675712,0.12719727,822.63,-20.59,0.8746542781591415,900,255,1.3549316,-0.005022972,32640,302.02535033226013,261120,0.014949734
0.0023909742,0.15039062,822.05,-20.6,0.8505678623914719,894,256,1.3471076,-0.0067125997,32768,303.1711575984955,262144,0.019365728
0.0018261182,0.12084961,822.05,-20.6,0.824952244758606,909,257,1.3421738,-0.007002985,32896,304.29826188087463,263168,0.020103145
0.0041952687,0.16723633,822.92,-20.58,0.9390985332429409,885,258,1.2916468,-0.00588173,33024,305.454904794693,264192,0.014826794
0.0025035073,0.16015625,822.92,-20.58,0.7717513591051102,961,259,1.3875934,-0.008682852,33152,306.5210928916931,265216,0.029245974
0.0023245662,0.13183594,824.66,-20.56,0.9189078211784363,883,260,1.368731,-0.0076805307,33280,307.6810736656189,266240,0.011201264
0.0023972443,0.15478516,824.22,-20.56,0.8237099647521973,886,261,1.4032621,-0.008791002,33408,308.8375425338745,267264,0.022781061
0.0036111774,0.23095703,824.22,-20.56,0.8465307950973511,896,262,1.3916847,-0.008056281,33536,309.9805679321289,268288,0.018824426
0.0029452767,0.17236328,824.26,-20.56,0.8038057684898376,896,263,1.4086182,-0.0064352416,33664,311.12405133247375,269312,0.019024633
0.0025942249,0.14794922,822.91,-20.58,0.9178897589445114,834,264,1.3518876,-0.005626537,33792,312.3514096736908,270336,0.015838059
0.0026474565,0.1484375,823.54,-20.58,0.8150385916233063,883,265,1.3823752,-0.010635003,33920,313.51170086860657,271360,0.030808803
0.0020689988,0.115234375,823.36,-20.57,0.9062361568212509,861,266,1.390718,-0.0064209253,34048,314.7009229660034,272384,0.014107305
0.004502165,0.14086914,822.8,-20.58,0.8963814750313759,835,267,1.4022373,-0.0068656905,34176,315.9276158809662,273408,0.013170149
0.0024987406,0.16381836,822.8,-20.58,0.7284538149833679,900,268,1.3984786,-0.0048336564,34304,317.0660755634308,274432,0.019417522
0.035317596,0.09008789,822.78,-20.58,0.8925900682806969,904,269,1.3418305,-0.0051160837,34432,318.1992485523224,275456,0.012056929
0.0035177758,0.18969727,822.76,-20.57,0.9340585097670555,885,270,1.3157933,-0.004878186,34560,319.3560767173767,276480,0.013407298
0.0018512028,0.107177734,822.96,-20.57,0.8908706530928612,894,271,1.312591,-0.006940108,34688,320.502090215683,277504,0.01907784
0.0024403087,0.13085938,822.59,-20.57,0.8838897868990898,887,272,1.3321494,-0.008013205,34816,321.6567301750183,278528,0.02403
0.0028400288,0.16064453,822.59,-20.57,0.8378759622573853,945,273,1.369937,-0.0070543177,34944,322.74001932144165,279552,0.018198678
0.0027613088,0.16088867,823.03,-20.56,0.859996110200882,942,274,1.3679569,-0.0075163734,35072,323.8274564743042,280576,0.0169339
0.0034391521,0.1965332,821.48,-20.58,0.8830074742436409,948,275,1.3704256,-0.0070084585,35200,324.90726709365845,281600,0.016208142
0.0037532598,0.22729492,820.84,-20.59,0.9185939058661461,937,276,1.2978603,-0.006843663,35328,326.0000615119934,282624,0.015084628
0.0020596918,0.119628906,820.77,-20.59,0.8588299751281738,953,277,1.3315084,-0.007898656,35456,327.0750377178192,283648,0.025764497
0.0024517337,0.14282227,821.21,-20.58,0.8067692667245865,893,278,1.3400794,-0.0073017515,35584,328.2219588756561,284672,0.028039996
0.002937186,0.17675781,820.38,-20.59,0.8560883849859238,900,279,1.3353192,-0.0072843176,35712,329.36014795303345,285696,0.02430405
0.0031207178,0.18969727,820.43,-20.59,0.8791233450174332,892,280,1.3418217,-0.007235985,35840,330.50772404670715,286720,0.01414495
0.0033008677,0.20678711,820.43,-20.59,0.8874377235770226,920,281,1.3677298,-0.0069129732,35968,331.6209363937378,287744,0.01795161
0.002747074,0.16894531,820.19,-20.59,0.8303806781768799,952,282,1.3931205,-0.0063475957,36096,332.69723439216614,288768,0.014307288
0.003151957,0.20410156,821.42,-20.57,0.9192522689700127,900,283,1.314145,-0.009392751,36224,333.83561754226685,289792,0.015336669
0.0037265506,0.20727539,822.06,-20.57,0.8303335458040237,920,284,1.3992125,-0.009203599,36352,334.9484739303589,290816,0.022126522
0.0035163097,0.18139648,821.44,-20.58,0.9309243634343147,912,285,1.3591211,-0.010949945,36480,336.07134532928467,291840,0.012510088
0.0027191225,0.1694336,821.44,-20.58,0.817387655377388,889,286,1.4037724,-0.008948425,36608,337.2231197357178,292864,0.010798036
0.0026050003,0.16235352,821.36,-20.57,0.9346355125308037,897,287,1.4063702,-0.0048768735,36736,338.36448216438293,293888,0.0075252214
0.002526978,0.16137695,820.55,-20.58,0.88054159283638,894,288,1.4024991,-0.00649479,36864,339.509637594223,294912,0.015517982
0.0019568377,0.10424805,818.47,-20.6,0.8854358121752739,896,289,1.3601137,-0.007048027,36992,340.6530375480652,295936,0.021258354
0.0027755224,0.15551758,819.11,-20.59,0.9095958694815636,898,290,1.3420577,-0.00823773,37120,341.7937481403351,296960,0.014342574
0.0018663566,0.111328125,818.54,-20.6,0.8906845599412918,894,291,1.371727,-0.0070451736,37248,342.93983340263367,297984,0.020209238
0.0020409485,0.12036133,818.54,-20.6,0.7390626668930054,905,292,1.4156064,-0.007230582,37376,344.07161045074463,299008,0.029609237
0.0022568295,0.14624023,819.15,-20.59,0.9251772314310074,906,293,1.3748577,-0.0067991167,37504,345.2014904022217,300032,0.0077171577
0.03246672,0.15722656,817.81,-20.58,0.8744953870773315,888,294,1.3465843,-0.007731921,37632,346.35414600372314,301056,0.015499007
0.0024161187,0.14916992,817.3,-20.59,0.9159013777971268,914,295,1.3463985,-0.009222307,37760,347.47516107559204,302080,0.013554945
0.002410105,0.12988281,816.49,-20.6,0.8852917924523354,916,296,1.334415,-0.008197244,37888,348.5932810306549,303104,0.021320743
0.0030506256,0.18823242,816.75,-20.59,0.833978608250618,931,297,1.3111191,-0.009015195,38016,349.69377160072327,304128,0.027931409
0.0045795105,0.2553711,817.69,-20.58,0.8395882397890091,927,298,1.2849314,-0.00815501,38144,350.7985577583313,305152,0.026155267
0.0024424864,0.16430664,817.69,-20.58,0.8163805454969406,951,299,1.3518752,-0.0078888405,38272,351.87498593330383,306176,0.016960844
0.0031575328,0.19799805,817.73,-20.58,0.9207527711987495,892,300,1.338333,-0.0063786944,38400,353.0230305194855,307200,0.010438569
0.0024973096,0.13305664,818.82,-20.58,0.8808328732848167,894,301,1.2876452,-0.0061516594,38528,354.1685655117035,308224,0.020372886
0.0021577547,0.11206055,819.43,-20.57,0.9119599908590317,886,302,1.357363,-0.007782316,38656,355.32451605796814,309248,0.015766775
0.0015622936,0.087646484,820.0,-20.57,0.8182148039340973,895,303,1.3217688,-0.007672079,38784,356.4689693450928,310272,0.03338013
0.0027658194,0.16967773,820.17,-20.56,0.8416031152009964,905,304,1.3179415,-0.006776498,38912,357.60064244270325,311296,0.03396813
0.0027663745,0.14990234,820.17,-20.56,0.8475209921598434,973,305,1.3247056,-0.009706954,39040,358.65316343307495,312320,0.017173354
0.0025957057,0.16601562,820.31,-20.55,0.8897577151656151,835,306,1.3420229,-0.0061547663,39168,359.8800427913666,313344,0.012253983
0.003026443,0.19018555,820.3,-20.55,0.9242266789078712,915,307,1.3348914,-0.008681256,39296,360.99868059158325,314368,0.011765902
0.0024084747,0.1586914,820.3,-20.55,0.887090303003788,892,308,1.3772385,-0.007146576,39424,362.146714925766,315392,0.009917658
0.003053351,0.14086914,821.15,-20.52,0.9457592144608498,835,309,1.3183341,-0.006878074,39552,363.373024225235,316416,0.010596328
0.0030178148,0.15307617,819.71,-20.53,0.8494901955127716,877,310,1.35896,-0.009464996,39680,364.5413429737091,317440,0.022431925
0.003363529,0.2043457,820.22,-20.52,0.8917141482234001,899,311,1.3714222,-0.0071974397,39808,365.6800072193146,318464,0.0154792415
0.0027275507,0.15405273,818.9,-20.54,0.9091595485806465,895,312,1.3243879,-0.010145259,39936,366.82437658309937,319488,0.010380777
0.0022480607,0.125,818.44,-20.54,0.9360096305608749,914,313,1.3478689,-0.007863478,40064,367.944637298584,320512,0.00989991
0.0025353082,0.14550781,818.44,-20.54,0.8357770591974258,959,314,1.3134812,-0.008846193,40192,369.01249980926514,321536,0.01682178
0.005659685,0.16748047,819.15,-20.53,0.9448334388434887,899,315,1.258535,-0.0066690654,40320,370.15158200263977,322560,0.011641895
0.0027356462,0.17285156,819.34,-20.52,0.8393026143312454,876,316,1.3107615,-0.008074197,40448,371.3210258483887,323584,0.03037993
0.0024450042,0.14526367,819.51,-20.52,0.8403141051530838,903,317,1.328805,-0.008867936,40576,372.4550893306732,324608,0.030008553
0.0022984482,0.14648438,819.51,-20.52,0.889212854206562,901,318,1.3597823,-0.0074278763,40704,373.5917959213257,325632,0.020965513
0.002137604,0.12524414,818.94,-20.53,0.7398500442504883,898,319,1.364131,-0.0077902433,40832,374.7318081855774,326656,0.028839692
0.0032841198,0.19555664,817.99,-20.52,0.879843182861805,879,320,1.331605,-0.00899179,40960,375.89736342430115,327680,0.020653496
0.0028237118,0.15185547,817.55,-20.53,0.9185156673192978,945,321,1.3361101,-0.0031832114,41088,376.9814553260803,328704,0.014269099
0.002055672,0.122558594,818.41,-20.51,0.9264741465449333,942,322,1.311642,-0.0050398456,41216,378.0682237148285,329728,0.012666795
0.0028821928,0.17041016,819.99,-20.49,0.8900270611047745,890,323,1.2833966,-0.0059511755,41344,379.2187023162842,330752,0.015622176
0.0049214484,0.24682617,819.99,-20.49,0.9127876907587051,978,324,1.3410763,-0.0031847993,41472,380.2656741142273,331776,0.01286503
0.0026947102,0.15063477,821.57,-20.47,0.9205468520522118,906,325,1.3384718,-0.008929108,41600,381.39557003974915,332800,0.010913705
0.002823296,0.16845703,820.92,-20.48,0.8970724195241928,838,326,1.3585163,-0.008359047,41728,382.6178913116455,333824,0.014861552
0.0034277854,0.20239258,820.81,-20.48,0.9096836000680923,936,327,1.3651619,-0.010751432,41856,383.71138620376587,334848,0.01277722
0.00430578,0.15576172,820.33,-20.48,0.9592628367245197,884,328,1.2906069,-0.008424596,41984,384.8700261116028,335872,0.00964996
0.0034862184,0.21191406,819.89,-20.49,0.8290531039237976,852,329,1.3238915,-0.009049671,42112,386.0719909667969,336896,0.032133527
0.0020693643,0.115478516,819.89,-20.49,0.9030400291085243,895,330,1.3645928,-0.008033677,42240,387.21595311164856,337920,0.0137612745
0.00452331,0.16088867,819.33,-20.5,0.947567529976368,896,331,1.3791995,-0.0067091566,42368,388.35829734802246,338944,0.0065411655
0.0040935255,0.16577148,819.06,-20.5,0.9557327814400196,880,332,1.3263682,-0.008818154,42496,389.52250957489014,339968,0.0082375575
0.0033358233,0.17504883,819.17,-20.5,0.9310936331748962,912,333,1.3641464,-0.0063579725,42624,390.6450414657593,340992,0.009338049
0.0028932341,0.16918945,819.02,-20.49,0.9104159101843834,897,334,1.3102306,-0.0057458063,42752,391.78707790374756,342016,0.014689637
0.0021472385,0.12036133,820.19,-20.47,0.8993106111884117,885,335,1.2649322,-0.009000058,42880,392.9440314769745,343040,0.017506108
0.003002705,0.17407227,819.4,-20.48,0.8976295292377472,883,336,1.2978766,-0.010327359,43008,394.1043541431427,344064,0.010917868
0.0029223238,0.14331055,818.97,-20.49,0.9131441861391068,863,337,1.3248239,-0.005373135,43136,395.29035329818726,345088,0.012951073
0.0030210745,0.15527344,818.58,-20.5,0.911193810403347,908,338,1.2951851,-0.008435461,43264,396.4179654121399,346112,0.01768722
0.0027688446,0.16503906,818.58,-20.5,0.6423927843570709,939,339,1.2984699,-0.0077229263,43392,397.5087802410126,347136,0.054030783
0.003495687,0.20043945,818.82,-20.5,0.9525039494037628,873,340,1.349655,-0.008562144,43520,398.68257093429565,348160,0.0071250633
0.0026653837,0.13208008,817.98,-20.51,0.9510644860565662,882,341,1.303295,-0.0073550115,43648,399.8442120552063,349184,0.010810904
0.0022690604,0.13867188,818.61,-20.51,0.8614784777164459,899,342,1.3036011,-0.010142226,43776,400.98332381248474,350208,0.02668653
0.0027769553,0.16357422,818.61,-20.51,0.8736666589975357,839,343,1.3306246,-0.009723194,43904,402.20366191864014,351232,0.010664597
0.0022557853,0.13452148,819.59,-20.49,0.932403914630413,894,344,1.2641177,-0.009010797,44032,403.34883761405945,352256,0.01467345
0.0028944016,0.15258789,819.68,-20.49,0.8102052360773087,909,345,1.2810439,-0.010569019,44160,404.4753448963165,353280,0.024081456
0.0036666554,0.21508789,819.7,-20.49,0.8184813559055328,825,346,1.2931099,-0.011620031,44288,405.7158713340759,354304,0.025546081
0.002954238,0.16040039,819.7,-20.49,0.9005460888147354,903,347,1.3043349,-0.008959793,44416,406.8500392436981,355328,0.018414758
0.007221201,0.17651367,819.87,-20.49,0.8601398020982742,874,348,1.263912,-0.00746361,44544,408.02179503440857,356352,0.017914712
0.0033966503,0.15307617,821.28,-20.48,0.878433994948864,876,349,1.297073,-0.009155637,44672,409.19114542007446,357376,0.01565584
0.0030761051,0.18139648,820.65,-20.49,0.8963739201426506,895,350,1.2764587,-0.008975824,44800,410.3351767063141,358400,0.014234603
0.0027916234,0.16137695,821.79,-20.48,0.8806403055787086,887,351,1.275168,-0.00810072,44928,411.4893751144409,359424,0.020840487
0.0024318374,0.15405273,821.79,-20.48,0.8620016276836395,893,352,1.2871053,-0.0069510485,45056,412.63612842559814,360448,0.019121125
0.0022821254,0.12963867,822.22,-20.47,0.8901240304112434,903,353,1.299018,-0.0077192076,45184,413.7701623439789,361472,0.012032574
0.002966895,0.14868164,822.27,-20.47,0.8494240790605545,892,354,1.2744226,-0.008965531,45312,414.9184446334839,362496,0.025526183
0.003317757,0.19067383,823.76,-20.47,0.939408402889967,875,355,1.2997882,-0.0087937275,45440,416.08898997306824,363520,0.012750476
0.0037725563,0.21044922,823.72,-20.47,0.8916909620165825,892,356,1.3126369,-0.0077864556,45568,417.2373812198639,364544,0.02175149
0.0029313774,0.18066406,823.71,-20.47,0.917291559278965,908,357,1.3729337,-0.0063246465,45696,418.3653860092163,365568,0.01612325
0.002979396,0.17895508,823.99,-20.47,0.9220071732997894,952,358,1.3579807,-0.0056495126,45824,419.4409031867981,366592,0.011244129
0.0035853859,0.2199707,824.3,-20.47,0.8846074417233467,941,359,1.3348377,-0.005384751,45952,420.52913761138916,367616,0.017521592
0.0025910204,0.13623047,824.24,-20.46,0.9175388291478157,911,360,1.345255,-0.0072789174,46080,421.65350914001465,368640,0.016335769
0.002440624,0.15527344,823.87,-20.46,0.9160958006978035,898,361,1.3488935,-0.009827503,46208,422.7940557003021,369664,0.016662886
0.0027286038,0.16064453,823.9,-20.46,0.9026860520243645,897,362,1.3441955,-0.011716274,46336,423.9357171058655,370688,0.013727489
0.0022237261,0.13500977,823.31,-20.46,0.917861133813858,903,363,1.3639523,-0.008075783,46464,425.070604801178,371712,0.010697852
0.0025153237,0.16357422,823.79,-20.45,0.929063193500042,882,364,1.3339276,-0.009251526,46592,426.23125410079956,372736,0.013785191
0.0026894126,0.16894531,823.79,-20.45,0.843075767159462,902,365,1.3403256,-0.008513048,46720,427.36646604537964,373760,0.020532679
0.001704491,0.083740234,823.98,-20.45,0.8468405157327652,888,366,1.3190187,-0.007481237,46848,428.5192518234253,374784,0.02857137
0.0031556224,0.1730957,824.25,-20.45,0.8956905901432037,921,367,1.3221997,-0.009234289,46976,429.63084411621094,375808,0.021647315
0.002516007,0.1586914,823.96,-20.45,0.8911619856953621,919,368,1.3182184,-0.008692764,47104,430.7457547187805,376832,0.014098713
0.001987457,0.1081543,825.17,-20.45,0.961364395916462,938,369,1.3568395,-0.006478287,47232,431.83742475509644,377856,0.008446874
0.0026083437,0.14892578,825.17,-20.45,0.8142795264720917,911,370,1.3270364,-0.0061659943,47360,432.96109771728516,378880,0.021838946
0.0025167651,0.1340332,826.3,-20.43,0.9346470534801483,881,371,1.3061535,-0.0071720583,47488,434.122918844223,379904,0.012065807
0.0028642414,0.18530273,826.84,-20.42,0.925376407802105,892,372,1.3144306,-0.00917955,47616,435.27132654190063,380928,0.008654104
0.0035862778,0.19702148,827.45,-20.41,0.9364685267210007,900,373,1.3128873,-0.007993378,47744,436.4094066619873,381952,0.013141164
0.021635192,0.14257812,826.35,-20.43,0.8201511800289154,880,374,1.2627821,-0.008112728,47872,437.5734746456146,382976,0.026755806
0.0041648536,0.17919922,826.35,-20.43,0.9301275536417961,910,375,1.3535637,-0.006993968,48000,438.6993670463562,384000,0.010511041
0.004377743,0.21191406,827.47,-20.42,0.9055445343255997,895,376,1.3496153,-0.0059833094,48128,439.84382462501526,385024,0.013881342
0.0026202728,0.12963867,826.88,-20.43,0.9584232904016972,888,377,1.3034147,-0.006415561,48256,440.99658703804016,386048,0.010630051
0.0027353405,0.15600586,826.88,-20.43,0.8889234885573387,890,378,1.343253,-0.009668185,48384,442.14663910865784,387072,0.008226757
0.00352012,0.22192383,826.53,-20.43,0.956414557993412,893,379,1.3499519,-0.005679212,48512,443.2932119369507,388096,0.008252017
0.0032241368,0.16894531,825.55,-20.43,0.9001454189419746,887,380,1.2618647,-0.010596004,48640,444.44828748703003,389120,0.020147743
0.002939562,0.17138672,825.55,-20.43,0.9006853476166725,845,381,1.3137625,-0.004812954,48768,445.65982151031494,390144,0.017617602
0.015904002,0.17089844,824.94,-20.44,0.9451849274337292,915,382,1.3293622,-0.009815974,48896,446.77883768081665,391168,0.00877245
0.0049745687,0.25146484,823.76,-20.45,0.956167247146368,878,383,1.3216355,-0.008351727,49024,447.9454061985016,392192,0.009713109
0.0021795076,0.111572266,823.76,-20.45,0.8666321486234665,893,384,1.3223513,-0.008445765,49152,449.0915355682373,393216,0.0093555795
0.0029865433,0.16088867,824.36,-20.44,0.928483359515667,886,385,1.3069961,-0.0073958836,49280,450.24706506729126,394240,0.009222101
0.0025288658,0.1628418,824.32,-20.44,0.937088206410408,879,386,1.2379375,-0.008551559,49408,451.41186809539795,395264,0.011426378
0.003779497,0.19433594,824.32,-20.44,0.8016975224018097,898,387,1.2153499,-0.005824752,49536,452.5521328449249,396288,0.03355815
0.002939588,0.16821289,822.49,-20.47,0.7963536530733109,895,388,1.2671771,-0.0076237367,49664,453.6960005760193,397312,0.03647442
0.0037956072,0.18554688,821.91,-20.48,0.8767731785774231,907,389,1.2528961,-0.008765472,49792,454.82506704330444,398336,0.019233555
0.0028252767,0.16357422,821.91,-20.48,0.8462222814559937,919,390,1.274222,-0.0076662065,49920,455.93978548049927,399360,0.009967486
0.003109574,0.16601562,823.66,-20.48,0.9603103473782539,886,391,1.2926046,-0.0064944956,50048,457.09516286849976,400384,0.007330714
0.0036788485,0.21313477,823.6,-20.48,0.9143350496888161,899,392,1.2405155,-0.00828198,50176,458.234384059906,401408,0.018099843
0.0028399278,0.16748047,824.97,-20.46,0.9058810994029045,895,393,1.2109326,-0.008521939,50304,459.3783552646637,402432,0.012549029
0.0026923192,0.14575195,825.43,-20.45,0.9169208034873009,921,394,1.2257713,-0.006424601,50432,460.4898374080658,403456,0.011796541
0.0025174958,0.14697266,825.68,-20.45,0.8538336455821991,890,395,1.151964,-0.00853546,50560,461.6405110359192,404480,0.026623493
0.003207619,0.19970703,825.68,-20.45,0.8154327869415283,915,396,1.2406282,-0.005963374,50688,462.75958728790283,405504,0.024085118
0.003321242,0.20898438,825.07,-20.46,0.9085784181952477,940,397,1.2697977,-0.0071410537,50816,463.8494403362274,406528,0.014146957
0.0031733045,0.19482422,825.14,-20.46,0.94656091183424,951,398,1.250958,-0.0084464,50944,464.9267244338989,407552,0.009873675
0.002138364,0.1303711,824.89,-20.46,0.8805574178695679,902,399,1.2579254,-0.0068073664,51072,466.0616891384125,408576,0.016113194
0.0040805563,0.18896484,827.15,-20.45,0.9426550939679146,914,400,1.2274438,-0.008339549,51200,467.1817934513092,409600,0.010673358
0.003524252,0.19726562,827.03,-20.45,0.9084704890847206,827,401,1.2163793,-0.008162815,51328,468.42047333717346,410624,0.01681987
0.0031374563,0.18017578,827.63,-20.45,0.930630125105381,897,402,1.3050429,-0.009202529,51456,469.5619673728943,411648,0.008735699
0.003488195,0.21508789,827.05,-20.46,0.9342909753322601,844,403,1.2728794,-0.0073531447,51584,470.7755048274994,412672,0.0079187555
0.0025548872,0.12573242,827.05,-20.46,0.828383594751358,903,404,1.3206922,-0.0069607412,51712,471.9090840816498,413696,0.019265369
0.0027921377,0.1484375,825.48,-20.48,0.9445335380733013,882,405,1.2650385,-0.0063429256,51840,473.0703868865967,414720,0.008441313
0.0025498397,0.15576172,824.67,-20.49,0.92757648229599,902,406,1.250076,-0.005928361,51968,474.2061228752136,415744,0.0122935595
0.0022133396,0.13061523,825.41,-20.48,0.8810616061091423,876,407,1.1970651,-0.008678293,52096,475.375693321228,416768,0.022627123
0.0032310344,0.19189453,825.41,-20.48,0.7961331158876419,905,408,1.2907637,-0.008410963,52224,476.5071747303009,417792,0.025572388
0.0022357965,0.12597656,826.56,-20.47,0.9458707198500633,849,409,1.2879468,-0.0057949508,52352,477.7132475376129,418816,0.009273156
0.0025640782,0.16699219,826.56,-20.47,0.8882501572370529,860,410,1.3105847,-0.009075103,52480,478.904096364975,419840,0.015300888
0.0033141754,0.16894531,826.41,-20.47,0.9322905391454697,877,411,1.3042357,-0.009262622,52608,480.0712411403656,420864,0.008348901
0.0027340464,0.14550781,827.28,-20.46,0.941726878285408,895,412,1.3091491,-0.008179429,52736,481.2157919406891,421888,0.0078081954
0.0023148176,0.1430664,828.29,-20.44,0.9585399143397808,856,413,1.3284099,-0.008276269,52864,482.41253662109375,422912,0.008439047
0.003456621,0.17382812,828.86,-20.45,0.8065142929553986,912,414,1.276737,-0.008027754,52992,483.5348300933838,423936,0.01962608
0.0031653952,0.18066406,828.33,-20.46,0.9355136528611183,902,415,1.3490113,-0.00839397,53120,484.669935464859,424960,0.008210667
0.003642201,0.22827148,828.52,-20.46,0.9419263377785683,941,416,1.3311406,-0.007775483,53248,485.7582893371582,425984,0.007375487
0.0039440054,0.23217773,828.6,-20.46,0.8815237581729889,891,417,1.3299804,-0.006994649,53376,486.90767765045166,427008,0.015303188
0.0032133122,0.17675781,828.48,-20.46,0.9523128494620323,910,418,1.3469627,-0.008886722,53504,488.0328550338745,428032,0.008548396
0.002743864,0.15527344,828.44,-20.46,0.9272477030754089,902,419,1.2919754,-0.008300179,53632,489.16834688186646,429056,0.013996129
0.003604613,0.20043945,827.54,-20.47,0.8832011520862579,893,420,1.2783608,-0.0042472742,53760,490.31536746025085,430080,0.01730244
0.0023987596,0.12182617,827.59,-20.47,0.8594487309455872,891,421,1.2880741,-0.0051696114,53888,491.4653375148773,431104,0.021604853
0.0026815918,0.16674805,827.59,-20.47,0.9214753061532974,930,422,1.3660675,-0.0069906423,54016,492.5663015842438,432128,0.012935349
0.0027831132,0.18603516,826.32,-20.47,0.8389296233654022,915,423,1.2872014,-0.007757706,54144,493.6853041648865,433152,0.0239079
0.0029633385,0.1862793,826.9,-20.46,0.9051339849829674,921,424,1.3558946,-0.008484257,54272,494.79744577407837,434176,0.014745786
0.0030249348,0.18408203,825.82,-20.48,0.9415639378130436,948,425,1.3928186,-0.008383382,54400,495.87758564949036,435200,0.007969055
0.002686136,0.1706543,826.78,-20.47,0.9538466408848763,949,426,1.3290234,-0.009273815,54528,496.9570577144623,436224,0.009280682
0.002948738,0.1586914,826.78,-20.47,0.8031128197908401,939,427,1.2565668,-0.0052842638,54656,498.04831099510193,437248,0.024448108
0.0020881563,0.12548828,826.78,-20.47,0.8321267515420914,897,428,1.3212929,-0.008236008,54784,499.1894919872284,438272,0.022743437
0.0026581245,0.14868164,826.54,-20.47,0.9342305883765221,882,429,1.282355,-0.010127502,54912,500.3511655330658,439296,0.012925672
0.0031996844,0.19848633,826.54,-20.47,0.907397948205471,914,430,1.3411413,-0.0097321905,55040,501.4716613292694,440320,0.01316291
0.004047308,0.19799805,826.68,-20.47,0.9321627616882324,885,431,1.27963,-0.0075862636,55168,502.62821769714355,441344,0.009328914
0.0023815746,0.15576172,825.59,-20.48,0.9175790324807167,891,432,1.3051772,-0.008546848,55296,503.77738213539124,442368,0.01196718
0.0030623006,0.16870117,827.15,-20.48,0.9306509271264076,899,433,1.2579806,-0.008961743,55424,504.91638374328613,443392,0.01077748
0.0022989134,0.14111328,827.15,-20.48,0.8751537650823593,940,434,1.3023896,-0.009570643,55552,506.00531935691833,444416,0.010763689
0.0027746467,0.15136719,824.92,-20.48,0.9519970118999481,906,435,1.296752,-0.008586649,55680,507.13577032089233,445440,0.007885147
0.003044722,0.18432617,824.92,-20.48,0.8726938664913177,903,436,1.3042482,-0.00838501,55808,508.2694365978241,446464,0.009917379
0.0033853995,0.19604492,827.12,-20.48,0.9360178858041763,879,437,1.2301912,-0.009619914,55936,509.4342806339264,447488,0.009673073
0.0030127345,0.16381836,827.94,-20.48,0.8560152500867844,940,438,1.2573692,-0.008786988,56064,510.52402448654175,448512,0.01962482
0.0039812406,0.21826172,825.88,-20.51,0.9172208681702614,895,439,1.2422152,-0.009566394,56192,511.66788268089294,449536,0.016698936
0.002281187,0.12817383,825.88,-20.51,0.7763336300849915,947,440,1.283658,-0.007683699,56320,512.749433517456,450560,0.035079733
0.0026049921,0.16772461,825.88,-20.51,0.8396336138248444,904,441,1.3500843,-0.00925352,56448,513.8818414211273,451584,0.0189986
0.0023345358,0.13500977,827.06,-20.51,0.946239423006773,898,442,1.3574809,-0.008094285,56576,515.0222706794739,452608,0.006542114
0.0028995953,0.140625,826.66,-20.52,0.9240854978561401,885,443,1.3191099,-0.010223463,56704,516.1793811321259,453632,0.014693439
0.0018322234,0.10424805,829.18,-20.52,0.9280157387256622,897,444,1.2488638,-0.0067379205,56832,517.3207445144653,454656,0.018123915
0.003110851,0.18334961,829.54,-20.51,0.9199789389967918,885,445,1.3151628,-0.00844642,56960,518.4780859947205,455680,0.012055954
0.0027527432,0.17163086,830.25,-20.5,0.9281555563211441,893,446,1.2541529,-0.008595955,57088,519.6242363452911,456704,0.0145940725
0.0028395287,0.15332031,830.25,-20.5,0.6894314289093018,890,447,1.3177599,-0.0065803947,57216,520.775173664093,457728,0.04023757
0.0034196845,0.16992188,829.96,-20.5,0.921870231628418,884,448,1.3239213,-0.0104107205,57344,521.9332556724548,458752,0.010647487
0.002605708,0.14453125,829.96,-20.5,0.8770540952682495,836,449,1.2954454,-0.0082374755,57472,523.157763004303,459776,0.011929327
0.0030120676,0.12939453,830.89,-20.48,0.9516287036240101,874,450,1.2942559,-0.007563533,57600,524.3285579681396,460800,0.0101376055
0.0031044877,0.17285156,830.89,-20.48,0.8686511218547821,835,451,1.263128,-0.010282285,57728,525.554098367691,461824,0.017538762
0.002349843,0.14746094,829.09,-20.51,0.9572922252118587,879,452,1.2606152,-0.008883003,57856,526.7192778587341,462848,0.010761167
0.003028286,0.1640625,830.14,-20.5,0.8897153213620186,837,453,1.2613015,-0.007581795,57984,527.941746711731,463872,0.026541702
0.002416015,0.15356445,830.14,-20.5,0.8665774762630463,840,454,1.347482,-0.008762919,58112,529.1603422164917,464896,0.009892524
0.0025959553,0.1628418,830.75,-20.49,0.954317007213831,911,455,1.3771986,-0.009783064,58240,530.2844867706299,465920,0.0057033994
0.0031691554,0.19604492,830.67,-20.49,0.93873256072402,857,456,1.3352947,-0.009461277,58368,531.4789822101593,466944,0.0128083695
0.0024099853,0.14648438,830.29,-20.49,0.9123178720474243,849,457,1.3170233,-0.008511258,58496,532.6853334903717,467968,0.015246955
0.0031651913,0.1862793,830.87,-20.48,0.9443997964262962,852,458,1.3537163,-0.009465155,58624,533.8863797187805,468992,0.008994
0.003967225,0.22021484,830.98,-20.48,0.9202202782034874,869,459,1.2715964,-0.006042322,58752,535.0648400783539,470016,0.016860072
0.0026089705,0.15478516,830.98,-20.48,0.7989228814840317,845,460,1.3761812,-0.0076430296,58880,536.2760407924652,471040,0.016105471
0.0035458824,0.2019043,831.44,-20.47,0.8927516266703606,884,461,1.3605068,-0.007951827,59008,537.434205532074,472064,0.014807532
0.002494788,0.15185547,830.82,-20.48,0.9391830042004585,903,462,1.3650411,-0.0074602063,59136,538.5681130886078,473088,0.008831219
0.0028857896,0.15234375,830.73,-20.48,0.9207002222537994,869,463,1.3054326,-0.008529106,59264,539.7466261386871,474112,0.014030768
0.0030513108,0.18676758,830.73,-20.48,0.9026268124580383,896,464,1.3527523,-0.006058946,59392,540.8889818191528,475136,0.014581437
0.0027765026,0.14672852,830.79,-20.48,0.9429779127240181,887,465,1.2691511,-0.009449994,59520,542.0429382324219,476160,0.010946788
0.0041270927,0.22729492,831.83,-20.47,0.9207310304045677,892,466,1.3559183,-0.007911298,59648,543.1906695365906,477184,0.01265053
0.0029649714,0.17163086,831.24,-20.48,0.9070751965045929,915,467,1.3282739,-0.0060402174,59776,544.3093616962433,478208,0.015954776
0.0029856144,0.1899414,830.99,-20.48,0.9236344993114471,924,468,1.3599342,-0.0069191856,59904,545.4180982112885,479232,0.013409412
0.002898002,0.16870117,831.48,-20.47,0.9221968054771423,890,469,1.3852525,-0.010521714,60032,546.5680861473083,480256,0.012324737
0.0024439942,0.15332031,832.35,-20.46,0.9484298378229141,888,470,1.3362582,-0.009175541,60160,547.7218103408813,481280,0.008874194
0.0035435238,0.20043945,830.6,-20.46,0.9499298222362995,881,471,1.332591,-0.008654411,60288,548.8848958015442,482304,0.010555366
0.0026203655,0.16699219,830.6,-20.46,0.8254501223564148,910,472,1.3482031,-0.0071594715,60416,550.0098898410797,483328,0.023676842
0.0028324178,0.16235352,830.61,-20.46,0.8647690862417221,907,473,1.3577194,-0.009169508,60544,551.1387271881104,484352,0.013847866
0.002414118,0.14477539,829.81,-20.47,0.9465912878513336,887,474,1.3762919,-0.008804928,60672,552.293655872345,485376,0.0092223305
0.0033813193,0.18823242,829.52,-20.48,0.870815634727478,894,475,1.3650218,-0.009926596,60800,553.4394736289978,486400,0.01785126
0.0029688375,0.17944336,829.26,-20.49,0.9061466082930565,898,476,1.3810056,-0.008867061,60928,554.5799908638,487424,0.0130794775
0.0032272767,0.18603516,829.35,-20.49,0.9274885952472687,883,477,1.4100004,-0.007886816,61056,555.7394211292267,488448,0.013795771
0.015519755,0.14013672,830.35,-20.48,0.8105195015668869,908,478,1.3512074,-0.010146746,61184,556.8671255111694,489472,0.024512488
0.002383734,0.13330078,832.47,-20.49,0.9359870404005051,883,479,1.395193,-0.008222306,61312,558.026269197464,490496,0.013482898
0.0025307229,0.13696289,830.95,-20.5,0.9145353734493256,893,480,1.4047029,-0.011205097,61440,559.1733186244965,491520,0.01643247
0.0027808722,0.1730957,830.43,-20.51,0.8772463351488113,883,481,1.3820198,-0.0072168587,61568,560.3331184387207,492544,0.018707043
0.0029825175,0.18041992,830.43,-20.51,0.8153662234544754,909,482,1.4010861,-0.009273492,61696,561.4603486061096,493568,0.017729616
0.004289064,0.15258789,832.11,-20.5,0.9718158058822155,874,483,1.3601005,-0.009325993,61824,562.6315360069275,494592,0.008013357
0.002623124,0.16992188,830.89,-20.51,0.8721631467342377,895,484,1.336304,-0.0077758133,61952,563.7758753299713,495616,0.026954493
0.0022199834,0.12207031,830.82,-20.51,0.9428860805928707,905,485,1.4360907,-0.0095317345,62080,564.907897233963,496640,0.010193226
0.0025882781,0.15454102,830.69,-20.51,0.9312659800052643,909,486,1.3836999,-0.008328163,62208,566.034909248352,497664,0.011888795
0.0031338523,0.19677734,831.18,-20.5,0.9467408582568169,897,487,1.4241813,-0.009790096,62336,567.1766378879547,498688,0.011483577
0.0027176985,0.16186523,831.74,-20.5,0.9095660820603371,945,488,1.4064215,-0.008384862,62464,568.2605648040771,499712,0.0118465815
0.002384257,0.14355469,832.23,-20.49,0.9210623204708099,908,489,1.371268,-0.0073900484,62592,569.388347864151,500736,0.017229285
0.0025414627,0.14331055,832.28,-20.48,0.9299033060669899,900,490,1.3279066,-0.0068602012,62720,570.525684595108,501760,0.017764531
0.002627572,0.15429688,832.13,-20.48,0.777905210852623,908,491,1.3779529,-0.009090968,62848,571.6532452106476,502784,0.03944664
0.0024422833,0.14404297,832.13,-20.48,0.8842002525925636,902,492,1.4115322,-0.007990025,62976,572.7886145114899,503808,0.0105902115
0.002350785,0.13916016,832.81,-20.47,0.9668003916740417,928,493,1.3862156,-0.009380521,63104,573.8923325538635,504832,0.0065489067
0.0022345097,0.12890625,833.03,-20.47,0.9244895502924919,917,494,1.3386408,-0.0070756194,63232,575.0091223716736,505856,0.012911715
0.002705544,0.17626953,833.05,-20.47,0.921479694545269,911,495,1.3446517,-0.009895864,63360,576.1334321498871,506880,0.012085918
0.0022557473,0.14013672,831.7,-20.47,0.8556989431381226,881,496,1.2750106,-0.00875134,63488,577.295939207077,507904,0.026819218
0.0023971798,0.1472168,831.62,-20.47,0.8977271392941475,890,497,1.2512145,-0.007200995,63616,578.4469747543335,508928,0.020608732
0.0025248465,0.15576172,831.62,-20.47,0.9210624918341637,907,498,1.3816565,-0.0079845665,63744,579.5765290260315,509952,0.009793712
0.0024130803,0.12939453,831.62,-20.47,0.8856000825762749,905,499,1.3489314,-0.009119827,63872,580.7082343101501,510976,0.01935257
0.0028965482,0.16210938,832.55,-20.46,0.8983587399125099,885,500,1.2820754,-0.009011919,64000,581.8653063774109,512000,0.018944494
0.0027452153,0.17016602,832.55,-20.46,0.9457628019154072,895,501,1.3741996,-0.008963444,64128,583.0096445083618,513024,0.008902051
0.0032946547,0.16796875,834.19,-20.44,0.9283684641122818,898,502,1.3207926,-0.008710338,64256,584.1495831012726,514048,0.017565709
0.0019827667,0.11645508,834.19,-20.44,0.9085706174373627,888,503,1.2548672,-0.008225653,64384,585.3034381866455,515072,0.020920044
0.002370058,0.13232422,834.19,-20.44,0.7559117823839188,942,504,1.3480124,-0.013134624,64512,586.3909261226654,516096,0.020725172
0.0025561731,0.14477539,836.16,-20.42,0.9566879794001579,912,505,1.3878069,-0.009994757,64640,587.5133233070374,517120,0.0070107393
0.0030729438,0.18798828,835.53,-20.42,0.9413716234266758,910,506,1.3299162,-0.009621144,64768,588.638513803482,518144,0.012466087
0.0025772336,0.15527344,834.91,-20.43,0.9286151826381683,892,507,1.3138285,-0.009569719,64896,589.7869830131531,519168,0.012638172
0.0032770517,0.18115234,834.92,-20.42,0.8929532766342163,900,508,1.2816154,-0.010909113,65024,590.924898147583,520192,0.020421604
0.0028403527,0.15356445,834.39,-20.43,0.8610597103834152,879,509,1.250132,-0.0074409507,65152,592.0901784896851,521216,0.028384583
0.0022094517,0.12792969,835.99,-20.42,0.8026208877563477,901,510,1.1992579,-0.00795094,65280,593.2264745235443,522240,0.028004417
0.0023242913,0.11010742,835.44,-20.43,0.9245564267039299,888,511,1.3862097,-0.0068872557,65408,594.3800420761108,523264,0.011506693
0.0032250804,0.19067383,835.44,-20.43,0.8804054409265518,908,512,1.3833066,-0.007726127,65536,595.5087950229645,524288,0.012976144
0.0026763305,0.1538086,836.94,-20.41,0.9674919284880161,893,513,1.4298145,-0.009588259,65664,596.6552770137787,525312,0.0061684
0.0024194403,0.13647461,838.64,-20.4,0.9413957186043262,824,514,1.3364346,-0.009112565,65792,597.8976240158081,526336,0.013963144
0.0026118453,0.1496582,837.24,-20.41,0.9210277795791626,892,515,1.2783779,-0.008343979,65920,599.045303106308,527360,0.014865483
0.0027841057,0.15209961,837.16,-20.41,0.9468631707131863,915,516,1.3554516,-0.0102324225,66048,600.1644413471222,528384,0.008525343
0.003035652,0.16625977,837.16,-20.41,0.9189827218651772,856,517,1.3995163,-0.009512873,66176,601.3602633476257,529408,0.011097058
0.0027792975,0.15722656,837.44,-20.4,0.9252135008573532,928,518,1.3951769,-0.010066396,66304,602.4637279510498,530432,0.006177294
0.0032389378,0.18725586,837.44,-20.4,0.8806189894676208,890,519,1.4088703,-0.006039817,66432,603.6141591072083,531456,0.015494231
0.00327138,0.17407227,835.54,-20.39,0.9674581103026867,878,520,1.3027176,-0.009886514,66560,604.7804915904999,532480,0.00812807
0.003271766,0.16186523,835.25,-20.39,0.9293069317936897,896,521,1.316235,-0.008986572,66688,605.9238564968109,533504,0.0140416995
0.0030402017,0.17626953,834.47,-20.38,0.9547304958105087,893,522,1.371675,-0.008960002,66816,607.0707490444183,534528,0.00873345
0.002402862,0.15234375,834.47,-20.38,0.9049541503190994,899,523,1.430569,-0.0056413896,66944,608.209392786026,535552,0.0069172895
0.0028877237,0.18310547,834.47,-20.38,0.9662926197052002,907,524,1.4783224,-0.006835654,67072,609.3389616012573,536576,0.005190362
0.004846878,0.17822266,835.11,-20.38,0.925336942076683,936,525,1.4293618,-0.0097794,67200,610.4326586723328,537600,0.00914475
0.009947464,0.203125,830.15,-20.41,0.8978367373347282,893,526,1.3444662,-0.007062519,67328,611.5794522762299,538624,0.020090438
0.0040499466,0.15185547,829.31,-20.42,0.9436728730797768,883,527,1.2870923,-0.008319402,67456,612.7391765117645,539648,0.011527274
0.002846224,0.13720703,828.74,-20.43,0.8793209195137024,903,528,1.2295122,-0.0053099664,67584,613.8733427524567,540672,0.026045095
0.0025923955,0.15136719,828.15,-20.44,0.8552786558866501,897,529,1.3404495,-0.0066808723,67712,615.0147559642792,541696,0.02019738
0.0034273758,0.16040039,828.15,-20.44,0.870230033993721,909,530,1.4076171,-0.004977241,67840,616.141129732132,542720,0.009055465
0.0025838404,0.16308594,828.38,-20.44,0.9651731327176094,892,531,1.414531,-0.00906438,67968,617.2892746925354,543744,0.0064860685
0.002652227,0.15014648,826.97,-20.45,0.938909612596035,899,532,1.2910947,-0.005871507,68096,618.4288580417633,544768,0.013787959
0.0025187496,0.13549805,827.84,-20.44,0.9606507122516632,888,533,1.3570113,-0.008109067,68224,619.5825543403625,545792,0.008999068
0.0031986986,0.1484375,827.41,-20.45,0.9189508184790611,891,534,1.2487342,-0.006136673,68352,620.7320346832275,546816,0.023528373
0.0024034125,0.14355469,827.95,-20.44,0.9191481471061707,884,535,1.2905306,-0.008936604,68480,621.8898642063141,547840,0.016600247
0.0041833236,0.19311523,827.95,-20.44,0.8123577982187271,899,536,1.3735938,-0.010255256,68608,623.0286657810211,548864,0.01023113
0.004577979,0.2434082,827.95,-20.44,0.914334662258625,895,537,1.4230258,-0.007548052,68736,624.1730468273163,549888,0.009765117
0.011481491,0.15039062,827.05,-20.45,0.9672412388026714,875,538,1.3028643,-0.007842641,68864,625.3435134887695,550912,0.0068447366
0.003226615,0.19140625,826.42,-20.46,0.9173038378357887,891,539,1.304662,-0.008799334,68992,626.4928476810455,551936,0.0148946885
0.0031923098,0.16333008,826.43,-20.46,0.8195726871490479,906,540,1.3046541,-0.010522497,69120,627.6236822605133,552960,0.028016897
0.0022068687,0.12207031,827.59,-20.45,0.9214699417352676,887,541,1.1624976,-0.007086941,69248,628.778267621994,553984,0.015434236
0.0026561362,0.14404297,827.59,-20.45,0.873065173625946,913,542,1.3090404,-0.0077896616,69376,629.8995845317841,555008,0.014650295
0.0029664896,0.18798828,827.59,-20.45,0.9397495202720165,909,543,1.3939457,-0.010321491,69504,631.0267384052277,556032,0.004436341
0.00536146,0.16772461,827.79,-20.45,0.9624426960945129,926,544,1.3486063,-0.009730875,69632,632.1332240104675,557056,0.0065256245
0.0028458314,0.18359375,827.79,-20.45,0.9102577567100525,935,545,1.3187467,-0.009119336,69760,633.2289876937866,558080,0.015330908
0.003336376,0.12915039,829.2,-20.44,0.9517528936266899,847,546,1.2497572,-0.008888937,69888,634.4376451969147,559104,0.009303206
0.0027165767,0.14038086,828.41,-20.45,0.9411737248301506,883,547,1.1014782,-0.006520754,70016,635.5967864990234,560128,0.01432017
0.0029460483,0.16064453,829.03,-20.44,0.8072808980941772,903,548,1.0191064,-0.006249831,70144,636.7305960655212,561152,0.025271373
0.0036158704,0.20874023,829.03,-20.44,0.805437907576561,847,549,1.1077825,-0.0054126494,70272,637.9397735595703,562176,0.018378366
0.003305189,0.14331055,828.12,-20.45,0.825529009103775,913,550,1.1717205,-0.008063171,70400,639.0606491565704,563200,0.030135099
0.0025054503,0.15185547,828.12,-20.45,0.8390020132064819,900,551,1.1958832,-0.006967485,70528,640.1979727745056,564224,0.015514944
0.004133951,0.15991211,828.73,-20.44,0.9017568901181221,963,552,1.2334821,-0.007877512,70656,641.2614135742188,565248,0.014026582
0.0022625749,0.10498047,829.22,-20.44,0.9091083779931068,948,553,1.2192876,-0.006268828,70784,642.3420579433441,566272,0.017241362
0.002894155,0.1496582,831.83,-20.45,0.8221226334571838,895,554,1.0906674,-0.008832494,70912,643.4861040115356,567296,0.034392737
0.0028762661,0.13598633,834.99,-20.44,0.9189080446958542,886,555,1.1003134,-0.007960978,71040,644.6417045593262,568320,0.017463164
0.0026603537,0.1472168,834.99,-20.44,0.8754780516028404,906,556,1.1962675,-0.0066091213,71168,645.7719397544861,569344,0.016036356
0.0030208097,0.18261719,835.58,-20.43,0.9350432977080345,922,557,1.337208,-0.007804379,71296,646.8828091621399,570368,0.012064653
0.0025257953,0.15966797,837.51,-20.41,0.9546952694654465,914,558,1.2987138,-0.0074872947,71424,648.0032415390015,571392,0.008907452
0.0032990524,0.18359375,837.96,-20.4,0.9437474124133587,895,559,1.191525,-0.008874883,71552,649.1471748352051,572416,0.013479643
0.0033965595,0.19482422,837.61,-20.4,0.7860970199108124,885,560,1.1838913,-0.006309206,71680,650.3046164512634,573440,0.040263355
0.0027064278,0.13378906,837.34,-20.38,0.8573255389928818,896,561,1.1461558,-0.0066440147,71808,651.4476733207703,574464,0.021116953
0.0027268787,0.14770508,837.51,-20.37,0.8400416821241379,899,562,1.0870453,-0.0076396912,71936,652.5865423679352,575488,0.031299595
0.003300111,0.1706543,837.51,-20.37,0.5996968746185303,896,563,1.2074572,-0.00942089,72064,653.7300305366516,576512,0.056690276
0.0035908157,0.18701172,837.51,-20.37,0.8064432293176651,860,564,1.2137655,-0.008772932,72192,654.9199120998383,577536,0.018982394
0.0046292488,0.22338867,837.63,-20.37,0.9420491419732571,904,565,1.2892218,-0.0126477145,72320,656.0526111125946,578560,0.011342876
0.0034735682,0.17675781,837.63,-20.37,0.8737210333347321,842,566,1.3183279,-0.008879764,72448,657.2690494060516,579584,0.010285053
0.00336314,0.19018555,842.4,-20.34,0.9512829035520554,923,567,1.2471176,-0.009014836,72576,658.3781590461731,580608,0.007957411
0.0036217808,0.14819336,844.61,-20.31,0.9127404168248177,889,568,1.1403645,-0.0099291485,72704,659.5295963287354,581632,0.018494815
0.0030842638,0.17504883,844.61,-20.31,0.8927752673625946,894,569,1.1586759,-0.008060589,72832,660.6747510433197,582656,0.018805996
0.0032168685,0.1850586,844.61,-20.31,0.7929915487766266,904,570,1.2751791,-0.008831143,72960,661.8075306415558,583680,0.01803987
0.003408698,0.17211914,844.01,-20.32,0.7447325587272644,841,571,1.1978588,-0.009502248,73088,663.0242035388947,584704,0.05265904
0.0023506964,0.12695312,844.01,-20.32,0.867107480764389,919,572,1.2718396,-0.008494776,73216,664.1378965377808,585728,0.018511672
0.0033746355,0.1875,843.47,-20.33,0.932850107550621,883,573,1.3390161,-0.011005588,73344,665.2970232963562,586752,0.012418977
0.003731665,0.18798828,843.43,-20.33,0.9001632034778595,884,574,1.2992978,-0.010685481,73472,666.4557230472565,587776,0.016401555
0.0036107367,0.17895508,843.04,-20.34,0.8794411048293114,856,575,1.2581633,-0.00925377,73600,667.6515460014343,588800,0.02111691
0.0031556909,0.15454102,845.61,-20.32,0.836335688829422,905,576,1.1995435,-0.0074622836,73728,668.783376455307,589824,0.0337307
0.002504881,0.11401367,845.08,-20.33,0.8742036521434784,898,577,1.1594026,-0.0086184135,73856,669.9237875938416,590848,0.024130778
0.0039237333,0.17797852,846.44,-20.32,0.9012702330946922,879,578,1.2675381,-0.0077447444,73984,671.0887787342072,591872,0.014688817
0.00301923,0.1418457,846.42,-20.32,0.911965861916542,875,579,1.240036,-0.010367792,74112,672.2589206695557,592896,0.014666446
0.002495084,0.15136719,846.41,-20.32,0.8590047806501389,894,580,1.198753,-0.009055065,74240,673.4050390720367,593920,0.018925097
0.0032944237,0.18579102,846.41,-20.32,0.8685496896505356,897,581,1.2633011,-0.009692683,74368,674.5462520122528,594944,0.018929051
0.0073718503,0.17529297,849.46,-20.28,0.9011139795184135,877,582,1.2290958,-0.008539468,74496,675.7144801616669,595968,0.019603038
0.002475319,0.13964844,849.46,-20.28,0.7586675733327866,965,583,1.1963565,-0.010305768,74624,676.7759075164795,596992,0.025941605
0.004150349,0.17822266,848.77,-20.29,0.8811415359377861,900,584,1.268479,-0.009809553,74752,677.9140472412109,598016,0.016822675
0.0032659818,0.1706543,848.73,-20.29,0.780949056148529,892,585,1.2778379,-0.01228473,74880,679.0617628097534,599040,0.022906395
0.0034514675,0.17919922,850.22,-20.3,0.7896638661623001,886,586,1.1965244,-0.012966326,75008,680.21728515625,600064,0.034391567
0.0025699618,0.1328125,850.22,-20.3,0.7191576957702637,897,587,1.1697594,-0.011970113,75136,681.3585286140442,601088,0.028095257
0.013742287,0.14428711,849.11,-20.31,0.9028043448925018,896,588,1.1696477,-0.00950072,75264,682.5013415813446,602112,0.01747448
0.0040001925,0.15209961,848.81,-20.32,0.779862716794014,895,589,1.1562864,-0.013924071,75392,683.6455833911896,603136,0.021608729
0.0023724185,0.13671875,848.81,-20.32,0.5632424354553223,925,590,1.1943476,-0.010624584,75520,684.7528445720673,604160,0.023435716
0.004133431,0.17114258,848.84,-20.32,0.7856119573116302,878,591,1.1555539,-0.010767221,75648,685.9194407463074,605184,0.037040543
0.002709015,0.14404297,852.62,-20.32,0.9036887213587761,893,592,1.1600139,-0.0094813015,75776,687.0666489601135,606208,0.017498467
0.0026063663,0.14941406,853.14,-20.33,0.9140124246478081,882,593,1.1967572,-0.0075759534,75904,688.2281098365784,607232,0.016005475
0.0046956604,0.19238281,854.5,-20.33,0.8861336931586266,885,594,1.1377712,-0.010348882,76032,689.3848338127136,608256,0.019471936
0.0031939978,0.17382812,854.5,-20.33,0.4697384834289551,948,595,1.2157583,-0.009728374,76160,690.4650094509125,609280,0.041915882
0.0036051457,0.18286133,854.5,-20.33,0.5418467819690704,912,596,1.2212915,-0.012072988,76288,691.5875060558319,610304,0.04256058
0.0020726798,0.11206055,854.5,-20.33,0.7280435562133789,909,597,1.2191064,-0.009316393,76416,692.7136404514313,611328,0.031649552
0.0039525926,0.20117188,858.67,-20.32,0.8909119367599487,905,598,1.27273,-0.010166098,76544,693.8457279205322,612352,0.0159944
0.0025224814,0.115234375,857.54,-20.32,0.7248038351535797,880,599,1.1674538,-0.010016362,76672,695.0088729858398,613376,0.047807924
0.0023255576,0.1171875,860.12,-20.3,0.549711138010025,899,600,1.1634717,-0.011689359,76800,696.1476335525513,614400,0.05350392
0.0026333774,0.13842773,861.77,-20.29,0.8011481016874313,889,601,1.1892439,-0.010562055,76928,697.298910856247,615424,0.033617415
0.0032472522,0.17773438,862.94,-20.29,0.8165235817432404,900,602,1.2217426,-0.01220981,77056,698.4368960857391,616448,0.026065113
0.0031485243,0.15893555,865.96,-20.27,0.722733199596405,890,603,1.1575757,-0.011201216,77184,699.5881321430206,617472,0.03892286
0.0026221767,0.15136719,865.96,-20.27,0.6431421339511871,902,604,1.2072735,-0.010914853,77312,700.7942049503326,618496,0.04170285
0.002932341,0.14916992,866.0,-20.27,0.7576482892036438,963,605,1.2088196,-0.0120037915,77440,701.8571529388428,619520,0.033501428
0.0022372885,0.13208008,866.0,-20.27,0.8284725695848465,913,606,1.164295,-0.010294696,77568,702.9789152145386,620544,0.037238244
0.0025727046,0.13574219,872.17,-20.22,0.913975715637207,892,607,1.2569159,-0.011977686,77696,704.127170085907,621568,0.024818348
0.0020789977,0.11303711,872.17,-20.22,0.47607290744781494,907,608,1.1664245,-0.010465868,77824,705.2559244632721,622592,0.060026176
0.0024405238,0.14111328,876.13,-20.19,0.7608691304922104,882,609,1.2229393,-0.010968367,77952,706.417295217514,623616,0.043783307
0.002724555,0.15283203,878.9,-20.17,0.8560628145933151,899,610,1.2984105,-0.01122191,78080,707.55619764328,624640,0.020738015
0.0021960312,0.13452148,884.07,-20.12,0.7056879699230194,910,611,1.192415,-0.010084642,78208,708.6812672615051,625664,0.04118298
0.0029672824,0.16235352,885.71,-20.11,0.4958270192146301,899,612,1.1144385,-0.011498338,78336,709.8205392360687,626688,0.044327088
0.0023976937,0.13549805,885.71,-20.11,0.6391584873199463,940,613,1.2031474,-0.011012559,78464,710.9096965789795,627712,0.03710082
0.002970687,0.15283203,885.71,-20.11,0.6498492956161499,888,614,1.2493254,-0.010495739,78592,712.0628526210785,628736,0.030837843
0.0030761352,0.13867188,890.94,-20.07,0.7067260146141052,838,615,1.1026049,-0.008374628,78720,713.2841122150421,629760,0.04044229
0.002292681,0.10986328,893.58,-20.06,0.6063514947891235,891,616,1.1543897,-0.011506012,78848,714.4337854385376,630784,0.041725345
0.002595027,0.14526367,893.58,-20.06,0.5686341822147369,901,617,1.1505544,-0.012148328,78976,715.5702731609344,631808,0.036137544
0.0030620857,0.13793945,893.58,-20.06,0.6842053234577179,904,618,1.1480268,-0.010487724,79104,716.7030520439148,632832,0.04827095
0.0030042315,0.15258789,897.8,-20.06,0.627524346113205,910,619,1.1473103,-0.010957807,79232,717.8288033008575,633856,0.037899293
0.0028206736,0.15820312,904.22,-20.04,0.828264445066452,892,620,1.0505326,-0.011468515,79360,718.9764983654022,634880,0.03156661
0.0034014278,0.15820312,914.26,-19.97,0.7343641221523285,832,621,1.0814395,-0.009495207,79488,720.2072448730469,635904,0.04645557
0.002861136,0.14428711,914.26,-19.97,0.7073782980442047,910,622,1.0679792,-0.007066088,79616,721.3331196308136,636928,0.03627572
0.0034288617,0.18603516,914.26,-19.97,0.5484992563724518,899,623,1.1911858,-0.010457483,79744,722.472174167633,637952,0.035072632
0.0032841042,0.15063477,916.87,-19.95,0.5777662992477417,905,624,1.0626742,-0.008819776,79872,723.6033294200897,638976,0.04914011
0.0033421672,0.140625,926.05,-19.88,0.7717678397893906,887,625,1.1506699,-0.007828193,80000,724.7578344345093,640000,0.028632741
0.0030462386,0.16625977,926.05,-19.88,0.38569629192352295,905,626,1.1176013,-0.0107628405,80128,725.8896753787994,641024,0.051491547
0.003795088,0.1665039,926.85,-19.88,0.731128454208374,890,627,1.158288,-0.012095421,80256,727.0407605171204,642048,0.028337862
0.0033170944,0.15991211,926.85,-19.88,0.6164196729660034,932,628,1.1547127,-0.010184066,80384,728.1397194862366,643072,0.0368096
0.0033728804,0.14379883,932.27,-19.86,0.6524040400981903,888,629,1.0651089,-0.01055403,80512,729.2933599948883,644096,0.04235952
0.0025122517,0.1381836,940.79,-19.83,0.6927107572555542,886,630,1.1110795,-0.0123398,80640,730.4489798545837,645120,0.026244506
0.0031300953,0.1472168,946.18,-19.79,0.720844030380249,886,631,1.0958096,-0.010723864,80768,731.6045632362366,646144,0.04349842
0.0031832145,0.17407227,946.18,-19.79,0.5205924212932587,904,632,1.1295435,-0.009284131,80896,732.7370812892914,647168,0.043202713
0.0022009043,0.11767578,946.18,-19.79,0.5743483901023865,901,633,1.1534146,-0.010724733,81024,733.8741552829742,648192,0.053692333
0.0026280882,0.13012695,957.15,-19.75,0.6253884434700012,886,634,1.0868112,-0.010380235,81152,735.030378818512,649216,0.036976133
0.003231555,0.16870117,957.15,-19.75,0.6025977432727814,902,635,1.106811,-0.0124097355,81280,736.1661086082458,650240,0.031688996
0.0030630708,0.14477539,957.15,-19.75,0.41934430599212646,918,636,1.072702,-0.0119635705,81408,737.2820496559143,651264,0.050829526
0.003248137,0.14990234,957.15,-19.75,0.6368283629417419,900,637,1.1032186,-0.010622285,81536,738.4199652671814,652288,0.047832195
0.0024951873,0.12451172,960.54,-19.74,0.661889374256134,893,638,1.0335066,-0.010286685,81664,739.566397190094,653312,0.043300893
0.0032340183,0.13720703,967.22,-19.7,0.5286718606948853,887,639,1.0919176,-0.0138479285,81792,740.7205965518951,654336,0.028839843
0.0033413118,0.17578125,967.22,-19.7,0.49609214067459106,902,640,1.081072,-0.012745467,81920,741.8556859493256,655360,0.037101608
0.0030920776,0.15429688,973.54,-19.64,0.6622509956359863,895,641,1.0739819,-0.011101562,82048,742.9998686313629,656384,0.04031809
0.003056499,0.1315918,985.59,-19.56,0.4635659456253052,910,642,1.0267568,-0.009618126,82176,744.1256284713745,657408,0.0515685
0.003301498,0.14624023,985.59,-19.56,0.567583829164505,898,643,1.0627402,-0.012232288,82304,745.2654986381531,658432,0.03726343
0.0036100359,0.17114258,988.8,-19.56,0.5970930755138397,909,644,1.0791607,-0.011711591,82432,746.3923914432526,659456,0.031539746
0.002659963,0.13354492,995.43,-19.52,0.6638494431972504,891,645,1.15719,-0.012430762,82560,747.5415451526642,660480,0.035717916
0.0026253392,0.1418457,1002.1,-19.48,0.507096529006958,902,646,1.1198306,-0.012281198,82688,748.6774094104767,661504,0.048017595
0.0031931591,0.15014648,1002.1,-19.48,0.5470869541168213,905,647,1.103659,-0.011504796,82816,749.8088598251343,662528,0.038148217
0.0034424956,0.15722656,1006.97,-19.46,0.5914739668369293,880,648,1.0601063,-0.013342961,82944,750.9725797176361,663552,0.038533144
0.0040386543,0.19360352,1014.41,-19.43,0.6471405923366547,852,649,1.0388839,-0.010813499,83072,752.1741108894348,664576,0.039818056
0.0030940357,0.15454102,1014.41,-19.43,0.6242347359657288,914,650,1.0687177,-0.008411725,83200,753.2950966358185,665600,0.042651393
0.0030212668,0.13696289,1014.41,-19.43,0.4498929977416992,856,651,1.0849864,-0.010568085,83328,754.4914360046387,666624,0.055083197
0.0030052809,0.16015625,1014.41,-19.43,0.6654232442378998,898,652,1.000269,-0.01205578,83456,755.631588935852,667648,0.04680229
0.0033658303,0.1706543,1020.53,-19.39,0.6270212829113007,890,653,1.0506576,-0.0114143435,83584,756.7821700572968,668672,0.033951994
0.0027014264,0.13427734,1020.53,-19.39,0.7092848420143127,901,654,0.99639666,-0.01052237,83712,757.9191951751709,669696,0.040784117
0.0040638275,0.16064453,1034.6,-19.28,0.44919872283935547,875,655,1.1151725,-0.0108919805,83840,759.090024471283,670720,0.046855874
0.0034375412,0.15698242,1039.7,-19.25,0.5648409128189087,908,656,1.0419974,-0.012181719,83968,760.2174479961395,671744,0.042608324
0.003584513,0.15014648,1039.7,-19.25,0.6261506676673889,907,657,1.0526582,-0.009019168,84096,761.3466989994049,672768,0.043407142
0.0026802712,0.14355469,1045.12,-19.18,0.7099108994007111,904,658,1.1171882,-0.009884276,84224,762.4794478416443,673792,0.035737067
0.003265641,0.15649414,1052.54,-19.14,0.6463369429111481,922,659,1.0182635,-0.013147821,84352,763.5905041694641,674816,0.03209773
0.0034811585,0.16601562,1052.54,-19.14,0.6771330237388611,922,660,1.0495896,-0.009971533,84480,764.7010259628296,675840,0.037243042
0.002698784,0.14770508,1052.54,-19.14,0.6941232085227966,898,661,1.0535512,-0.009724715,84608,765.841162443161,676864,0.037456013
0.0026756595,0.13891602,1059.54,-19.09,0.6196757256984711,901,662,1.0343384,-0.01113556,84736,766.9774324893951,677888,0.045214333
0.00408151,0.17871094,1059.54,-19.09,0.6413049101829529,896,663,1.0638436,-0.011734997,84864,768.1204221248627,678912,0.04623352
0.0033508867,0.19384766,1059.54,-19.09,0.35052090883255005,907,664,1.123057,-0.01232867,84992,769.2501225471497,679936,0.044172704
0.0031365803,0.16259766,1062.62,-19.06,0.4361666440963745,924,665,1.100789,-0.013232619,85120,770.3588955402374,680960,0.0471958
0.0021938484,0.11816406,1067.63,-19.03,0.6420340538024902,860,666,1.1174264,-0.011562269,85248,771.5497612953186,681984,0.040707834
0.003252458,0.1616211,1084.35,-18.89,0.6672863364219666,900,667,1.0871705,-0.010384895,85376,772.6871249675751,683008,0.029953213
0.0028582173,0.13891602,1087.92,-18.87,0.6497375071048737,885,668,1.0989022,-0.011288793,85504,773.8446533679962,684032,0.03558442
0.0027608962,0.13696289,1091.67,-18.85,0.4733123183250427,886,669,1.0178913,-0.011716703,85632,775.0003464221954,685056,0.055029143
0.0034343153,0.14013672,1091.67,-18.85,0.6894680559635162,971,670,0.9827299,-0.009559024,85760,776.0549821853638,686080,0.039954685
0.0036718934,0.19091797,1091.67,-18.85,0.5319415926933289,931,671,1.0200442,-0.012411879,85888,777.1555128097534,687104,0.04918648
0.0027121266,0.14648438,1091.67,-18.85,0.6154912412166595,920,672,1.116435,-0.011740788,86016,778.2690250873566,688128,0.032229066
0.0031140123,0.15551758,1091.67,-18.85,0.4396042227745056,917,673,1.0522543,-0.012156312,86144,779.3858232498169,689152,0.03967597
0.0036049942,0.17163086,1103.3,-18.76,0.5967625379562378,905,674,1.0334095,-0.010877465,86272,780.5169942378998,690176,0.040901244
0.0031035326,0.13134766,1108.13,-18.73,0.638604998588562,890,675,1.074353,-0.009537995,86400,781.6678965091705,691200,0.03901768
0.003931451,0.14819336,1118.91,-18.66,0.5332238972187042,900,676,0.9604482,-0.010949483,86528,782.806040763855,692224,0.036145553
0.004135802,0.17822266,1118.91,-18.66,0.5720824599266052,920,677,0.9624436,-0.008674881,86656,783.9188611507416,693248,0.05057462
0.005491103,0.22070312,1121.54,-18.63,0.4038400650024414,879,678,0.9855376,-0.010872435,86784,785.083334684372,694272,0.050630502
0.0044163265,0.2121582,1121.54,-18.63,0.6268799304962158,900,679,1.0426809,-0.013945246,86912,786.2212352752686,695296,0.042550296
0.003566995,0.14355469,1142.28,-18.52,0.6716294884681702,881,680,0.96664387,-0.010126591,87040,787.3842508792877,696320,0.032982077
0.003516757,0.16113281,1142.28,-18.52,0.612862229347229,905,681,1.019102,-0.010707438,87168,788.5162026882172,697344,0.036916304
0.003028094,0.15478516,1142.28,-18.52,0.5706672966480255,896,682,1.0214391,-0.010060808,87296,789.6593704223633,698368,0.046229772
0.003996794,0.1899414,1142.28,-18.52,0.636646181344986,906,683,0.9899326,-0.010248611,87424,790.7895328998566,699392,0.038284086
0.0043159476,0.17285156,1142.28,-18.52,0.6386397778987885,904,684,1.0620162,-0.010410563,87552,791.9224674701691,700416,0.039263807
0.0039881244,0.17919922,1142.28,-18.52,0.5401866436004639,908,685,1.0269036,-0.012305111,87680,793.0506570339203,701440,0.041871052
0.0026338338,0.1496582,1142.28,-18.52,0.6740671098232269,911,686,1.0587733,-0.012255242,87808,794.1748452186584,702464,0.032884642
0.0041996147,0.15698242,1152.85,-18.48,0.7825307846069336,892,687,1.0159266,-0.009762717,87936,795.3227941989899,703488,0.030540785
0.003061634,0.14282227,1170.21,-18.35,0.6904865801334381,889,688,1.0903472,-0.010591404,88064,796.475189447403,704512,0.03465395
0.003749131,0.18334961,1170.21,-18.35,0.5984110236167908,897,689,1.0273329,-0.011866707,88192,797.6169562339783,705536,0.041450307
0.0026595336,0.14282227,1182.44,-18.28,0.6314418911933899,886,690,0.9840857,-0.00925154,88320,798.7725863456726,706560,0.034450103
0.0024380083,0.11816406,1182.44,-18.28,0.5966737270355225,902,691,1.0106596,-0.011904698,88448,799.9079024791718,707584,0.039544113
0.0026120997,0.14038086,1189.08,-18.25,0.5566199719905853,941,692,0.9918258,-0.011913978,88576,800.9962830543518,708608,0.031125167
0.0039107553,0.1784668,1189.08,-18.25,0.6877747476100922,911,693,0.9998054,-0.013506656,88704,802.1204285621643,709632,0.036039956
0.0037554598,0.17480469,1197.89,-18.19,0.4572082757949829,885,694,1.0190628,-0.011492561,88832,803.2771441936493,710656,0.037645802
0.0028302148,0.11401367,1197.89,-18.19,0.4771565794944763,899,695,0.9932773,-0.010153906,88960,804.4160416126251,711680,0.0539357
0.0029284933,0.14746094,1197.89,-18.19,0.7176986038684845,887,696,1.0378624,-0.012091624,89088,805.5709445476532,712704,0.027143352
0.0035171339,0.18969727,1197.89,-18.19,0.39281702041625977,911,697,1.0862089,-0.012713932,89216,806.6957685947418,713728,0.054065347
0.0029023136,0.13745117,1202.07,-18.17,0.5867847502231598,886,698,1.0286975,-0.010794352,89344,807.8513462543488,714752,0.037627418
0.003695541,0.1628418,1210.25,-18.09,0.5093659162521362,895,699,1.0500342,-0.0121437935,89472,808.9959161281586,715776,0.0281703
0.0039060654,0.18481445,1215.34,-18.06,0.6680719256401062,918,700,1.0065819,-0.01152559,89600,810.1114313602448,716800,0.025665302
0.0030988834,0.14697266,1221.41,-18.03,0.40019333362579346,900,701,0.9990492,-0.011123327,89728,811.2498953342438,717824,0.039348718
0.0033349502,0.14868164,1231.72,-17.97,0.6910348534584045,949,702,0.9491394,-0.009801875,89856,812.3286864757538,718848,0.03484343
0.0032269477,0.15844727,1243.52,-17.93,0.7110352218151093,941,703,1.0031123,-0.010201136,89984,813.4168875217438,719872,0.023503896
0.0036849957,0.16137695,1243.52,-17.93,0.584294855594635,900,704,1.0241143,-0.011967738,90112,814.5545241832733,720896,0.031527042
0.0033660335,0.18408203,1243.52,-17.93,0.629921168088913,904,705,0.97309464,-0.009322165,90240,815.6872625350952,721920,0.04621014
0.0029717737,0.16235352,1250.27,-17.9,0.4172644019126892,826,706,1.0098777,-0.010142866,90368,816.9272320270538,722944,0.053715974
0.004056938,0.18896484,1250.27,-17.9,0.5919889211654663,881,707,0.99913096,-0.0109721385,90496,818.0889744758606,723968,0.050534002
0.0040645925,0.1809082,1250.27,-17.9,0.4168088436126709,839,708,1.028292,-0.012241827,90624,819.3087549209595,724992,0.059926026
0.004195642,0.18920898,1250.27,-17.9,0.5168217420578003,898,709,0.98054075,-0.012165944,90752,820.4493691921234,726016,0.055697057
0.0038201488,0.18603516,1258.17,-17.85,0.5288385152816772,872,710,1.0269338,-0.011549253,90880,821.6237099170685,727040,0.04279377
0.0034059866,0.15966797,1258.17,-17.85,0.5039497315883636,910,711,1.0132459,-0.013914885,91008,822.749582529068,728064,0.044970203
0.0041725403,0.20166016,1265.25,-17.8,0.5044611990451813,816,712,1.0653826,-0.012006587,91136,824.0047543048859,729088,0.03371043
0.00503186,0.17285156,1270.83,-17.77,0.6755555868148804,899,713,0.97038347,-0.013326852,91264,825.143764257431,730112,0.038776077
0.004061127,0.20019531,1296.53,-17.58,0.6324902772903442,875,714,1.0240302,-0.011609604,91392,826.3139400482178,731136,0.035761636
0.002491823,0.1328125,1296.53,-17.58,0.6389111578464508,934,715,1.0240942,-0.008936447,91520,827.4108877182007,732160,0.042077515
0.0040070578,0.17944336,1296.53,-17.58,0.5366659760475159,888,716,1.1089734,-0.011670208,91648,828.5634977817535,733184,0.047221605
0.0041948007,0.1809082,1296.53,-17.58,0.46819037199020386,900,717,1.0550793,-0.013986378,91776,829.7008929252625,734208,0.045418806
0.003952495,0.16870117,1296.53,-17.58,0.7141372561454773,905,718,1.0609787,-0.013637995,91904,830.8327374458313,735232,0.028640412
0.0033169216,0.15258789,1304.09,-17.53,0.6395411193370819,920,719,1.0623827,-0.013468464,92032,831.9459362030029,736256,0.045269094
0.005506262,0.18920898,1318.49,-17.42,0.5337280929088593,889,720,1.0741551,-0.012099217,92160,833.0979473590851,737280,0.047101386
0.004481317,0.19116211,1318.49,-17.42,0.23355966806411743,924,721,1.1130236,-0.012835101,92288,834.2064299583435,738304,0.04904643
0.003423169,0.18261719,1318.49,-17.42,0.6187357306480408,895,722,1.1577116,-0.009988438,92416,835.3500719070435,739328,0.048559625
0.0034053256,0.15698242,1324.26,-17.41,0.47798246145248413,907,723,1.0903143,-0.012129148,92544,836.479124546051,740352,0.040375184
0.004187229,0.19189453,1324.26,-17.41,0.5014857351779938,890,724,1.0714599,-0.009995914,92672,837.6302978992462,741376,0.04172526
0.0040326915,0.17089844,1334.83,-17.32,0.6539881825447083,902,725,1.0359442,-0.013047749,92800,838.7661228179932,742400,0.03246557
0.0041129473,0.17993164,1341.11,-17.24,0.6120391488075256,931,726,1.0788332,-0.012283794,92928,839.8667674064636,743424,0.03958524
0.0040368945,0.17993164,1345.45,-17.2,0.5988166928291321,898,727,1.0624963,-0.012624388,93056,841.0081207752228,744448,0.03694802
0.004338001,0.17138672,1354.67,-17.16,0.7575816512107849,885,728,0.98188245,-0.01064228,93184,842.1658515930176,745472,0.028325828
0.003679754,0.16845703,1354.67,-17.16,0.7291761040687561,929,729,1.0762314,-0.0095565235,93312,843.2684645652771,746496,0.03950767
0.0041928506,0.20361328,1354.67,-17.16,0.3921441435813904,899,730,1.0545331,-0.015010227,93440,844.4073686599731,747520,0.04325412
0.004133846,0.18798828,1361.44,-17.14,0.5704535245895386,924,731,1.0461466,-0.011653643,93568,845.5152111053467,748544,0.03365289
0.004327037,0.19702148,1361.44,-17.14,0.5156183838844299,918,732,1.0821152,-0.014284793,93696,846.6313276290894,749568,0.04213385
0.005505674,0.20629883,1366.95,-17.1,0.5503543615341187,896,733,1.0929017,-0.013241186,93824,847.7745304107666,750592,0.043793455
0.0040599355,0.17285156,1366.95,-17.1,0.5403694212436676,894,734,1.1078668,-0.013514646,93952,848.9194917678833,751616,0.037792612
0.005222321,0.20947266,1366.95,-17.1,0.5652643442153931,908,735,1.0670017,-0.013663948,94080,850.0468962192535,752640,0.042505477
0.0044517824,0.23266602,1366.95,-17.1,0.5520226955413818,896,736,1.0656385,-0.013618618,94208,851.1897611618042,753664,0.042567898
0.0036773912,0.1887207,1366.95,-17.1,0.6780809462070465,914,737,1.0780901,-0.013043843,94336,852.3104493618011,754688,0.040788777
0.0036338414,0.16088867,1366.95,-17.1,0.6074791848659515,903,738,1.085358,-0.012424221,94464,853.4448683261871,755712,0.044428043
0.00329106,0.1538086,1366.95,-17.1,0.6283464133739471,906,739,1.0938225,-0.012283491,94592,854.5752856731415,756736,0.035774164
0.00363392,0.19165039,1393.59,-16.88,0.48870396614074707,887,740,1.1133137,-0.013540923,94720,855.7298431396484,757760,0.03660641
0.003354568,0.17651367,1402.35,-16.85,0.7339668273925781,906,741,1.0402306,-0.012291064,94848,856.8607609272003,758784,0.035278756
0.0041006426,0.19604492,1421.43,-16.7,0.6249890327453613,877,742,1.0058571,-0.012323246,94976,858.0289294719696,759808,0.035473183
0.003622451,0.17675781,1434.68,-16.61,0.5469897985458374,920,743,1.0508809,-0.012563457,95104,859.1425070762634,760832,0.042225406
0.0052919774,0.18164062,1434.68,-16.61,0.2808772921562195,914,744,1.0234427,-0.013244649,95232,860.2627191543579,761856,0.034936756
0.00377078,0.20507812,1439.57,-16.58,0.6240086257457733,905,745,1.0824881,-0.008375755,95360,861.3947629928589,762880,0.037167583
0.0029495591,0.15234375,1450.06,-16.49,0.5789083242416382,898,746,1.0618519,-0.010940988,95488,862.5347836017609,763904,0.0360335
0.0037275355,0.15942383,1450.06,-16.49,0.48456764221191406,940,747,0.9925898,-0.012768281,95616,863.6239185333252,764928,0.051009107
0.0027786023,0.14941406,1450.06,-16.49,0.4552164673805237,897,748,1.0652212,-0.011008179,95744,864.7655909061432,765952,0.03621747
0.0030277022,0.15795898,1450.06,-16.49,0.5316348969936371,914,749,0.99812835,-0.010832437,95872,865.885541677475,766976,0.046001174
0.0049758614,0.19360352,1454.6,-16.47,0.48005568981170654,886,750,1.0262029,-0.013803804,96000,867.0414323806763,768000,0.02926309
0.0036907448,0.16064453,1454.6,-16.47,0.6381359398365021,904,751,0.9419128,-0.009750332,96128,868.1746232509613,769024,0.040482096
0.0032949392,0.17504883,1457.99,-16.48,0.49664223194122314,892,752,0.9675426,-0.010309247,96256,869.3227512836456,770048,0.03976804
0.0034472563,0.16333008,1465.66,-16.47,0.40811997652053833,888,753,1.0346597,-0.012105858,96384,870.4761970043182,771072,0.0397822
0.003922224,0.18408203,1465.66,-16.47,0.6675039231777191,905,754,1.0394143,-0.008316144,96512,871.6080677509308,772096,0.03910956
0.0031075494,0.14575195,1465.66,-16.47,0.4965566396713257,938,755,1.0397693,-0.011680571,96640,872.7002973556519,773120,0.04467993
0.0030696276,0.14086914,1472.35,-16.46,0.726482093334198,893,756,1.0587342,-0.010534267,96768,873.8474087715149,774144,0.032011274
0.0037001655,0.16235352,1480.87,-16.41,0.5380847752094269,900,757,1.0417496,-0.0134844445,96896,874.9847345352173,775168,0.027550062
0.0043802434,0.18652344,1480.87,-16.41,0.6137604117393494,863,758,1.019159,-0.013604071,97024,876.1706147193909,776192,0.036157627
0.002737786,0.13085938,1480.87,-16.41,0.43117690086364746,913,759,1.0612761,-0.012317526,97152,877.2923719882965,777216,0.056676477
0.0036910558,0.17504883,1487.81,-16.37,0.6028190851211548,884,760,1.0178883,-0.013798418,97280,878.451179265976,778240,0.032820787
0.0034458544,0.17602539,1487.81,-16.37,0.6750846207141876,879,761,1.0371453,-0.012567251,97408,879.6156723499298,779264,0.038960733
0.0032821419,0.16967773,1499.41,-16.29,0.6179164350032806,894,762,1.0301468,-0.010305582,97536,880.7612686157227,780288,0.03679834
0.0026188125,0.14379883,1507.47,-16.24,0.6880216598510742,903,763,1.038773,-0.011765756,97664,881.8952887058258,781312,0.02827465
0.004042943,0.19726562,1511.36,-16.25,0.5249324142932892,887,764,1.0122081,-0.011779967,97792,883.049658536911,782336,0.040800445
0.003768823,0.1953125,1511.36,-16.25,0.5177854895591736,906,765,1.0827283,-0.009387098,97920,884.1804041862488,783360,0.042661153
0.0035748428,0.17211914,1517.1,-16.21,0.44970083236694336,901,766,1.0814933,-0.012620991,98048,885.3165247440338,784384,0.030741356
0.002983681,0.15283203,1517.1,-16.21,0.6469217538833618,899,767,1.0390205,-0.0117205065,98176,886.4561905860901,785408,0.029967533
0.003348515,0.15185547,1524.52,-16.12,0.5989814102649689,893,768,1.0217988,-0.00813373,98304,887.6026613712311,786432,0.037952103
0.0029603236,0.15600586,1524.52,-16.12,0.7025538682937622,920,769,1.0443293,-0.011618604,98432,888.715493440628,787456,0.031350676
0.0037067658,0.1665039,1524.52,-16.12,0.5115108788013458,940,770,1.0290128,-0.011288825,98560,889.8047332763672,788480,0.032606572
0.0037925025,0.15209961,1524.52,-16.12,0.6506114602088928,928,771,0.9953372,-0.011443544,98688,890.9081456661224,789504,0.029071283
0.0040676766,0.18969727,1534.05,-16.05,0.5061919987201691,945,772,1.0114194,-0.010192745,98816,891.9917693138123,790528,0.035060134
0.0031891027,0.13671875,1537.79,-16.06,0.5877878665924072,935,773,0.9915071,-0.011737907,98944,893.0869860649109,791552,0.03734085
0.0034422502,0.14355469,1537.79,-16.06,0.6095534861087799,956,774,1.0125322,-0.011210332,99072,894.1579341888428,792576,0.039400797
0.0052527315,0.20458984,1539.05,-16.07,0.4441070556640625,910,775,1.0333608,-0.009834268,99200,895.2832374572754,793600,0.031682223
0.00381085,0.15258789,1556.93,-15.99,0.595162570476532,889,776,0.9903998,-0.011387598,99328,896.4348247051239,794624,0.039166518
0.004021587,0.16918945,1556.93,-15.99,0.6158669292926788,907,777,0.99811083,-0.011795841,99456,897.5645503997803,795648,0.03330444
0.0033584947,0.18603516,1556.93,-15.99,0.6749287247657776,911,778,1.0591985,-0.009351569,99584,898.6886978149414,796672,0.033698965
0.0030170523,0.16113281,1556.93,-15.99,0.5715470910072327,898,779,1.0428687,-0.010796324,99712,899.829553604126,797696,0.03343318
0.0034876259,0.1784668,1556.93,-15.99,0.46014469861984253,944,780,1.0428039,-0.01128366,99840,900.9147191047668,798720,0.05776203
0.00424192,0.17504883,1556.93,-15.99,0.566209465265274,919,781,1.0567331,-0.014389063,99968,902.0294559001923,799744,0.043056376
0.004412727,0.20043945,1556.93,-15.99,0.6400017440319061,897,782,0.9836167,-0.013249299,100096,903.1711690425873,800768,0.04360974
0.0027303142,0.13745117,1566.04,-15.91,0.478270947933197,888,783,1.0024004,-0.00941864,100224,904.3244409561157,801792,0.048230946
0.0043144613,0.16088867,1576.89,-15.85,0.6223258376121521,920,784,1.0113226,-0.013118555,100352,905.4372487068176,802816,0.028693318
0.003111319,0.13647461,1576.89,-15.85,0.564122885465622,909,785,1.0009568,-0.010444658,100480,906.564254283905,803840,0.046091046
0.0035800382,0.17944336,1576.89,-15.85,0.6142371296882629,908,786,0.9820708,-0.010436522,100608,907.692703962326,804864,0.033349723
0.0029108543,0.14746094,1583.89,-15.82,0.47587907314300537,894,787,0.9773147,-0.011158646,100736,908.837776184082,805888,0.03296148
0.0034021516,0.14282227,1583.89,-15.82,0.6031884253025055,906,788,0.9642699,-0.01191299,100864,909.968624830246,806912,0.04609502
0.0030580512,0.15429688,1583.89,-15.82,0.6913774311542511,891,789,1.0214219,-0.010152204,100992,911.1186261177063,807936,0.035725974
0.003534031,0.15722656,1603.79,-15.71,0.3582760691642761,889,790,0.9497128,-0.009693103,101120,912.2711923122406,808960,0.04322073
0.0031750787,0.15698242,1603.79,-15.71,0.5529078841209412,900,791,0.9921592,-0.01104038,101248,913.4089622497559,809984,0.043070942
0.005544677,0.22753906,1612.92,-15.61,0.6700341701507568,899,792,1.00563,-0.0151113495,101376,914.547981262207,811008,0.03583006
0.003643218,0.16186523,1623.62,-15.51,0.5502964854240417,877,793,0.9517245,-0.010939633,101504,915.7158908843994,812032,0.043382213
0.0035210857,0.17382812,1623.62,-15.51,0.538180947303772,906,794,0.9694065,-0.009409107,101632,916.8463561534882,813056,0.05103087
0.002948472,0.15234375,1623.62,-15.51,0.38111281394958496,911,795,0.9347545,-0.009590667,101760,917.970046043396,814080,0.05322054
0.0041871034,0.17480469,1626.55,-15.5,0.4416499137878418,900,796,0.9836545,-0.013434935,101888,919.1083557605743,815104,0.04524993
0.0033900852,0.15478516,1626.55,-15.5,0.49054425954818726,916,797,0.9658591,-0.013739192,102016,920.225996017456,816128,0.03715341
0.0036560446,0.15844727,1633.84,-15.47,0.46305298805236816,899,798,0.96935266,-0.0121720815,102144,921.3652231693268,817152,0.030113693
0.00429816,0.15917969,1633.84,-15.47,0.5616511404514313,926,799,0.9616254,-0.0127479695,102272,922.471400976181,818176,0.035487592
0.0030462649,0.14648438,1636.02,-15.49,0.6472881436347961,901,800,0.92876786,-0.012893659,102400,923.608282327652,819200,0.02039035
0.0038405953,0.17163086,1636.02,-15.49,0.6816269159317017,892,801,0.95385563,-0.0099769775,102528,924.7560875415802,820224,0.031917054
0.0035471169,0.15454102,1636.02,-15.49,0.5841533541679382,912,802,0.94296867,-0.008583507,102656,925.8799736499786,821248,0.038163763
0.0036973234,0.16357422,1636.02,-15.49,0.67536261677742,898,803,0.9786731,-0.010200625,102784,927.0200490951538,822272,0.030765427
0.0051677465,0.20092773,1639.85,-15.47,0.5748841762542725,871,804,0.98151946,-0.0110822935,102912,928.1964166164398,823296,0.035456635
0.0038773583,0.16601562,1639.85,-15.47,0.5379815399646759,911,805,0.9276646,-0.011300767,103040,929.3201308250427,824320,0.05242119
0.0030031567,0.14428711,1639.85,-15.47,0.6280316114425659,914,806,0.9976064,-0.012157292,103168,930.4409825801849,825344,0.037749663
0.0036765593,0.17260742,1651.51,-15.41,0.7595213502645493,823,807,0.9776685,-0.012037675,103296,931.6850528717041,826368,0.0266449
0.00416259,0.15893555,1670.36,-15.28,0.535539448261261,894,808,0.9503842,-0.012703403,103424,932.8306756019592,827392,0.035654914
0.0038553616,0.1694336,1669.01,-15.3,0.6311334371566772,902,809,0.9994946,-0.013284004,103552,933.9792506694794,828416,0.03551164
0.003899666,0.16137695,1669.01,-15.3,0.6411141157150269,905,810,0.9621801,-0.010572266,103680,935.1109008789062,829440,0.02543685
0.004025055,0.18530273,1669.01,-15.3,0.6956538558006287,894,811,0.9778895,-0.009793728,103808,936.2570352554321,830464,0.03381902
0.0036247734,0.15283203,1669.01,-15.3,0.6046499609947205,908,812,0.98455745,-0.011776054,103936,937.3844718933105,831488,0.03875706
0.0037354573,0.17114258,1672.51,-15.3,0.6704247891902924,830,813,0.96253216,-0.013540857,104064,938.6179487705231,832512,0.040133085
0.0037836656,0.1887207,1683.43,-15.23,0.6307646036148071,909,814,0.99279886,-0.010318236,104192,939.7442762851715,833536,0.040903486
0.0029719481,0.14257812,1683.43,-15.23,0.5631320178508759,850,815,0.9569471,-0.012629199,104320,940.9479632377625,834560,0.03198833
0.0035539547,0.15966797,1683.43,-15.23,0.5281908810138702,882,816,0.9890268,-0.011131503,104448,942.1081869602203,835584,0.0463153
0.003834265,0.1665039,1683.43,-15.23,0.5515797436237335,883,817,0.9415229,-0.009708488,104576,943.2676532268524,836608,0.044036552
0.0037625872,0.17675781,1683.43,-15.23,0.5976049602031708,893,818,0.9496246,-0.013478596,104704,944.4144258499146,837632,0.035726275
0.003357098,0.15014648,1683.43,-15.23,0.5826178193092346,960,819,0.9494177,-0.009970026,104832,945.4807453155518,838656,0.04346148
0.0047567817,0.20776367,1693.09,-15.2,0.5370524823665619,902,820,0.9843624,-0.010007649,104960,946.616382598877,839680,0.03762908
0.004404795,0.18652344,1693.09,-15.2,0.3578321933746338,900,821,0.9491623,-0.012897847,105088,947.7540757656097,840704,0.035499044
0.0046199146,0.20629883,1695.58,-15.17,0.5118533372879028,862,822,0.97418153,-0.013917106,105216,948.9418811798096,841728,0.032651428
0.0035613996,0.16210938,1700.58,-15.17,0.6526744961738586,855,823,0.96493125,-0.011580438,105344,950.1394317150116,842752,0.025664346
0.0046574655,0.19799805,1700.58,-15.17,0.6574032604694366,887,824,0.94091505,-0.012621408,105472,951.2938737869263,843776,0.038668033
0.0055890735,0.19897461,1705.19,-15.18,0.6621269881725311,829,825,0.9887347,-0.011014231,105600,952.5289516448975,844800,0.028458921
0.0026593169,0.13745117,1705.19,-15.18,0.6256442368030548,865,826,1.0240462,-0.012327133,105728,953.7124495506287,845824,0.041462112
0.0026091426,0.1274414,1717.36,-15.12,0.5253267884254456,890,827,0.9860409,-0.010909553,105856,954.8628072738647,846848,0.035838977
0.003057485,0.16772461,1717.36,-15.12,0.3468977212905884,844,828,0.99827677,-0.012602597,105984,956.0763442516327,847872,0.04575317
0.003708478,0.1616211,1717.36,-15.12,0.37066948413848877,914,829,0.9541872,-0.011594567,106112,957.1958968639374,848896,0.04149424
0.0039609936,0.15307617,1733.5,-15.01,0.5329737365245819,838,830,1.0079765,-0.011149783,106240,958.417486667633,849920,0.03337967
0.0046188547,0.17651367,1742.63,-14.99,0.5020965039730072,887,831,1.0175223,-0.013105785,106368,959.5718867778778,850944,0.03807226
0.004240617,0.17382812,1742.63,-14.99,0.6644396483898163,855,832,0.9541283,-0.010238021,106496,960.770120382309,851968,0.031681787
0.0034989417,0.17016602,1742.63,-14.99,0.4899752140045166,917,833,0.9922313,-0.011269823,106624,961.8870697021484,852992,0.03893331
0.0028822506,0.1459961,1742.63,-14.99,0.6599350869655609,907,834,0.9749053,-0.010559128,106752,963.016589641571,854016,0.03368144
0.00544243,0.1965332,1742.63,-14.99,0.42586565017700195,911,835,1.001084,-0.011515584,106880,964.1406576633453,855040,0.04007395
0.002643478,0.12963867,1746.1,-15.0,0.5644259750843048,898,836,0.9728151,-0.010177956,107008,965.2805330753326,856064,0.035658978
0.003470964,0.1665039,1746.1,-15.0,0.3712613582611084,915,837,0.97637475,-0.0113467835,107136,966.3998830318451,857088,0.03316696
0.0038495187,0.15649414,1746.1,-15.0,0.6545637547969818,930,838,0.9464069,-0.012788942,107264,967.5009205341339,858112,0.029426895
0.004035628,0.16772461,1746.1,-15.0,0.34453123807907104,911,839,0.9862387,-0.010696726,107392,968.625422000885,859136,0.043324083
0.003865656,0.16333008,1749.31,-15.01,0.6266921162605286,915,840,1.0022035,-0.012776073,107520,969.7443382740021,860160,0.024690416
0.004107673,0.16333008,1759.33,-14.99,0.7477453649044037,923,841,0.9636295,-0.013021661,107648,970.8534486293793,861184,0.0196256
0.0052403947,0.22387695,1761.03,-15.01,0.7197538316249847,913,842,0.9988979,-0.011288708,107776,971.9753797054291,862208,0.029440524
0.0039614514,0.16552734,1761.03,-15.01,0.5885009765625,926,843,0.933539,-0.010078948,107904,973.080988407135,863232,0.039604887
0.004118273,0.171875,1767.68,-14.99,0.5384895503520966,952,844,0.99712586,-0.013455169,108032,974.1570560932159,864256,0.027420314
0.0037260486,0.16113281,1779.98,-14.9,0.6881534457206726,904,845,0.9296183,-0.01177231,108160,975.2903864383698,865280,0.027615853
0.0031305419,0.15429688,1778.66,-14.94,0.6218873262405396,874,846,0.965108,-0.011751127,108288,976.4617085456848,866304,0.030601108
0.0038180503,0.17358398,1778.66,-14.94,0.7313779592514038,904,847,0.9746458,-0.009897475,108416,977.5946881771088,867328,0.031755365
0.005049861,0.16503906,1787.57,-14.91,0.6822440326213837,856,848,1.026522,-0.011489317,108544,978.7908620834351,868352,0.02151331
0.0034372944,0.14746094,1785.06,-14.98,0.5757542550563812,894,849,0.9525919,-0.011516085,108672,979.9373600482941,869376,0.041024745
0.0037777827,0.16259766,1785.06,-14.98,0.6486818194389343,907,850,0.9787599,-0.011608179,108800,981.066225528717,870400,0.028615575
0.0044776876,0.1899414,1785.06,-14.98,0.5991708934307098,905,851,0.98276967,-0.0124322185,108928,982.1974830627441,871424,0.034171417
0.0033907562,0.16479492,1785.06,-14.98,0.33944761753082275,906,852,0.99974763,-0.011825767,109056,983.3281633853912,872448,0.046635505
0.0042765522,0.20092773,1785.06,-14.98,0.7570746392011642,903,853,1.0036346,-0.011354382,109184,984.4621849060059,873472,0.02637609
0.0048699086,0.19311523,1785.06,-14.98,0.29793161153793335,901,854,0.99701136,-0.015010681,109312,985.5984749794006,874496,0.04397298
0.0035750817,0.18164062,1794.81,-14.98,0.4837108850479126,879,855,0.981122,-0.014853178,109440,986.7642049789429,875520,0.029230792
0.0028599333,0.13354492,1794.81,-14.98,0.5676738321781158,948,856,1.0086192,-0.011278167,109568,987.8442161083221,876544,0.032267697
0.0025952396,0.1430664,1800.96,-14.96,0.6296866834163666,884,857,1.0392975,-0.01048374,109696,989.0027048587799,877568,0.032736838
0.0029361392,0.14453125,1800.96,-14.96,0.6780429482460022,903,858,1.0133647,-0.0119466055,109824,990.1372253894806,878592,0.031916782
0.004056355,0.21044922,1800.96,-14.96,0.5407649874687195,902,859,1.0847881,-0.011997429,109952,991.2726562023163,879616,0.032441277
0.0037720534,0.16870117,1800.96,-14.96,0.4075508117675781,908,860,1.1010656,-0.0140994415,110080,992.4005315303802,880640,0.043253794
0.0031370737,0.15795898,1800.96,-14.96,0.5394876003265381,895,861,1.0666955,-0.012181137,110208,993.5452105998993,881664,0.043732014
0.0047450187,0.1628418,1804.86,-14.98,0.7539767175912857,846,862,1.0200145,-0.011366006,110336,994.7558512687683,882688,0.023465795
0.004065934,0.17675781,1813.07,-14.92,0.5455277860164642,894,863,1.0432775,-0.013718436,110464,995.9011812210083,883712,0.033587
0.0036220178,0.18066406,1817.9,-14.9,0.595277726650238,835,864,1.0281419,-0.013479948,110592,997.1277318000793,884736,0.03497715
0.0029557513,0.15136719,1824.76,-14.88,0.5573453009128571,887,865,1.0000877,-0.01282494,110720,998.2820162773132,885760,0.04661644
0.0031620166,0.16040039,1824.76,-14.88,0.6316596865653992,894,866,1.0346442,-0.011864465,110848,999.4273226261139,886784,0.047472097
0.004673488,0.17626953,1824.76,-14.88,0.4046213626861572,884,867,1.0523885,-0.0116687715,110976,1000.5857334136963,887808,0.046506517
0.0033496355,0.16503906,1836.73,-14.79,0.5866917669773102,899,868,0.9775043,-0.010272387,111104,1001.7251834869385,888832,0.041837517
0.0038258377,0.16796875,1836.73,-14.79,0.5818568766117096,896,869,1.0146644,-0.01003849,111232,1002.8679354190826,889856,0.034216564
0.0035486638,0.17504883,1836.73,-14.79,0.5679087340831757,904,870,1.0000544,-0.014078815,111360,1004.0007328987122,890880,0.03491037
0.0028105248,0.14331055,1836.73,-14.79,0.6988232433795929,896,871,0.93265575,-0.010177705,111488,1005.1442224979401,891904,0.036627643
0.0037559206,0.17480469,1842.85,-14.77,0.6182947754859924,896,872,1.0226524,-0.013551395,111616,1006.2873976230621,892928,0.034389783
0.0036894933,0.1496582,1842.85,-14.77,0.49651890993118286,895,873,1.010437,-0.010824849,111744,1007.4311459064484,893952,0.039861977
0.0040586744,0.18896484,1842.85,-14.77,0.6351129114627838,911,874,0.9989675,-0.0107568465,111872,1008.555362701416,894976,0.032879125
0.0032493884,0.14941406,1854.57,-14.7,0.5438243746757507,880,875,0.97037935,-0.010894964,112000,1009.7188782691956,896000,0.038056538
0.003835989,0.17163086,1854.57,-14.7,0.654020756483078,905,876,0.95848906,-0.012319577,112128,1010.8507373332977,897024,0.029687598
0.002834362,0.13623047,1854.57,-14.7,0.5113057494163513,901,877,0.92083186,-0.009278082,112256,1011.988032579422,898048,0.026686857
0.0031424537,0.16015625,1854.57,-14.7,0.6313021183013916,944,878,1.020035,-0.011758832,112384,1013.0729551315308,899072,0.04020214
0.0038622746,0.18432617,1869.0,-14.59,0.3330336809158325,908,879,0.96170276,-0.01293663,112512,1014.2004919052124,900096,0.026776826
0.0037051702,0.15649414,1869.0,-14.59,0.508461207151413,907,880,0.9792431,-0.012651604,112640,1015.3296091556549,901120,0.039819244
0.0027629882,0.12524414,1874.52,-14.61,0.5920766592025757,892,881,0.9345238,-0.01063072,112768,1016.4773931503296,902144,0.035752747
0.0041874647,0.17797852,1874.52,-14.61,0.6147097945213318,905,882,0.9481863,-0.011547176,112896,1017.6092877388,903168,0.024404582
0.0036432717,0.16455078,1893.87,-14.54,0.5637821853160858,868,883,0.9094466,-0.011111908,113024,1018.7891392707825,904192,0.029912414
0.0034184204,0.1538086,1893.87,-14.54,0.5219854414463043,903,884,0.9457107,-0.013480758,113152,1019.9234161376953,905216,0.0362939
0.003573749,0.14160156,1893.87,-14.54,0.5876182615756989,896,885,0.9715018,-0.013108787,113280,1021.0668525695801,906240,0.037054848
0.0044984287,0.17016602,1893.87,-14.54,0.5316229164600372,909,886,0.9631025,-0.013224372,113408,1022.1937799453735,907264,0.02834519
0.0050591016,0.1821289,1893.87,-14.54,0.5378798842430115,892,887,0.9676483,-0.010685303,113536,1023.3421502113342,908288,0.034199055
0.005280459,0.20458984,1893.87,-14.54,0.61180779337883,948,888,1.0085942,-0.012095608,113664,1024.4228661060333,909312,0.029716665
0.003315607,0.15429688,1893.87,-14.54,0.5069968104362488,911,889,1.0113468,-0.0137517955,113792,1025.5474092960358,910336,0.030313754
0.003323405,0.1743164,1893.87,-14.54,0.6368908584117889,900,890,1.0049891,-0.011606362,113920,1026.6851379871368,911360,0.030107789
0.003716144,0.17749023,1899.89,-14.53,0.5259099900722504,918,891,1.0480679,-0.013088278,114048,1027.8005142211914,912384,0.045032647
0.0039035776,0.19311523,1899.89,-14.53,0.6197371482849121,908,892,0.9607509,-0.012890091,114176,1028.9287858009338,913408,0.031232307
0.004659797,0.16870117,1905.59,-14.52,0.625069797039032,890,893,1.046468,-0.0124255605,114304,1030.079377412796,914432,0.028139243
0.003986936,0.1821289,1923.28,-14.45,0.6517365574836731,847,894,0.9837022,-0.012226532,114432,1031.2883877754211,915456,0.023378022
0.004005787,0.15527344,1923.28,-14.45,0.6464266180992126,907,895,1.0248847,-0.012043519,114560,1032.4171159267426,916480,0.037556607
0.003958132,0.1821289,1923.28,-14.45,0.6672106385231018,902,896,1.0394554,-0.011065431,114688,1033.5524060726166,917504,0.024162598
0.004738251,0.19555664,1923.28,-14.45,0.633867621421814,873,897,1.0280043,-0.014611432,114816,1034.7258214950562,918528,0.030800922
0.0036939005,0.15600586,1923.28,-14.45,0.5472025871276855,895,898,1.0163965,-0.013962528,114944,1035.8693673610687,919552,0.039027184
0.0036580332,0.1809082,1923.28,-14.45,0.46607881784439087,897,899,0.9845691,-0.012503809,115072,1037.0116186141968,920576,0.0355928
0.0037014857,0.16625977,1923.28,-14.45,0.5815426409244537,880,900,1.019393,-0.012654177,115200,1038.1756060123444,921600,0.023642002
0.0034364369,0.15405273,1923.28,-14.45,0.42596232891082764,900,901,1.0002602,-0.012449987,115328,1039.3125343322754,922624,0.031052355
0.003999277,0.1977539,1944.65,-14.36,0.5621871650218964,836,902,0.9735064,-0.011691768,115456,1040.5384755134583,923648,0.037288703
0.0049679233,0.20361328,1944.65,-14.36,0.34025049209594727,922,903,1.0107336,-0.013521771,115584,1041.6492667198181,924672,0.029376626
0.0039150016,0.15551758,1944.65,-14.36,0.677742063999176,950,904,0.9542532,-0.010547041,115712,1042.727055311203,925696,0.032877594
0.0027684013,0.13989258,1944.65,-14.36,0.5799610316753387,905,905,1.0414972,-0.013629498,115840,1043.859058856964,926720,0.03217589
0.0032592998,0.15942383,1948.06,-14.38,0.6259071230888367,904,906,0.9979452,-0.011755004,115968,1044.9913861751556,927744,0.028523153
0.0031063873,0.15209961,1965.12,-14.28,0.5969135463237762,885,907,0.9904988,-0.011931749,116096,1046.1484932899475,928768,0.033838674
0.003713421,0.18432617,1965.41,-14.33,0.6030114889144897,905,908,0.9745954,-0.013902047,116224,1047.2796742916107,929792,0.029953789
0.0031313393,0.14697266,1983.74,-14.2,0.6499815583229065,898,909,1.0104152,-0.010718262,116352,1048.4194839000702,930816,0.021648102
0.0033071777,0.18530273,1983.74,-14.2,0.5143314003944397,893,910,1.0526128,-0.01228135,116480,1049.5660593509674,931840,0.041040175
0.006302683,0.23071289,1989.02,-14.2,0.49245429039001465,855,911,1.0606518,-0.012636282,116608,1050.7638621330261,932864,0.031564057
0.0038606431,0.16552734,1989.02,-14.2,0.5750863552093506,910,912,1.0158665,-0.012856122,116736,1051.888748407364,933888,0.03466091
0.005691954,0.20947266,1989.02,-14.2,0.6268949806690216,858,913,1.0033271,-0.012695935,116864,1053.082115650177,934912,0.038397506
0.0045020576,0.17578125,1989.02,-14.2,0.5852029919624329,856,914,0.96094275,-0.011206731,116992,1054.2776458263397,935936,0.030409163
0.0036795083,0.18261719,1989.02,-14.2,0.5579626262187958,902,915,0.97602046,-0.013596404,117120,1055.4139566421509,936960,0.040138397
0.0029482103,0.16845703,1989.02,-14.2,0.6427618265151978,853,916,1.0342841,-0.011273394,117248,1056.613831281662,937984,0.041221797
0.0047188587,0.16357422,2002.29,-14.12,0.43798500299453735,903,917,0.96238494,-0.0135592725,117376,1057.7474687099457,939008,0.03545779
0.0034521604,0.15283203,2002.29,-14.12,0.5919294655323029,893,918,0.94755,-0.0116229085,117504,1058.8948421478271,940032,0.031474926
0.0031647065,0.15136719,2001.76,-14.18,0.49256467819213867,893,919,0.9504795,-0.012372452,117632,1060.0419669151306,941056,0.04189769
0.005101554,0.2006836,2001.76,-14.18,0.6032683551311493,838,920,0.9466919,-0.012828424,117760,1061.2645444869995,942080,0.032805823
0.0038576655,0.17797852,2001.76,-14.18,0.7245051264762878,930,921,0.9385549,-0.009500902,117888,1062.3652815818787,943104,0.029751843
0.0045281136,0.17651367,2009.78,-14.14,0.7017559111118317,893,922,0.9595018,-0.011783697,118016,1063.5120849609375,944128,0.030600237
0.0036998442,0.17626953,2009.78,-14.14,0.6224229335784912,911,923,1.0032647,-0.014219434,118144,1064.6367297172546,945152,0.024587529
0.004256161,0.16845703,2009.78,-14.14,0.7297642827033997,893,924,0.9597421,-0.010157932,118272,1065.7837216854095,946176,0.035791643
0.0053020404,0.16455078,2019.3,-14.06,0.6633631885051727,889,925,0.9669572,-0.013557846,118400,1066.935585975647,947200,0.03920939
0.0046922253,0.18041992,2027.08,-14.09,0.5035063326358795,885,926,0.9869358,-0.011674871,118528,1068.0937910079956,948224,0.042782877
0.0032252911,0.15332031,2027.08,-14.09,0.539856493473053,919,927,1.0038242,-0.013433062,118656,1069.208480834961,949248,0.041244484
0.0038256813,0.16333008,2027.08,-14.09,0.6389379799365997,895,928,0.9502198,-0.011417137,118784,1070.3521120548248,950272,0.038207408
0.0048171966,0.17382812,2035.86,-14.04,0.7046957612037659,898,929,1.0039212,-0.012737759,118912,1071.4922964572906,951296,0.021644436
0.0038044224,0.18847656,2035.86,-14.04,0.5333453714847565,896,930,1.0010172,-0.012983342,119040,1072.6351289749146,952320,0.041593775
0.0043938416,0.19116211,2033.2,-14.07,0.7477914988994598,900,931,0.98288953,-0.009907637,119168,1073.7736268043518,953344,0.027650738
0.0037819718,0.19238281,2058.92,-13.93,0.5569380223751068,884,932,1.0643473,-0.012392728,119296,1074.9322900772095,954368,0.030230368
0.0053297156,0.18554688,2058.92,-13.93,0.5754005908966064,914,933,0.9739258,-0.010512754,119424,1076.0528337955475,955392,0.037141096
0.004249273,0.1940918,2058.92,-13.93,0.5571925938129425,894,934,1.0265104,-0.011276161,119552,1077.198896408081,956416,0.033651542
0.0032261582,0.14941406,2058.92,-13.93,0.5580561459064484,910,935,1.0453163,-0.010862027,119680,1078.3242325782776,957440,0.03534029
0.0030968697,0.15283203,2058.92,-13.93,0.5367003083229065,897,936,1.0428255,-0.0139110815,119808,1079.466293334961,958464,0.037824914
0.0035711224,0.20874023,2058.92,-13.93,0.6580795645713806,928,937,1.032175,-0.010724606,119936,1080.5694053173065,959488,0.030538987
0.0036812827,0.19458008,2058.92,-13.93,0.5499568283557892,903,938,1.0924026,-0.011768425,120064,1081.7041006088257,960512,0.03821964
0.0050879465,0.17871094,2058.92,-13.93,0.5793333053588867,899,939,0.99878,-0.012418198,120192,1082.8427073955536,961536,0.043181892
0.004330941,0.18383789,2058.92,-13.93,0.4395321011543274,931,940,1.0498497,-0.011531741,120320,1083.9428067207336,962560,0.033691153
0.0044676973,0.1796875,2058.92,-13.93,0.6004260182380676,932,941,1.0370488,-0.011263562,120448,1085.0422105789185,963584,0.035207167
0.003733126,0.18774414,2058.92,-13.93,0.6093975007534027,956,942,1.0459256,-0.010943908,120576,1086.1136338710785,964608,0.039719786
0.0045683514,0.1965332,2066.7,-13.96,0.4322670102119446,944,943,1.0500364,-0.011202285,120704,1087.1981792449951,965632,0.028292246
0.0030838707,0.16259766,2066.7,-13.96,0.5683030784130096,954,944,1.0131104,-0.01283523,120832,1088.2712037563324,966656,0.033409126
0.0037755456,0.18676758,2066.7,-13.96,0.6595748066902161,902,945,1.069801,-0.012894896,120960,1089.4065115451813,967680,0.03064244
0.0033846123,0.18164062,2076.84,-13.96,0.5111479759216309,902,946,1.0490838,-0.010659611,121088,1090.5412349700928,968704,0.030998802
0.0033680233,0.1796875,2076.84,-13.96,0.7270826101303101,943,947,0.9989744,-0.010476192,121216,1091.6269388198853,969728,0.02894163
0.0046363375,0.2084961,2077.5,-14.01,0.7092997431755066,880,948,1.0151743,-0.01052908,121344,1092.7912530899048,970752,0.029811256
0.0033816,0.18408203,2077.5,-14.01,0.6848208606243134,900,949,1.0549209,-0.011944277,121472,1093.928824186325,971776,0.026516909
0.0033913061,0.15234375,2077.5,-14.01,0.6275698840618134,886,950,1.003879,-0.011004589,121600,1095.0841674804688,972800,0.04504079
0.00431524,0.18774414,2085.99,-13.98,0.7036823630332947,916,951,1.0163134,-0.01437835,121728,1096.2026181221008,973824,0.028355144
0.0039625387,0.17919922,2085.99,-13.98,0.6348008811473846,886,952,1.0176653,-0.0137204155,121856,1097.358430147171,974848,0.035802778
0.0035299642,0.15893555,2097.93,-13.88,0.6867849826812744,828,953,1.0445698,-0.012212395,121984,1098.5952548980713,975872,0.03457804
0.002916307,0.14990234,2097.93,-13.88,0.6276598572731018,910,954,1.0080378,-0.010766445,122112,1099.7205040454865,976896,0.03398355
0.003322378,0.18017578,2108.85,-13.82,0.7921323329210281,890,955,1.0430639,-0.009396271,122240,1100.8723583221436,977920,0.01949057
0.0040029674,0.19897461,2108.85,-13.82,0.5790165662765503,916,956,1.0847509,-0.01178333,122368,1101.9899735450745,978944,0.040545728
0.004021653,0.18847656,2114.04,-13.78,0.6640302836894989,837,957,1.019801,-0.010361039,122496,1103.2134582996368,979968,0.028589454
0.0040354487,0.21459961,2114.04,-13.78,0.6216054856777191,890,958,1.0846312,-0.012978284,122624,1104.3637998104095,980992,0.03140255
0.0031066611,0.15258789,2114.04,-13.78,0.5857437252998352,911,959,1.0580798,-0.00901976,122752,1105.4884178638458,982016,0.04062704
0.004677046,0.20336914,2114.04,-13.78,0.6422687768936157,892,960,1.1094192,-0.012086616,122880,1106.6361155509949,983040,0.032418285
0.0032736885,0.16625977,2122.14,-13.76,0.6143399477005005,929,961,1.0459195,-0.011856415,123008,1107.7382431030273,984064,0.03701953
0.002706259,0.1550293,2127.7,-13.73,0.7383961379528046,889,962,1.0589143,-0.010548693,123136,1108.8901665210724,985088,0.027042545
0.004131657,0.18603516,2132.28,-13.72,0.5969398319721222,911,963,1.0596324,-0.012410947,123264,1110.0145771503448,986112,0.04149635
0.003024976,0.1472168,2132.28,-13.72,0.690045565366745,909,964,1.0634316,-0.008668899,123392,1111.1418397426605,987136,0.038748734
0.004362507,0.16552734,2138.34,-13.65,0.6808562576770782,901,965,1.0026988,-0.01143972,123520,1112.2783699035645,988160,0.042936474
0.0028266523,0.14794922,2138.34,-13.65,0.5351689159870148,897,966,1.0362933,-0.009865669,123648,1113.4206352233887,989184,0.03420397
0.0034939595,0.15405273,2138.34,-13.65,0.6278069913387299,910,967,1.0479058,-0.011280957,123776,1114.5462572574615,990208,0.04022601
0.005095502,0.17602539,2142.22,-13.63,0.5628879368305206,893,968,0.96678174,-0.0116743175,123904,1115.6936674118042,991232,0.045944795
0.0048361225,0.17456055,2142.22,-13.63,0.4465274214744568,908,969,1.0350052,-0.010949382,124032,1116.8212296962738,992256,0.03720139
0.0039414614,0.19750977,2142.22,-13.63,0.5719517171382904,914,970,1.1107572,-0.014029481,124160,1117.9415020942688,993280,0.03518643
0.0043205153,0.20532227,2142.22,-13.63,0.5680370628833771,911,971,1.0263329,-0.009740571,124288,1119.0662982463837,994304,0.032188706
0.0043405234,0.2006836,2148.21,-13.62,0.6222825348377228,902,972,1.0437819,-0.014489444,124416,1120.2018642425537,995328,0.04917908
0.0038133757,0.20117188,2148.21,-13.62,0.5488838851451874,903,973,0.99481696,-0.01095605,124544,1121.3356249332428,996352,0.0335218
0.004390516,0.21264648,2150.45,-13.61,0.6234192252159119,907,974,0.9987633,-0.014652511,124672,1122.4651970863342,997376,0.03097392
0.004485617,0.1875,2150.45,-13.61,0.607000470161438,896,975,1.0225524,-0.012896183,124800,1123.6078357696533,998400,0.033659425
0.0039433967,0.17993164,2150.45,-13.61,0.5708372294902802,896,976,0.9993257,-0.013525532,124928,1124.750559091568,999424,0.040960148
0.0033836153,0.15698242,2159.13,-13.52,0.6484340131282806,901,977,1.0072801,-0.0130283125,125056,1125.887062072754,1000448,0.032388616
0.0031611705,0.16088867,2162.39,-13.51,0.6687079071998596,937,978,1.0222926,-0.012055105,125184,1126.9799296855927,1001472,0.03772983
0.0044886824,0.16992188,2162.39,-13.51,0.3740473985671997,927,979,1.0101459,-0.014138052,125312,1128.0848405361176,1002496,0.043120224
0.0038177576,0.16796875,2162.39,-13.51,0.610077977180481,906,980,0.987385,-0.010279126,125440,1129.2149703502655,1003520,0.027093055
0.003992536,0.16259766,2162.39,-13.51,0.6624156832695007,912,981,0.96372783,-0.011199644,125568,1130.3379247188568,1004544,0.038494438
0.003634136,0.17163086,2162.39,-13.51,0.5509061217308044,891,982,0.9678292,-0.011998665,125696,1131.4872722625732,1005568,0.038489547
0.0042492882,0.14941406,2174.8,-13.42,0.5976147651672363,896,983,0.97545266,-0.012724986,125824,1132.6307680606842,1006592,0.036790643
0.0043124505,0.18041992,2174.8,-13.42,0.5170160830020905,899,984,0.9859407,-0.011783298,125952,1133.769915342331,1007616,0.036718514
0.00361671,0.17529297,2174.8,-13.42,0.5897193253040314,901,985,0.97178805,-0.010288078,126080,1134.906506061554,1008640,0.03864562
0.0031184861,0.13354492,2188.85,-13.33,0.4877796173095703,909,986,0.9456686,-0.013801951,126208,1136.033186674118,1009664,0.039499886
0.0032899636,0.18383789,2188.85,-13.33,0.6751607656478882,924,987,1.0097916,-0.012763666,126336,1137.141850233078,1010688,0.034358855
0.004404923,0.1887207,2206.09,-13.15,0.4558987021446228,893,988,0.97835773,-0.012648583,126464,1138.2889852523804,1011712,0.044338364
0.003541532,0.18725586,2206.09,-13.15,0.5936940312385559,902,989,1.0452821,-0.011687433,126592,1139.4245491027832,1012736,0.04925842
0.004803479,0.17504883,2211.01,-13.11,0.5397839546203613,892,990,0.99098086,-0.011860938,126720,1140.5728693008423,1013760,0.03760905
0.0032086764,0.16113281,2213.97,-13.13,0.5814787745475769,905,991,0.9708847,-0.010567817,126848,1141.7045204639435,1014784,0.03934984
0.0041950936,0.17553711,2213.97,-13.13,0.7365099787712097,890,992,0.9865131,-0.012471014,126976,1142.8550741672516,1015808,0.032032624
0.004462218,0.18701172,2213.97,-13.13,0.7473719716072083,903,993,0.97657424,-0.0117048975,127104,1143.9891428947449,1016832,0.03377763
0.004471708,0.18164062,2213.97,-13.13,0.6198042929172516,897,994,0.9246982,-0.011043696,127232,1145.130462884903,1017856,0.040573817
0.0031859186,0.15820312,2220.72,-13.08,0.6930072009563446,907,995,1.0284517,-0.011624264,127360,1146.2599740028381,1018880,0.034866303
0.0032369166,0.1574707,2225.64,-13.04,0.712209552526474,894,996,1.0068823,-0.009326386,127488,1147.4052453041077,1019904,0.035624504
0.004016851,0.18823242,2225.64,-13.04,0.6836262941360474,912,997,0.965335,-0.011954825,127616,1148.528751373291,1020928,0.034566548
0.0027186454,0.14501953,2225.64,-13.04,0.6228255927562714,895,998,1.0132557,-0.011039903,127744,1149.6736278533936,1021952,0.04516835
0.0029472539,0.16333008,2225.64,-13.04,0.526556134223938,903,999,1.0266883,-0.010213958,127872,1150.8073000907898,1022976,0.05348163
0.0043012053,0.20214844,2225.64,-13.04,0.6779756247997284,897,1000,0.96425796,-0.010402501,128000,1151.9485483169556,1024000,0.04819601
0.0049400493,0.18920898,2225.64,-13.04,0.6061870455741882,918,1001,1.0144268,-0.012157056,128128,1153.0638101100922,1025024,0.05198674
0.00409209,0.16601562,2225.64,-13.04,0.543144941329956,906,1002,0.9793678,-0.013636034,128256,1154.1936712265015,1026048,0.039341502
0.0051236046,0.20874023,2226.12,-13.05,0.6193245947360992,901,1003,1.0632089,-0.013699522,128384,1155.330231666565,1027072,0.043239757
0.0038354823,0.16088867,2226.12,-13.05,0.5935295224189758,905,1004,0.9445127,-0.01074204,128512,1156.4618062973022,1028096,0.05028484
0.004227455,0.20385742,2226.12,-13.05,0.6826990842819214,913,1005,1.0190661,-0.010169426,128640,1157.5838689804077,1029120,0.0345864
0.0043444433,0.18432617,2235.09,-12.97,0.6505617201328278,904,1006,0.9449958,-0.012628177,128768,1158.7163126468658,1030144,0.041025743
0.004579525,0.21704102,2247.82,-12.74,0.6226840913295746,876,1007,1.0051866,-0.012606242,128896,1159.8846566677094,1031168,0.04719976
0.0042898124,0.18457031,2253.72,-12.66,0.7564301490783691,889,1008,1.0316278,-0.011197842,129024,1161.036801815033,1032192,0.029906226
0.0038145809,0.16137695,2253.72,-12.66,0.7136053442955017,863,1009,1.0059627,-0.010680268,129152,1162.2235386371613,1033216,0.03617984
0.0037472076,0.19848633,2253.72,-12.66,0.6066046953201294,927,1010,1.0321693,-0.011277138,129280,1163.3279886245728,1034240,0.043305825
0.0035512757,0.1665039,2253.72,-12.66,0.6091546416282654,909,1011,1.005069,-0.011954545,129408,1164.4552476406097,1035264,0.04309136
0.0038871085,0.16772461,2259.21,-12.49,0.7278445065021515,888,1012,0.95753515,-0.011924625,129536,1165.6083245277405,1036288,0.03577792
0.0036999632,0.17333984,2266.72,-12.4,0.6193936169147491,916,1013,1.0291859,-0.010522007,129664,1166.7262833118439,1037312,0.046224743
0.004336267,0.20776367,2266.72,-12.4,0.730961263179779,893,1014,0.9514205,-0.0146570485,129792,1167.8725769519806,1038336,0.032465335
0.0042094714,0.2006836,2266.72,-12.4,0.6931279897689819,899,1015,1.013155,-0.012110252,129920,1169.0123126506805,1039360,0.037069328
0.0047589876,0.2019043,2266.72,-12.4,0.6262700259685516,866,1016,1.0123839,-0.013008764,130048,1170.1955151557922,1040384,0.040839814
0.004341415,0.18457031,2266.72,-12.4,0.6490220427513123,908,1017,1.0375987,-0.014235905,130176,1171.3229160308838,1041408,0.04132515
0.0036672032,0.17651367,2266.72,-12.4,0.5331616401672363,888,1018,1.0206803,-0.013286052,130304,1172.4766464233398,1042432,0.050822686
0.0035176533,0.15673828,2266.72,-12.4,0.6383041739463806,896,1019,1.039414,-0.010434629,130432,1173.619244813919,1043456,0.033872698
0.0035065738,0.15991211,2266.72,-12.4,0.6082195937633514,850,1020,1.0481151,-0.011118146,130560,1174.823852777481,1044480,0.046244826
0.004936371,0.20385742,2275.83,-12.32,0.7047670483589172,857,1021,1.0262728,-0.014035927,130688,1176.01824593544,1045504,0.03505729
0.0043588695,0.17944336,2275.83,-12.32,0.6992242336273193,912,1022,1.0408206,-0.011643335,130816,1177.141419172287,1046528,0.038275044
0.0040067304,0.16015625,2285.1,-12.24,0.705440104007721,902,1023,1.0339055,-0.008216996,130944,1178.2768306732178,1047552,0.03671508
0.003636451,0.18530273,2285.1,-12.24,0.6751049757003784,854,1024,1.0749086,-0.014168041,131072,1179.475647687912,1048576,0.03476737
0.0042529125,0.19360352,2288.45,-12.2,0.11694121360778809,925,1025,1.0509212,-0.015425574,131200,1180.5827341079712,1049600,0.048711166
0.0042263777,0.20410156,2288.45,-12.2,0.7394628822803497,892,1026,1.0761015,-0.012436745,131328,1181.7309484481812,1050624,0.035764102
0.0038507204,0.16723633,2296.43,-11.91,0.6639993786811829,898,1027,1.0381591,-0.01010021,131456,1182.8708665370941,1051648,0.038638696
0.003764629,0.18530273,2299.92,-11.94,0.5880533158779144,891,1028,1.0367024,-0.014538771,131584,1184.0207657814026,1052672,0.042428464
0.0039497316,0.16040039,2298.4,-11.93,0.6782237887382507,897,1029,1.0641065,-0.014118074,131712,1185.1627740859985,1053696,0.03353692
0.003234161,0.15478516,2298.4,-11.93,0.6433054208755493,903,1030,1.0329906,-0.011493362,131840,1186.2965075969696,1054720,0.041316308
0.0047987164,0.19238281,2312.15,-11.74,0.648923248052597,903,1031,1.0094516,-0.0095604975,131968,1187.4309079647064,1055744,0.04189553
0.0035099443,0.16333008,2312.15,-11.74,0.7760185897350311,907,1032,1.0559853,-0.008738624,132096,1188.5595438480377,1056768,0.02765343
0.0026188875,0.14331055,2312.15,-11.74,0.7164922654628754,907,1033,1.0231162,-0.011400309,132224,1189.6891722679138,1057792,0.03652273
0.0030804032,0.1418457,2312.15,-11.74,0.5685607194900513,896,1034,1.051837,-0.012762155,132352,1190.8324358463287,1058816,0.054373987
0.003486267,0.14453125,2320.69,-11.52,0.6212150156497955,927,1035,1.0489496,-0.012948599,132480,1191.9376368522644,1059840,0.049443714
0.0033914142,0.16064453,2320.69,-11.52,0.6940266489982605,911,1036,1.0492134,-0.010367634,132608,1193.0622379779816,1060864,0.04897855
0.0029449256,0.15429688,2320.69,-11.52,0.6437062323093414,908,1037,0.9951889,-0.00991278,132736,1194.1902949810028,1061888,0.046163917
0.0037769096,0.18188477,2320.69,-11.52,0.6929561495780945,905,1038,1.0147915,-0.009442415,132864,1195.3222765922546,1062912,0.043057904
0.003609995,0.16333008,2320.69,-11.52,0.7049829065799713,901,1039,0.98512447,-0.0076580625,132992,1196.458500623703,1063936,0.030339135
0.0033478497,0.16845703,2320.69,-11.52,0.7046088576316833,892,1040,1.0201685,-0.008752093,133120,1197.6070625782013,1064960,0.036312256
0.0039166254,0.1628418,2320.69,-11.52,0.7214128077030182,875,1041,0.99464864,-0.011850098,133248,1198.7772462368011,1065984,0.02751481
0.0032555182,0.16186523,2320.54,-11.5,0.708571195602417,881,1042,1.0449489,-0.010495832,133376,1199.9398605823517,1067008,0.028955331
0.004588156,0.18139648,2333.29,-11.22,0.7890843451023102,843,1043,0.9890681,-0.013389084,133504,1201.1541104316711,1068032,0.027342232
0.0054528555,0.23779297,2333.29,-11.22,0.7522262930870056,839,1044,1.0246527,-0.012677617,133632,1202.3746719360352,1069056,0.028103027
0.0042312955,0.17260742,2333.29,-11.22,0.7163017094135284,919,1045,0.99296486,-0.011555002,133760,1203.4891953468323,1070080,0.038896605
0.004269092,0.1977539,2333.29,-11.22,0.559920996427536,836,1046,1.0008179,-0.011972384,133888,1204.7143204212189,1071104,0.050357923
0.0036718019,0.15112305,2333.29,-11.22,0.6716789901256561,894,1047,0.97408295,-0.012509685,134016,1205.8599438667297,1072128,0.03664352
0.00388268,0.17382812,2348.78,-10.78,0.6159317493438721,818,1048,0.9662405,-0.012055027,134144,1207.1124510765076,1073152,0.047750477
0.0050219987,0.18920898,2356.44,-10.68,0.7452913820743561,892,1049,0.9518675,-0.012476873,134272,1208.260321855545,1074176,0.034344893
0.0059623504,0.19628906,2366.83,-10.47,0.7074732184410095,894,1050,1.0140342,-0.011112257,134400,1209.4058103561401,1075200,0.033574875
0.0040724007,0.17626953,2366.83,-10.47,0.6808459758758545,899,1051,0.9704859,-0.011449436,134528,1210.5446894168854,1076224,0.043034054
0.0040156157,0.16821289,2366.83,-10.47,0.7156136333942413,869,1052,1.0042884,-0.008991172,134656,1211.7233040332794,1077248,0.038218196
0.0037433072,0.15185547,2366.83,-10.47,0.5194211006164551,899,1053,0.9825043,-0.01148006,134784,1212.861908197403,1078272,0.050295975
0.0051082023,0.1965332,2366.83,-10.47,0.7137416899204254,898,1054,0.99220794,-0.012768482,134912,1214.0018181800842,1079296,0.032775998
0.0043366584,0.19116211,2379.49,-10.33,0.5951302945613861,868,1055,0.9589212,-0.01275507,135040,1215.181890487671,1080320,0.033608206
0.0039239926,0.18041992,2379.49,-10.33,0.761667788028717,897,1056,0.9626588,-0.012027814,135168,1216.3240175247192,1081344,0.02625014
0.0035696563,0.15722656,2379.49,-10.33,0.6710584461688995,912,1057,0.98093945,-0.011867489,135296,1217.4468970298767,1082368,0.036867145
0.0032168478,0.15136719,2379.49,-10.33,0.7118989527225494,902,1058,0.9397736,-0.009692868,135424,1218.581856250763,1083392,0.033097204
0.005238577,0.19091797,2379.49,-10.33,0.601908802986145,927,1059,0.9965259,-0.010870553,135552,1219.6872081756592,1084416,0.04839362
0.003994139,0.17822266,2379.49,-10.33,0.7200201153755188,899,1060,0.98944354,-0.010964703,135680,1220.8267843723297,1085440,0.031882696
0.005206853,0.19482422,2391.06,-10.16,0.7067846953868866,851,1061,0.9349304,-0.014597486,135808,1222.0293011665344,1086464,0.034701463
0.0048181997,0.19628906,2391.06,-10.16,0.6118827760219574,860,1062,1.027768,-0.012735914,135936,1223.2196862697601,1087488,0.03838082
0.005080865,0.1940918,2391.06,-10.16,0.7222477495670319,904,1063,1.0122654,-0.0122665875,136064,1224.3518209457397,1088512,0.03388202
0.0031722009,0.17871094,2391.06,-10.16,0.36234796047210693,902,1064,1.0355664,-0.012223151,136192,1225.4868035316467,1089536,0.05124098
0.0048659546,0.20141602,2391.06,-10.16,0.40623295307159424,900,1065,1.062942,-0.013804538,136320,1226.624413728714,1090560,0.05922048
0.005105107,0.19213867,2408.84,-9.96,0.6503856182098389,861,1066,1.0692158,-0.014536415,136448,1227.8137512207031,1091584,0.03810859
0.0042374833,0.16088867,2408.84,-9.96,0.6245855987071991,905,1067,1.0021503,-0.011020074,136576,1228.945629119873,1092608,0.03976966
0.0041004787,0.16381836,2408.84,-9.96,0.6641912162303925,874,1068,1.0186213,-0.011654959,136704,1230.1178603172302,1093632,0.03241089
0.0031410877,0.16601562,2408.84,-9.96,0.7036867737770081,894,1069,0.9687234,-0.012192486,136832,1231.262804031372,1094656,0.034624636
0.0038527718,0.15478516,2406.74,-9.92,0.6274546980857849,887,1070,1.0235841,-0.010359889,136960,1232.4176721572876,1095680,0.042829394
0.0046590227,0.16723633,2409.04,-9.71,0.6868813931941986,898,1071,0.9766408,-0.013411785,137088,1233.5585269927979,1096704,0.031908408
0.0033599343,0.14526367,2409.04,-9.71,0.7435648143291473,945,1072,0.9951181,-0.008664603,137216,1234.6427025794983,1097728,0.021665506
0.0042609596,0.19628906,2409.04,-9.71,0.7496968507766724,913,1073,1.0496879,-0.012930984,137344,1235.7650249004364,1098752,0.029028634
0.0038081051,0.1850586,2427.25,-9.55,0.4362187385559082,893,1074,0.99387145,-0.011852086,137472,1236.9118349552155,1099776,0.04643601
0.004375838,0.17651367,2444.23,-9.41,0.6588962078094482,939,1075,0.98666364,-0.012626981,137600,1238.0028274059296,1100800,0.03910277
0.004315865,0.18261719,2444.23,-9.41,0.7633663862943649,929,1076,0.9976803,-0.010996963,137728,1239.1054737567902,1101824,0.030242534
0.0031610827,0.1394043,2444.23,-9.41,0.6523979306221008,862,1077,1.0044477,-0.010197797,137856,1240.2934606075287,1102848,0.049319923
0.004624974,0.17163086,2444.23,-9.41,0.6427133083343506,911,1078,0.988044,-0.0110416785,137984,1241.4174189567566,1103872,0.04257143
0.0035746638,0.17822266,2444.23,-9.41,0.7237407267093658,901,1079,1.0227745,-0.010138581,138112,1242.5549449920654,1104896,0.035884663
0.0034068844,0.14941406,2459.57,-9.18,0.7117562294006348,901,1080,0.9567669,-0.011340701,138240,1243.6910591125488,1105920,0.040745135
0.004771829,0.18139648,2459.57,-9.18,0.7884411513805389,868,1081,0.9423302,-0.012420805,138368,1244.869963645935,1106944,0.02977229
0.0047575766,0.19042969,2459.57,-9.18,0.6537224054336548,921,1082,0.97054327,-0.012541982,138496,1245.9817543029785,1107968,0.0434154
0.0036269883,0.17089844,2459.57,-9.18,0.6988196074962616,898,1083,0.9780198,-0.011005163,138624,1247.121887922287,1108992,0.039755512
0.0038207434,0.17260742,2458.32,-9.13,0.5890393853187561,901,1084,0.95610946,-0.011395561,138752,1248.2585124969482,1110016,0.04882831
0.0048883217,0.19165039,2458.32,-9.13,0.6936357021331787,895,1085,1.0408013,-0.012525227,138880,1249.40336728096,1111040,0.037860695
0.0036556013,0.15673828,2470.35,-8.97,0.7693675309419632,894,1086,0.92140913,-0.008860976,139008,1250.5484201908112,1112064,0.030220225
0.004386661,0.18725586,2470.35,-8.97,0.6677751839160919,907,1087,0.97609943,-0.012038114,139136,1251.6772768497467,1113088,0.04688327
0.0035774366,0.17822266,2470.35,-8.97,0.7219857573509216,903,1088,1.0101258,-0.012058493,139264,1252.8116297721863,1114112,0.03196869
0.0047141016,0.17016602,2470.35,-8.97,0.5107846856117249,893,1089,0.98404896,-0.011125992,139392,1253.9577856063843,1115136,0.06374376
0.005179034,0.17480469,2482.29,-8.75,0.7717658281326294,860,1090,0.936872,-0.012721944,139520,1255.1485567092896,1116160,0.026431594
0.003866739,0.17333984,2477.26,-8.78,0.7245972454547882,872,1091,1.0114468,-0.012482893,139648,1256.3224818706512,1117184,0.039023906
0.0041390834,0.17822266,2477.26,-8.78,0.72906294465065,896,1092,1.0027497,-0.011750023,139776,1257.464873790741,1118208,0.031444833
0.0036765884,0.16772461,2477.26,-8.78,0.7137653529644012,889,1093,0.9637038,-0.010448968,139904,1258.6169502735138,1119232,0.034852315
0.0029908444,0.15258789,2477.26,-8.78,0.5546522438526154,865,1094,0.986289,-0.0088345045,140032,1259.8003103733063,1120256,0.055982925
0.0044685765,0.2109375,2477.26,-8.78,0.6334738731384277,907,1095,0.9566188,-0.012208316,140160,1260.929692029953,1121280,0.047781855
0.0035698083,0.1821289,2477.26,-8.78,0.7918284088373184,870,1096,0.96947074,-0.007701042,140288,1262.1069371700287,1122304,0.021601161
0.0036795547,0.16992188,2477.26,-8.78,0.7776150554418564,941,1097,0.944977,-0.009918691,140416,1263.195042848587,1123328,0.03450289
0.0039552907,0.1616211,2502.98,-8.45,0.5967924892902374,950,1098,0.9493723,-0.013251964,140544,1264.2730357646942,1124352,0.048441935
0.0034683668,0.1616211,2524.55,-8.26,0.5443791449069977,905,1099,0.9547156,-0.013132508,140672,1265.4045975208282,1125376,0.044026967
0.0042706328,0.16259766,2524.55,-8.26,0.7943759858608246,954,1100,0.9637782,-0.011211375,140800,1266.4786639213562,1126400,0.032634877
0.0046809595,0.1706543,2532.29,-8.02,0.8555920273065567,880,1101,0.99368715,-0.012361812,140928,1267.6427581310272,1127424,0.018681036
0.0039022353,0.17871094,2532.29,-8.02,0.7429459989070892,899,1102,1.0069027,-0.01024478,141056,1268.78169131279,1128448,0.038447257
0.004411566,0.17333984,2532.29,-8.02,0.7712976634502411,889,1103,0.9749429,-0.01314389,141184,1269.9338433742523,1129472,0.034514423
0.0038094088,0.18554688,2540.51,-7.72,0.6842666864395142,852,1104,1.0091293,-0.012581349,141312,1271.1353459358215,1130496,0.03875625
0.0032143756,0.14648438,2540.51,-7.72,0.7082231640815735,895,1105,1.0020115,-0.010827806,141440,1272.2799303531647,1131520,0.048847176
0.00471736,0.14916992,2546.26,-7.5,0.6472512483596802,870,1106,0.9555572,-0.011595176,141568,1273.457177400589,1132544,0.050565824
0.0050919736,0.17041016,2546.26,-7.5,0.7139318585395813,900,1107,1.0436895,-0.013193264,141696,1274.594672203064,1133568,0.04021533
0.0040092138,0.1706543,2546.26,-7.5,0.7238743305206299,870,1108,0.95796335,-0.009571354,141824,1275.7717790603638,1134592,0.03680685
0.0039047422,0.16625977,2546.26,-7.5,0.5543425977230072,891,1109,0.98242897,-0.011927044,141952,1276.9213318824768,1135616,0.05824322
0.0031420738,0.15722656,2546.26,-7.5,0.7543539851903915,849,1110,0.9582042,-0.00971915,142080,1278.1269228458405,1136640,0.038884245
0.003990523,0.18579102,2546.26,-7.5,0.6283997297286987,916,1111,1.0348321,-0.007063283,142208,1279.2447092533112,1137664,0.037931327
0.0042187907,0.16821289,2546.26,-7.5,0.6982134282588959,947,1112,0.9256578,-0.01076532,142336,1280.3267261981964,1138688,0.036170952
0.0043932036,0.18969727,2544.66,-7.19,0.7351630330085754,846,1113,1.0375855,-0.010875946,142464,1281.536574602127,1139712,0.031796027
0.0033614854,0.16381836,2562.12,-6.94,0.673199474811554,852,1114,0.9885677,-0.01266946,142592,1282.7376317977905,1140736,0.044747226
0.003877292,0.16894531,2562.12,-6.94,0.6344189047813416,885,1115,0.9645478,-0.010656961,142720,1283.8944954872131,1141760,0.045743234
0.004120553,0.1640625,2562.12,-6.94,0.6815008223056793,849,1116,1.0150697,-0.010863143,142848,1285.1008942127228,1142784,0.031403173
0.0037013674,0.17089844,2562.12,-6.94,0.7750302106142044,904,1117,1.0027536,-0.013307739,142976,1286.2336201667786,1143808,0.030897662
0.0040953085,0.17797852,2562.12,-6.94,0.8037684261798859,854,1118,0.9852885,-0.013265914,143104,1287.4322838783264,1144832,0.032794077
0.00465283,0.20922852,2563.88,-6.67,0.8019501566886902,876,1119,0.9942871,-0.013570172,143232,1288.6009652614594,1145856,0.026827188
0.004347784,0.18725586,2562.12,-6.67,0.7115421891212463,838,1120,0.9780667,-0.011606733,143360,1289.8236780166626,1146880,0.0463094
0.00404687,0.19970703,2562.12,-6.67,0.8259388506412506,875,1121,0.9838196,-0.014421469,143488,1290.9938571453094,1147904,0.030091599
0.0040244674,0.1887207,2562.12,-6.67,0.7959840446710587,907,1122,0.9956971,-0.011650758,143616,1292.1233263015747,1148928,0.036465246
0.0045681763,0.16186523,2571.17,-6.61,0.6001740992069244,896,1123,0.9751533,-0.012782618,143744,1293.2659349441528,1149952,0.062668145
0.004171878,0.17822266,2580.22,-6.33,0.782959595322609,851,1124,1.0142483,-0.013261679,143872,1294.4683201313019,1150976,0.030518088
0.0035249502,0.18041992,2571.95,-6.42,0.6002300381660461,836,1125,1.0621116,-0.01125897,144000,1295.6935148239136,1152000,0.054371852
0.0047702594,0.20947266,2571.95,-6.42,0.7601808458566666,914,1126,1.0319724,-0.012090464,144128,1296.8135526180267,1153024,0.027517956
0.0044109826,0.17333984,2569.23,-6.29,0.806393101811409,857,1127,0.98782295,-0.013866375,144256,1298.0078299045563,1154048,0.02750603
0.0048782662,0.18554688,2569.23,-6.29,0.729405552148819,930,1128,1.0448027,-0.012600655,144384,1299.1086869239807,1155072,0.036722817
0.004186063,0.18554688,2569.23,-6.29,0.769018292427063,906,1129,0.99044114,-0.012207868,144512,1300.2390229701996,1156096,0.04899583
0.003221595,0.1616211,2569.23,-6.29,0.6272394359111786,873,1130,1.0066764,-0.01330998,144640,1301.412612438202,1157120,0.051284794
0.0042496873,0.171875,2569.23,-6.29,0.6807526051998138,902,1131,1.0130222,-0.012197581,144768,1302.5474977493286,1158144,0.0389009
0.0039087683,0.17553711,2570.98,-6.02,0.6848566830158234,852,1132,1.0234183,-0.010951732,144896,1303.7495062351227,1159168,0.040487137
0.0034542456,0.14331055,2570.98,-6.02,0.6642988622188568,915,1133,0.9805339,-0.011382153,145024,1304.86825299263,1160192,0.04293687
0.00345326,0.14404297,2580.21,-5.94,0.6890715956687927,848,1134,0.96980816,-0.012186004,145152,1306.0754520893097,1161216,0.045935415
0.0042362683,0.16015625,2580.21,-5.94,0.7341509461402893,903,1135,0.99720883,-0.013422539,145280,1307.2096276283264,1162240,0.037618805
0.003696417,0.19360352,2580.21,-5.94,0.7393487393856049,880,1136,1.0547296,-0.013778411,145408,1308.3727679252625,1163264,0.04169902
0.0031516722,0.15112305,2580.21,-5.94,0.7412607073783875,938,1137,1.0080724,-0.011315895,145536,1309.4644021987915,1164288,0.030759204
0.0034899716,0.15649414,2580.21,-5.94,0.7718603610992432,903,1138,1.0061084,-0.011028093,145664,1310.5980024337769,1165312,0.037676353
0.003926142,0.19189453,2580.21,-5.94,0.7812820971012115,892,1139,1.048165,-0.012757355,145792,1311.7460556030273,1166336,0.028300727
0.0034107566,0.17016602,2580.21,-5.94,0.742399275302887,903,1140,1.0449345,-0.009824983,145920,1312.8800868988037,1167360,0.04829813
0.003548549,0.1616211,2583.8,-5.9,0.7574350386857986,893,1141,1.029997,-0.012226904,146048,1314.0267899036407,1168384,0.03990438
0.0044290866,0.18652344,2584.34,-5.68,0.6815779507160187,876,1142,1.0277854,-0.01310087,146176,1315.195456981659,1169408,0.042987376
0.004608422,0.19262695,2584.34,-5.68,0.7058393061161041,887,1143,1.051675,-0.012395123,146304,1316.350191116333,1170432,0.04316363
0.0027088637,0.15258789,2589.89,-5.61,0.6752848625183105,857,1144,1.0784656,-0.012507304,146432,1317.5447990894318,1171456,0.045665465
0.004558584,0.18237305,2597.36,-5.52,0.7174348533153534,889,1145,1.1116793,-0.0138203,146560,1318.6973640918732,1172480,0.03623193
0.0034551988,0.17675781,2597.36,-5.52,0.6870748698711395,881,1146,1.1017926,-0.013475897,146688,1319.859414100647,1173504,0.04281714
0.004243111,0.19482422,2597.36,-5.52,0.7989577502012253,893,1147,1.0258403,-0.013218908,146816,1321.0058603286743,1174528,0.033720676
0.0042171148,0.1809082,2599.44,-5.4,0.2536119818687439,867,1148,1.0284371,-0.014169018,146944,1322.1873366832733,1175552,0.046484437
0.004371058,0.17114258,2601.37,-5.36,0.709009200334549,897,1149,1.0298094,-0.016114622,147072,1323.3292396068573,1176576,0.04047322
0.0037099407,0.17382812,2601.37,-5.36,0.5705343186855316,908,1150,1.0203274,-0.012111351,147200,1324.4571537971497,1177600,0.04228555
0.0041011423,0.16503906,2606.22,-5.25,0.7004977464675903,896,1151,1.0415654,-0.012830183,147328,1325.5998833179474,1178624,0.041209456
0.0040036915,0.15893555,2606.22,-5.25,0.6953475177288055,898,1152,1.0193241,-0.013351539,147456,1326.740254163742,1179648,0.044696335
0.0032404412,0.16796875,2606.22,-5.25,0.7358167171478271,845,1153,1.0374966,-0.011483522,147584,1327.9516024589539,1180672,0.03449509
0.004039625,0.16674805,2603.97,-5.03,0.7433705031871796,889,1154,1.0951384,-0.01540372,147712,1329.1040992736816,1181696,0.028890328
0.004182041,0.18139648,2603.97,-5.03,0.6436773240566254,890,1155,1.0853186,-0.011828034,147840,1330.2549953460693,1182720,0.04111271
0.0037263522,0.17504883,2603.97,-5.03,0.7394261062145233,888,1156,1.0744697,-0.01190294,147968,1331.407964706421,1183744,0.039049543
0.0036398764,0.1862793,2603.97,-5.03,0.636792778968811,859,1157,1.0390368,-0.013249424,148096,1332.5998480319977,1184768,0.045685444
0.004401042,0.15991211,2603.97,-5.03,0.7580315917730331,889,1158,1.0369396,-0.009501042,148224,1333.7522587776184,1185792,0.032936726
0.003917022,0.18164062,2603.97,-5.03,0.7507398575544357,913,1159,1.0136597,-0.011608496,148352,1334.8738992214203,1186816,0.038639776
0.0034112642,0.1574707,2603.97,-5.03,0.612204372882843,861,1160,1.0584881,-0.013558954,148480,1336.0630910396576,1187840,0.043741804
0.0038488517,0.1772461,2603.97,-5.03,0.7339912056922913,911,1161,0.994714,-0.014221487,148608,1337.1868741512299,1188864,0.0382184
0.004091118,0.15917969,2603.97,-5.03,0.7341558337211609,867,1162,1.010571,-0.014452038,148736,1338.367522239685,1189888,0.045841023
0.0036616314,0.16455078,2611.0,-4.99,0.7254358232021332,871,1163,1.0320268,-0.009069288,148864,1339.5435037612915,1190912,0.04136818
0.0036501484,0.1640625,2611.98,-4.99,0.7075827419757843,840,1164,1.0281672,-0.01102032,148992,1340.7615914344788,1191936,0.05326522
0.0035904208,0.14794922,2611.98,-4.99,0.6956585645675659,854,1165,1.033537,-0.011471187,149120,1341.9602267742157,1192960,0.03406036
0.0044156457,0.17578125,2609.7,-4.91,0.7736712843179703,834,1166,1.0106121,-0.012864843,149248,1343.1874232292175,1193984,0.03691878
0.003536564,0.19116211,2609.7,-4.91,0.7776346504688263,842,1167,1.0669825,-0.014857717,149376,1344.4038197994232,1195008,0.0284422
0.003623409,0.17407227,2609.7,-4.91,0.6329492330551147,849,1168,1.0299805,-0.012826194,149504,1345.610256433487,1196032,0.037691705
0.003287651,0.15161133,2609.7,-4.91,0.7262472808361053,847,1169,1.0211174,-0.010984144,149632,1346.8185687065125,1197056,0.039905857
0.004815354,0.20336914,2615.04,-4.71,0.6706123650074005,840,1170,1.0260739,-0.011016038,149760,1348.0377297401428,1198080,0.04252153
0.004431164,0.18041992,2615.04,-4.71,0.6943553388118744,904,1171,1.0137078,-0.01304279,149888,1349.1701090335846,1199104,0.037158355
0.0034945996,0.18603516,2615.04,-4.71,0.7976082563400269,903,1172,1.0481501,-0.010303249,150016,1350.3047888278961,1200128,0.03257192
0.0045164074,0.20678711,2615.04,-4.71,0.7736795544624329,893,1173,1.0822203,-0.013969789,150144,1351.4517793655396,1201152,0.034554124
0.0045543406,0.14746094,2617.9,-4.65,0.6202493906021118,907,1174,1.0488191,-0.01238351,150272,1352.5814731121063,1202176,0.048903942
0.0030571276,0.15283203,2617.9,-4.65,0.8285244256258011,896,1175,1.0685142,-0.011209925,150400,1353.7244820594788,1203200,0.022502447
0.0035660935,0.16845703,2617.9,-4.65,0.6100886166095734,900,1176,1.0800643,-0.011407504,150528,1354.8624794483185,1204224,0.042086367
0.00682365,0.15600586,2638.87,-4.26,0.7592732310295105,876,1177,1.0781636,-0.0115672145,150656,1356.0310966968536,1205248,0.029680343
0.0037729759,0.17480469,2638.87,-4.26,0.7492855787277222,904,1178,1.07188,-0.011270328,150784,1357.1633682250977,1206272,0.03482604
0.0043786075,0.1887207,2638.87,-4.26,0.5702279806137085,894,1179,1.0145847,-0.013559689,150912,1358.3094902038574,1207296,0.041763816
0.0041328236,0.20532227,2638.87,-4.26,0.677752286195755,896,1180,1.0746257,-0.0084923245,151040,1359.4521477222443,1208320,0.037393406
0.0035440037,0.16479492,2638.87,-4.26,0.8189958781003952,901,1181,1.0345862,-0.012362596,151168,1360.588923215866,1209344,0.023310034
0.0044544907,0.19628906,2638.87,-4.26,0.727735847234726,899,1182,1.0222481,-0.010574853,151296,1361.727866411209,1210368,0.03714226
0.004760169,0.18334961,2638.87,-4.26,0.72430419921875,889,1183,1.0468187,-0.013057667,151424,1362.8801248073578,1211392,0.034697108
0.004682386,0.17480469,2633.55,-3.93,0.7336128950119019,922,1184,1.0150945,-0.011096948,151552,1363.9908220767975,1212416,0.039791018
0.00966994,0.22167969,2637.57,-3.73,0.7408083379268646,895,1185,1.033268,-0.012479762,151680,1365.1353573799133,1213440,0.029297985
0.0034765163,0.15820312,2645.32,-3.49,0.7518061995506287,958,1186,1.0008948,-0.011264832,151808,1366.2040467262268,1214464,0.038848016
0.0038921428,0.18603516,2645.32,-3.49,0.647993415594101,905,1187,1.067487,-0.012122011,151936,1367.3358500003815,1215488,0.041246817
0.0044091614,0.16967773,2652.15,-3.45,0.8219006061553955,922,1188,0.98380685,-0.012792146,152064,1368.4470722675323,1216512,0.027662463
0.0035246145,0.17333984,2652.15,-3.45,0.717509388923645,898,1189,1.0685991,-0.013312226,152192,1369.5876741409302,1217536,0.042852834
0.003290733,0.16210938,2652.15,-3.45,0.6705770492553711,903,1190,1.0638916,-0.015200134,152320,1370.722353219986,1218560,0.054696113
0.0027915277,0.1574707,2652.15,-3.45,0.7326463460922241,897,1191,1.043994,-0.011602177,152448,1371.8640785217285,1219584,0.030529328
0.0037558612,0.17626953,2671.05,-3.27,0.6741888225078583,891,1192,1.0281256,-0.011784806,152576,1373.0128548145294,1220608,0.04829865
0.0041808635,0.16748047,2671.05,-3.27,0.785770520567894,891,1193,1.0524256,-0.011046264,152704,1374.1621034145355,1221632,0.02980297
0.003895967,0.18652344,2671.05,-3.27,0.7923533022403717,903,1194,1.0083636,-0.014283711,152832,1375.2961859703064,1222656,0.032430872
0.0032237847,0.16308594,2671.05,-3.27,0.7623097002506256,887,1195,1.0059044,-0.011456204,152960,1376.4501311779022,1223680,0.03615537
0.0036937047,0.16992188,2671.05,-3.27,0.6985034644603729,947,1196,1.0451227,-0.012227836,153088,1377.53200340271,1224704,0.043363247
0.003567405,0.1586914,2671.05,-3.27,0.7309223413467407,895,1197,1.0263698,-0.011936619,153216,1378.6766436100006,1225728,0.04070845
0.0040449887,0.17138672,2679.7,-3.02,0.7722693830728531,896,1198,1.0338038,-0.012654975,153344,1379.8201451301575,1226752,0.03155571
0.0052827545,0.17260742,2673.13,-3.02,0.7332039773464203,876,1199,1.0477015,-0.0125819165,153472,1380.9886128902435,1227776,0.03591705
0.0033785878,0.18359375,2673.13,-3.02,0.7879893928766251,904,1200,1.0183516,-0.011549013,153600,1382.1217012405396,1228800,0.034700252
0.0038492805,0.16625977,2675.96,-2.88,0.7201753854751587,893,1201,1.0246744,-0.012082638,153728,1383.268827199936,1229824,0.03554867
0.004286029,0.17285156,2675.96,-2.88,0.7084177434444427,891,1202,1.0668627,-0.012165764,153856,1384.4180076122284,1230848,0.037312392
0.0032599256,0.18139648,2675.96,-2.88,0.8245335221290588,906,1203,1.0157176,-0.011734753,153984,1385.548968076706,1231872,0.029168157
0.0048898,0.19970703,2675.96,-2.88,0.610622227191925,956,1204,1.0627862,-0.011271488,154112,1386.6206755638123,1232896,0.035319783
0.0041857343,0.20458984,2675.96,-2.88,0.5934538245201111,891,1205,1.0612766,-0.011893376,154240,1387.7700912952423,1233920,0.044321507
0.0045277285,0.17553711,2679.24,-2.69,0.48673123121261597,891,1206,1.0585933,-0.012659028,154368,1388.919267654419,1234944,0.052927274
0.0032207686,0.16967773,2679.24,-2.69,0.7185240387916565,905,1207,1.0379474,-0.010703268,154496,1390.0505797863007,1235968,0.032530744
0.0033208847,0.16357422,2687.37,-2.43,0.7993209511041641,898,1208,1.0670973,-0.011884313,154624,1391.1911671161652,1236992,0.018861026
0.0037466022,0.1340332,2687.37,-2.43,0.6729089617729187,889,1209,1.0595644,-0.010627039,154752,1392.343784570694,1238016,0.04018281
0.0031611014,0.14794922,2684.09,-2.42,0.6526611745357513,893,1210,1.1011412,-0.013599558,154880,1393.4907896518707,1239040,0.045727964
0.0028497342,0.14257812,2695.9,-2.3,0.7018797099590302,912,1211,1.1152616,-0.012938338,155008,1394.6139707565308,1240064,0.037678324
0.0031776582,0.14868164,2695.9,-2.3,0.5882852375507355,889,1212,1.0652022,-0.01184556,155136,1395.7654778957367,1241088,0.04446351
0.0024625005,0.13378906,2695.9,-2.3,0.7658310979604721,890,1213,1.1498224,-0.010284553,155264,1396.916702747345,1242112,0.029141594
0.0043189432,0.18725586,2695.9,-2.3,0.7390702962875366,902,1214,1.02805,-0.012083039,155392,1398.0514552593231,1243136,0.03799546
0.0027467688,0.12963867,2691.62,-2.02,0.770954042673111,881,1215,1.0586314,-0.0114303185,155520,1399.2143647670746,1244160,0.027789699
0.0033043874,0.15771484,2691.62,-2.02,0.5791825354099274,897,1216,1.058416,-0.012151751,155648,1400.3564603328705,1245184,0.048122093
0.004247827,0.15795898,2691.62,-2.02,0.724829763174057,897,1217,1.075387,-0.01218392,155776,1401.4985275268555,1246208,0.032638546
0.0034513874,0.16625977,2684.3,-1.81,0.6905068755149841,895,1218,1.0724517,-0.014275205,155904,1402.6426119804382,1247232,0.037973028
0.0037512365,0.16308594,2684.3,-1.81,0.706255316734314,895,1219,1.1069173,-0.013568252,156032,1403.7868359088898,1248256,0.04076641
0.004266141,0.17944336,2684.3,-1.81,0.7036415636539459,970,1220,1.129931,-0.0165374,156160,1404.843689918518,1249280,0.036954105
0.0035009985,0.16186523,2684.3,-1.81,0.6839666068553925,905,1221,1.1136501,-0.011577508,156288,1405.975646495819,1250304,0.038765162
0.002862886,0.13330078,2684.3,-1.81,0.7380154430866241,903,1222,1.0710379,-0.011054238,156416,1407.1096868515015,1251328,0.028557248
0.0033234763,0.16870117,2696.71,-1.72,0.7284421920776367,885,1223,1.1046185,-0.0143866865,156544,1408.267494916916,1252352,0.02956988
0.004157697,0.1665039,2696.71,-1.72,0.7452923059463501,907,1224,1.0814462,-0.011473601,156672,1409.396624326706,1253376,0.034805547
0.0037241727,0.1665039,2696.71,-1.72,0.6786883771419525,909,1225,1.1004968,-0.013375734,156800,1410.5231881141663,1254400,0.043793418
0.005304948,0.2175293,2696.71,-1.72,0.7446810007095337,910,1226,1.1031661,-0.011585697,156928,1411.6489930152893,1255424,0.03260321
0.004126461,0.16674805,2701.99,-1.5,0.7310050129890442,896,1227,1.1149138,-0.012155363,157056,1412.7914872169495,1256448,0.03804499
0.002609156,0.13330078,2701.99,-1.5,0.6010479927062988,894,1228,1.1427312,-0.0101632625,157184,1413.9366931915283,1257472,0.0495647
0.0037437095,0.15258789,2701.99,-1.5,0.6689651012420654,892,1229,1.0546225,-0.0127484435,157312,1415.084222793579,1258496,0.04144117
0.0043273866,0.19628906,2701.99,-1.5,0.7122666239738464,905,1230,1.1428881,-0.014845393,157440,1416.2154426574707,1259520,0.03125725
0.003251578,0.1394043,2701.99,-1.5,0.669698178768158,904,1231,1.0467708,-0.012823864,157568,1417.3483183383942,1260544,0.04761465
0.0035875372,0.16552734,2701.99,-1.5,0.7359277009963989,900,1232,1.0961398,-0.0148707675,157696,1418.4866197109222,1261568,0.029096624
0.0039838813,0.18066406,2712.33,-1.4,0.7762406915426254,918,1233,1.0508883,-0.010061923,157824,1419.6016478538513,1262592,0.027290808
0.0038410735,0.15673828,2724.37,-1.23,0.7692482471466064,897,1234,1.0586798,-0.011963639,157952,1420.7432324886322,1263616,0.03176003
0.004098618,0.1772461,2733.33,-1.16,0.6839686334133148,889,1235,1.1484878,-0.011894055,158080,1421.8957397937775,1264640,0.050401572
0.0039661434,0.1928711,2734.11,-0.9,0.7117504477500916,892,1236,1.094243,-0.013999118,158208,1423.0435276031494,1265664,0.03244248
0.003597878,0.1459961,2737.88,-0.85,0.7715086340904236,899,1237,1.0972369,-0.0129767405,158336,1424.1830389499664,1266688,0.03188413
0.0033513342,0.15698242,2737.88,-0.85,0.6916747093200684,906,1238,1.0353312,-0.011442794,158464,1425.313248872757,1267712,0.039867353
0.0031295537,0.16601562,2737.88,-0.85,0.7396449446678162,905,1239,1.1270505,-0.012669171,158592,1426.4448871612549,1268736,0.027031451
0.004194449,0.1640625,2737.88,-0.85,0.7665207386016846,911,1240,1.0455813,-0.011090312,158720,1427.5689997673035,1269760,0.028750759
0.0033649337,0.16748047,2737.88,-0.85,0.7776867896318436,899,1241,1.0567582,-0.00798727,158848,1428.7081577777863,1270784,0.026195673
0.0043888926,0.17553711,2748.04,-0.59,0.767071083188057,888,1242,1.0826278,-0.013813177,158976,1429.8613424301147,1271808,0.03622123
0.0032000553,0.14428711,2749.12,-0.25,0.7721156924962997,892,1243,0.9987836,-0.013079088,159104,1431.0095360279083,1272832,0.039432548
0.004403895,0.17285156,2749.12,-0.25,0.7157009541988373,899,1244,1.0602313,-0.012819247,159232,1432.1491379737854,1273856,0.037153617
0.0035184706,0.15917969,2749.12,-0.25,0.6629824042320251,896,1245,1.1074055,-0.011865169,159360,1433.2915296554565,1274880,0.03394163
0.0028462044,0.13623047,2749.12,-0.25,0.7151181101799011,900,1246,1.0481248,-0.012659263,159488,1434.4292058944702,1275904,0.04136594
0.0030373973,0.14575195,2749.12,-0.25,0.821297287940979,895,1247,1.1215332,-0.012293639,159616,1435.5730607509613,1276928,0.022406906
0.003676799,0.1574707,2749.12,-0.25,0.6843497157096863,901,1248,1.0183587,-0.011585751,159744,1436.7092723846436,1277952,0.046722107
0.0034827003,0.13574219,2749.12,-0.25,0.7867666780948639,948,1249,1.0602394,-0.011304202,159872,1437.7896258831024,1278976,0.024050852
0.0035204818,0.15600586,2749.12,-0.25,0.7269137799739838,905,1250,1.093971,-0.013847841,160000,1438.9211132526398,1280000,0.04674748
0.0034139256,0.14086914,2741.93,-0.02,0.6502185463905334,906,1251,0.995942,-0.010716913,160128,1440.0512821674347,1281024,0.04733103
0.0043436936,0.17919922,2741.93,-0.02,0.6961572468280792,902,1252,0.99593824,-0.012081043,160256,1441.186987400055,1282048,0.035821054
0.0034696264,0.15820312,2741.93,-0.02,0.677930623292923,893,1253,1.04328,-0.013699831,160384,1442.3335552215576,1283072,0.04492686
0.0044691553,0.18823242,2738.52,0.13,0.7442958056926727,898,1254,1.0222297,-0.011419201,160512,1443.4745428562164,1284096,0.03834801
0.0041391836,0.20141602,2738.52,0.13,0.6046113669872284,889,1255,1.083092,-0.0126846675,160640,1444.62646317482,1285120,0.044495594
0.0036219095,0.16821289,2738.52,0.13,0.7249429523944855,908,1256,1.0461078,-0.009857604,160768,1445.754413843155,1286144,0.03726363
0.0043563903,0.18359375,2738.52,0.13,0.772528350353241,889,1257,1.0268401,-0.0104923975,160896,1446.9061772823334,1287168,0.030857641
0.0037346154,0.16503906,2738.52,0.13,0.5814385414123535,905,1258,1.0331035,-0.010965503,161024,1448.0377700328827,1288192,0.04108891
0.004289126,0.17895508,2744.35,0.29,0.7130322754383087,893,1259,1.0405768,-0.009916041,161152,1449.1847839355469,1289216,0.030628856
0.0032915992,0.16040039,2744.35,0.29,0.7579559534788132,909,1260,1.0289363,-0.010454895,161280,1450.3117973804474,1290240,0.0373093
0.0033573906,0.14135742,2744.49,0.24,0.72612664103508,881,1261,0.9932836,-0.011047439,161408,1451.4740180969238,1291264,0.03995853
0.0030585227,0.14086914,2744.49,0.24,0.6546746790409088,910,1262,1.0069364,-0.011609081,161536,1452.5992543697357,1292288,0.040061533
0.003308088,0.1640625,2744.49,0.24,0.6726184189319611,893,1263,0.9776213,-0.010715431,161664,1453.7457432746887,1293312,0.039418858
0.003594933,0.16479492,2751.6,0.46,0.7917964458465576,902,1264,0.9894229,-0.011134543,161792,1454.8811302185059,1294336,0.024255875
0.0044589574,0.17553711,2780.54,0.86,0.8277312070131302,896,1265,0.92817676,-0.0114101935,161920,1456.0239341259003,1295360,0.026369296
0.0028364037,0.12988281,2780.54,0.86,0.6937747597694397,906,1266,1.029882,-0.009359652,162048,1457.154586315155,1296384,0.038958803
0.0037832737,0.19433594,2780.54,0.86,0.7786356955766678,897,1267,1.0102077,-0.01112877,162176,1458.2960274219513,1297408,0.022801261
0.003727664,0.17578125,2780.54,0.86,0.7788920253515244,904,1268,1.0016445,-0.010514973,162304,1459.4284167289734,1298432,0.026760671
0.004210335,0.19433594,2782.73,0.91,0.619867205619812,891,1269,1.0175933,-0.010602433,162432,1460.5780947208405,1299456,0.04069576
0.003917315,0.16699219,2783.93,1.12,0.8092002421617508,893,1270,0.98145735,-0.012119388,162560,1461.7244629859924,1300480,0.029821374
0.003578758,0.16748047,2783.93,1.12,0.7214687764644623,899,1271,1.0404816,-0.012454893,162688,1462.863552570343,1301504,0.03295048
0.0041487757,0.1616211,2783.93,1.12,0.798976868391037,913,1272,1.06211,-0.011036115,162816,1463.9850316047668,1302528,0.030056937
0.0041248226,0.17895508,2783.93,1.12,0.726455569267273,908,1273,1.02644,-0.010561382,162944,1465.1131048202515,1303552,0.035461802
0.0036345795,0.1616211,2783.93,1.12,0.709352433681488,903,1274,0.9798457,-0.011531402,163072,1466.2470886707306,1304576,0.03082989
0.0038966883,0.16918945,2783.93,1.12,0.8035884648561478,885,1275,1.056833,-0.013008845,163200,1467.4041969776154,1305600,0.025441997
0.0039015184,0.15673828,2783.93,1.12,0.680052638053894,913,1276,0.9583283,-0.0102492655,163328,1468.5269119739532,1306624,0.042288024
0.0038671913,0.15209961,2783.93,1.12,0.6735157668590546,891,1277,1.0617586,-0.012835033,163456,1469.6769380569458,1307648,0.02999299
0.005397723,0.19067383,2783.93,1.12,0.6661733686923981,905,1278,0.98188347,-0.012784522,163584,1470.8090703487396,1308672,0.04399974
0.004545361,0.15722656,2785.39,1.14,0.7111799120903015,887,1279,1.0259137,-0.012333106,163712,1471.9631822109222,1309696,0.041808125
0.004397712,0.16699219,2785.51,1.33,0.6333141922950745,898,1280,0.99208736,-0.011986395,163840,1473.1030473709106,1310720,0.049135447
0.0028913356,0.16333008,2785.51,1.33,0.7322356700897217,883,1281,1.0097358,-0.012806961,163968,1474.262768983841,1311744,0.0387891
0.00341723,0.17041016,2780.45,1.42,0.5904081761837006,924,1282,1.0158085,-0.012597954,164096,1475.3715510368347,1312768,0.051530246
0.0038758847,0.19677734,2780.45,1.42,0.8149060606956482,899,1283,0.96112686,-0.012925986,164224,1476.5112538337708,1313792,0.024081457
0.0032406983,0.1472168,2780.45,1.42,0.7396350800991058,903,1284,0.9934938,-0.010531138,164352,1477.6458427906036,1314816,0.04485914
0.0049301377,0.16845703,2780.45,1.42,0.6818772554397583,894,1285,1.0271719,-0.010814181,164480,1478.7917864322662,1315840,0.04087885
0.0031480365,0.1616211,2783.23,1.62,0.757977619767189,894,1286,0.9545373,-0.012052827,164608,1479.9375350475311,1316864,0.03590783
0.0037274268,0.18164062,2783.23,1.62,0.7940108776092529,902,1287,1.0620307,-0.012812764,164736,1481.0725288391113,1317888,0.029325085
0.004464386,0.1796875,2783.23,1.62,0.7264735698699951,898,1288,0.98170733,-0.010482892,164864,1482.2123498916626,1318912,0.044177063
0.003086053,0.1550293,2785.39,1.72,0.686618447303772,885,1289,0.9761316,-0.008898986,164992,1483.3699009418488,1319936,0.027631303
0.0042650467,0.18579102,2785.39,1.72,0.6069402396678925,892,1290,1.0468858,-0.009812077,165120,1484.5177211761475,1320960,0.034940656
0.0031401166,0.15600586,2780.72,1.83,0.7280595898628235,893,1291,0.9532826,-0.008422522,165248,1485.664246559143,1321984,0.042924806
0.00333258,0.17797852,2780.72,1.83,0.8109321892261505,905,1292,0.9916095,-0.011168547,165376,1486.7957773208618,1323008,0.02375101
0.004119599,0.18798828,2780.72,1.83,0.774933859705925,895,1293,0.9793649,-0.013471604,165504,1487.9393758773804,1324032,0.028596342
0.0033985188,0.17456055,2788.69,1.91,0.8277096450328827,916,1294,1.0039339,-0.014178706,165632,1489.0575590133667,1325056,0.024683494
0.0031776833,0.17285156,2788.69,1.91,0.8217996507883072,922,1295,1.0524952,-0.012288196,165760,1490.168272972107,1326080,0.02809318
0.002680439,0.14086914,2788.69,1.91,0.7692167013883591,926,1296,0.986335,-0.010210571,165888,1491.274382352829,1327104,0.030284015
0.0037179198,0.15356445,2788.69,1.91,0.5900605618953705,901,1297,0.9935612,-0.009066298,166016,1492.4108188152313,1328128,0.048379313
0.004536891,0.16601562,2790.9,2.15,0.5449106991291046,906,1298,0.9945399,-0.009926311,166144,1493.5414655208588,1329152,0.050686784
0.0037755615,0.1652832,2790.9,2.15,0.617454320192337,890,1299,1.0312916,-0.013405877,166272,1494.6927490234375,1330176,0.036445774
0.003966803,0.17236328,2792.25,2.14,0.751364603638649,897,1300,0.9816767,-0.013453381,166400,1495.834853887558,1331200,0.03015574
0.0038582294,0.16992188,2798.59,2.38,0.8171222060918808,881,1301,1.0010476,-0.014738477,166528,1496.9969832897186,1332224,0.027537588
0.0036641257,0.18237305,2804.11,2.59,0.7305806279182434,889,1302,0.9807313,-0.012377986,166656,1498.1495866775513,1333248,0.028046435
0.004419777,0.18652344,2804.11,2.59,0.7888598591089249,894,1303,1.0070788,-0.014169768,166784,1499.29519033432,1334272,0.028431023
0.0039820652,0.15454102,2804.11,2.59,0.7598786950111389,902,1304,0.9962972,-0.010530623,166912,1500.430869102478,1335296,0.031247117
0.0035062963,0.16088867,2804.11,2.59,0.604319304227829,900,1305,0.9611385,-0.011267352,167040,1501.5694136619568,1336320,0.03917579
0.0036072892,0.15844727,2804.11,2.59,0.775226503610611,908,1306,0.98537797,-0.01075514,167168,1502.6967904567719,1337344,0.018997671
0.0029340973,0.14208984,2804.11,2.59,0.7067998051643372,894,1307,0.9497669,-0.008974068,167296,1503.8420114517212,1338368,0.026063738
0.0043725,0.20019531,2804.11,2.59,0.7708924412727356,909,1308,1.0245739,-0.010734284,167424,1504.9691274166107,1339392,0.024547732
0.004463859,0.17944336,2795.24,2.69,0.8152632862329483,890,1309,0.9809557,-0.010924191,167552,1506.1194396018982,1340416,0.025300004
0.0037152595,0.16259766,2795.24,2.69,0.713026225566864,906,1310,1.0083492,-0.009396974,167680,1507.2503113746643,1341440,0.03458749
0.0034546028,0.16064453,2799.17,2.67,0.7765748649835587,874,1311,0.9661299,-0.011050247,167808,1508.421637058258,1342464,0.022626514
0.004183614,0.17163086,2799.17,2.67,0.7246420383453369,896,1312,1.029225,-0.0114737805,167936,1509.564068555832,1343488,0.03284055
0.004072869,0.16821289,2799.17,2.67,0.5056088864803314,895,1313,1.0629667,-0.01039697,168064,1510.708836555481,1344512,0.039990626
0.0040922426,0.16455078,2799.17,2.67,0.7270742058753967,905,1314,0.98919654,-0.009622088,168192,1511.839917898178,1345536,0.028080214
0.004251718,0.16894531,2798.07,2.8,0.6500480473041534,897,1315,0.98860013,-0.01318999,168320,1512.9817161560059,1346560,0.039873064
0.0036046598,0.15527344,2798.07,2.8,0.642148494720459,967,1316,1.0405413,-0.012755348,168448,1514.0411925315857,1347584,0.045039535
0.005743201,0.20874023,2789.78,2.95,0.6927453875541687,920,1317,1.0541983,-0.015281741,168576,1515.1542592048645,1348608,0.03825544
0.005257588,0.17919922,2789.78,2.95,0.5346711575984955,904,1318,0.99083936,-0.013186935,168704,1516.2875752449036,1349632,0.04380662
0.00322921,0.14624023,2789.78,2.95,0.5878685712814331,908,1319,1.0302545,-0.014249966,168832,1517.4159326553345,1350656,0.040983275
0.004119495,0.18261719,2789.78,2.95,0.763159766793251,910,1320,1.0008194,-0.01325582,168960,1518.5416865348816,1351680,0.028093792
0.0034981705,0.1628418,2789.78,2.95,0.759919747710228,908,1321,1.0715538,-0.012580012,169088,1519.669840335846,1352704,0.030583093
0.0042624706,0.16796875,2800.51,2.83,0.7787093222141266,883,1322,1.0498397,-0.015008323,169216,1520.8290483951569,1353728,0.03141974
0.0032492045,0.16210938,2800.51,2.83,0.7639171779155731,898,1323,1.0600014,-0.010363125,169344,1521.9690222740173,1354752,0.034802817
0.0029309294,0.15820312,2800.51,2.83,0.5849811732769012,899,1324,1.070447,-0.012719011,169472,1523.1085169315338,1355776,0.045545902
0.0029928326,0.12988281,2801.72,2.97,0.6886337399482727,891,1325,0.9947513,-0.012232268,169600,1524.2576274871826,1356800,0.039887007
0.004215957,0.17553711,2801.72,2.97,0.6242715418338776,908,1326,1.0493983,-0.013544554,169728,1525.3856046199799,1357824,0.03241383
0.0036426405,0.14794922,2811.14,2.9,0.7504704743623734,896,1327,1.0520188,-0.011197262,169856,1526.5284819602966,1358848,0.02728021
0.0035773471,0.15039062,2811.14,2.9,0.6757567226886749,905,1328,1.0432359,-0.012518799,169984,1527.6598155498505,1359872,0.037923675
0.0037529676,0.19067383,2811.14,2.9,0.6832462251186371,904,1329,0.9910015,-0.01298262,170112,1528.7931048870087,1360896,0.041037276
0.004659866,0.18017578,2811.14,2.9,0.8026757538318634,896,1330,0.99669784,-0.01156553,170240,1529.9359033107758,1361920,0.027928637
0.002967765,0.14355469,2811.14,2.9,0.812604233622551,918,1331,0.9895837,-0.011204792,170368,1531.051437139511,1362944,0.02675648
0.0036891876,0.15893555,2803.38,3.1,0.792288064956665,875,1332,1.0074959,-0.011019512,170496,1532.221214056015,1363968,0.029479126
0.0027584024,0.14428711,2803.38,3.1,0.7805439680814743,906,1333,0.97770864,-0.010416409,170624,1533.3520560264587,1364992,0.027929377
0.0038292988,0.15136719,2803.38,3.1,0.8008403331041336,903,1334,1.0438035,-0.011870729,170752,1534.4856088161469,1366016,0.023058062
0.003177338,0.15600586,2803.38,3.1,0.7135194838047028,897,1335,1.0136058,-0.0105276555,170880,1535.6274716854095,1367040,0.03655073
0.005177211,0.17700195,2799.71,3.2,0.493213415145874,878,1336,1.0530027,-0.013386192,171008,1536.793776512146,1368064,0.04561194
0.0035703748,0.16845703,2799.71,3.2,0.6998448371887207,898,1337,1.0756084,-0.014739533,171136,1537.9345154762268,1369088,0.034796055
0.0045997375,0.1965332,2799.71,3.2,0.7202687561511993,895,1338,1.0095546,-0.011996056,171264,1539.0790088176727,1370112,0.031130318
0.0034326874,0.15332031,2799.71,3.2,0.6507107019424438,914,1339,1.0449189,-0.010993271,171392,1540.1990523338318,1371136,0.03612616
0.0032123693,0.14868164,2799.71,3.2,0.7360014915466309,903,1340,1.0374657,-0.012004846,171520,1541.3336324691772,1372160,0.024251018
0.0053840606,0.20239258,2799.71,3.2,0.7604383230209351,900,1341,1.0177065,-0.010749133,171648,1542.4709031581879,1373184,0.029256713
0.0048757484,0.16601562,2799.71,3.2,0.6756368577480316,901,1342,1.0279405,-0.01227977,171776,1543.6079230308533,1374208,0.037608672
0.0046163937,0.18432617,2806.54,3.29,0.6886909306049347,884,1343,1.0294955,-0.0125770485,171904,1544.766429424286,1375232,0.035901546
0.004083661,0.15771484,2815.39,3.32,0.641065388917923,874,1344,1.0410781,-0.011749767,172032,1545.937829732895,1376256,0.038870886
0.003175867,0.15234375,2805.08,3.47,0.6832393705844879,887,1345,1.0115706,-0.012678986,172160,1547.0930495262146,1377280,0.036021348
0.0041562365,0.15991211,2805.08,3.47,0.7244282364845276,894,1346,1.0704511,-0.012126783,172288,1548.238850593567,1378304,0.035468772
0.003257084,0.1772461,2805.08,3.47,0.6853919327259064,913,1347,0.9962987,-0.010513407,172416,1549.360667705536,1379328,0.04480325
0.0040541203,0.19140625,2805.08,3.47,0.8449021875858307,891,1348,1.0367079,-0.013005899,172544,1550.5099239349365,1380352,0.018692011
0.0032405697,0.14941406,2805.08,3.47,0.7710304856300354,908,1349,1.0420816,-0.011456251,172672,1551.6380167007446,1381376,0.03560762
0.0030433335,0.1352539,2805.08,3.47,0.5503862798213959,896,1350,1.0338448,-0.009637245,172800,1552.7815127372742,1382400,0.04743921
0.004064199,0.15039062,2805.08,3.47,0.8284667581319809,911,1351,1.0372111,-0.009646973,172928,1553.906090259552,1383424,0.018299729
0.0033256062,0.12915039,2806.21,3.55,0.7041234076023102,913,1352,1.0273652,-0.0073030316,173056,1555.0276730060577,1384448,0.033795305
0.0036212988,0.17138672,2801.65,3.57,0.5849967002868652,918,1353,1.0302017,-0.012839557,173184,1556.1432671546936,1385472,0.043108907
0.004426091,0.1887207,2801.65,3.57,0.7728245109319687,897,1354,1.0624399,-0.013951935,173312,1557.285504579544,1386496,0.029894777
0.0032979085,0.16967773,2801.65,3.57,0.7875102907419205,897,1355,1.0952592,-0.013362382,173440,1558.4269955158234,1387520,0.029876783
0.0049149506,0.22167969,2801.65,3.57,0.7585090100765228,885,1356,1.0142417,-0.013211172,173568,1559.5848195552826,1388544,0.034897316
0.0031504666,0.15209961,2804.33,3.74,0.6788472533226013,931,1357,1.0321068,-0.012814999,173696,1560.684665441513,1389568,0.035223577
0.0025725712,0.14477539,2805.49,3.74,0.7057084739208221,889,1358,0.985279,-0.011677293,173824,1561.8360013961792,1390592,0.04167584
0.0033944233,0.15551758,2805.49,3.74,0.8090838193893433,935,1359,1.0506243,-0.011925298,173952,1562.9312770366669,1391616,0.018340232
0.0037928915,0.1887207,2805.49,3.74,0.8343173265457153,918,1360,1.0194858,-0.012075263,174080,1564.0472631454468,1392640,0.021239642
0.0029918035,0.1694336,2805.49,3.74,0.7280107736587524,907,1361,1.0800867,-0.011797937,174208,1565.1768424510956,1393664,0.041510995
0.0046999827,0.22363281,2799.37,3.8,0.7656364589929581,881,1362,1.046369,-0.01250623,174336,1566.3396134376526,1394688,0.03180416
0.003246516,0.15893555,2799.37,3.8,0.7692217230796814,899,1363,1.0265801,-0.010920793,174464,1567.4783132076263,1395712,0.034115966
0.0038584517,0.16503906,2799.37,3.8,0.756973460316658,896,1364,1.0275412,-0.0129041625,174592,1568.6216115951538,1396736,0.037964746
0.0042627356,0.1652832,2799.37,3.8,0.6713833510875702,936,1365,1.0368211,-0.012600973,174720,1569.715570449829,1397760,0.043974508
0.0043092556,0.19921875,2799.37,3.8,0.7745272368192673,905,1366,1.0313226,-0.012275553,174848,1570.847583770752,1398784,0.033456996
0.0036599012,0.171875,2799.37,3.8,0.8014638870954514,892,1367,1.0621641,-0.013157966,174976,1571.9950766563416,1399808,0.026681457
0.003482522,0.17700195,2808.41,3.99,0.7597013562917709,766,1368,0.98086905,-0.012590724,175104,1573.331964969635,1400832,0.033942692
0.003174928,0.16113281,2808.41,3.99,0.8496544361114502,901,1369,1.050912,-0.014506723,175232,1574.4689230918884,1401856,0.020749578
0.0032661767,0.1472168,2807.86,4.0,0.7156017422676086,882,1370,1.0872742,-0.012736598,175360,1575.6297261714935,1402880,0.04059398
0.003333419,0.16699219,2807.86,4.0,0.6874290704727173,898,1371,1.0492194,-0.011268695,175488,1576.770643234253,1403904,0.04649982
0.0032443674,0.14257812,2811.85,3.93,0.7782861590385437,883,1372,1.1032991,-0.012698053,175616,1577.930567741394,1404928,0.030527161
0.0027854675,0.16455078,2811.85,3.93,0.7896413654088974,898,1373,1.0460646,-0.013392237,175744,1579.0707385540009,1405952,0.032658197
0.0039067334,0.17993164,2811.85,3.93,0.7945342361927032,902,1374,1.0257123,-0.012524723,175872,1580.2060060501099,1406976,0.025595551
0.0029240374,0.16259766,2811.85,3.93,0.7468273341655731,933,1375,1.0295792,-0.01132336,176000,1581.3034446239471,1408000,0.036023308
0.0038371591,0.15356445,2796.56,4.08,0.7955259084701538,885,1376,1.1026639,-0.011286993,176128,1582.4606704711914,1409024,0.03195091
0.0030725203,0.14233398,2796.56,4.08,0.5511053204536438,923,1377,1.0315323,-0.011490192,176256,1583.5699274539948,1410048,0.05857268
0.0046591586,0.2133789,2802.68,4.0,0.7368868887424469,886,1378,1.0863137,-0.015510754,176384,1584.7254900932312,1411072,0.032840576
0.0035228566,0.17578125,2810.82,3.96,0.7021666765213013,905,1379,1.0610445,-0.013512209,176512,1585.8568842411041,1412096,0.03799723
0.0036782536,0.19384766,2810.82,3.96,0.7753283530473709,884,1380,1.1004909,-0.012541798,176640,1587.0159227848053,1413120,0.030927517
0.004429327,0.19116211,2810.82,3.96,0.8057269901037216,904,1381,1.0847402,-0.01217374,176768,1588.1484088897705,1414144,0.02204671
0.0038978376,0.1430664,2810.82,3.96,0.6313787698745728,897,1382,1.0877506,-0.012189716,176896,1589.2907128334045,1415168,0.051998205
0.003812591,0.19702148,2817.63,3.87,0.6874753832817078,898,1383,1.0933772,-0.013054708,177024,1590.4312069416046,1416192,0.05130098
0.0036367578,0.1821289,2817.63,3.87,0.6623274385929108,897,1384,1.0879676,-0.010561377,177152,1591.5726101398468,1417216,0.04848416
0.0032435155,0.1496582,2817.63,3.87,0.7451575696468353,907,1385,1.1476187,-0.0133063495,177280,1592.7011530399323,1418240,0.02992838
0.0033871224,0.18725586,2811.68,4.07,0.7786931693553925,889,1386,1.0283432,-0.009003793,177408,1593.8533744812012,1419264,0.024914086
0.004228671,0.20361328,2811.68,4.07,0.6931518912315369,936,1387,1.1129107,-0.011484056,177536,1594.9471261501312,1420288,0.03543551
0.0034608776,0.15307617,2811.68,4.07,0.7254817485809326,901,1388,1.0552793,-0.012560225,177664,1596.084377527237,1421312,0.03770588
0.0030027225,0.15893555,2811.68,4.07,0.8172635734081268,910,1389,1.1122128,-0.012784556,177792,1597.2098622322083,1422336,0.029169079
0.0045186547,0.17529297,2811.68,4.07,0.6993472576141357,888,1390,1.0936315,-0.011360915,177920,1598.3634266853333,1423360,0.048066713
0.0023964199,0.1508789,2811.68,4.07,0.7048441469669342,908,1391,1.089994,-0.008804251,178048,1599.4914121627808,1424384,0.04426675
0.0030067733,0.14501953,2811.68,4.07,0.7989556342363358,938,1392,1.0784179,-0.013581185,178176,1600.5834810733795,1425408,0.024088908
0.00265315,0.14160156,2807.57,3.96,0.7391989529132843,903,1393,1.1331089,-0.012436576,178304,1601.7176399230957,1426432,0.039189264
0.0028567822,0.13378906,2815.15,3.9,0.6614489853382111,916,1394,1.1313179,-0.0135394,178432,1602.8361012935638,1427456,0.04073301
0.002567041,0.14038086,2815.15,3.9,0.7825116962194443,924,1395,1.1150243,-0.011242287,178560,1603.9442403316498,1428480,0.029691165
0.003134863,0.1694336,2811.5,4.1,0.7134434282779694,905,1396,1.109998,-0.014931105,178688,1605.076493024826,1429504,0.04538507
0.0029766834,0.16235352,2811.5,4.1,0.8009519428014755,933,1397,1.0927708,-0.0125830965,178816,1606.1747570037842,1430528,0.027107162
0.0028709525,0.15258789,2811.5,4.1,0.5803011357784271,886,1398,1.1484946,-0.0105910525,178944,1607.3310146331787,1431552,0.056008454
0.004488159,0.18847656,2811.5,4.1,0.7192032039165497,895,1399,1.0981346,-0.015747199,179072,1608.4751937389374,1432576,0.03480454
0.0037333232,0.1772461,2811.5,4.1,0.7315082252025604,902,1400,1.1339626,-0.013116643,179200,1609.610424041748,1433600,0.029891673
0.0030242465,0.17211914,2810.06,4.16,0.8532110750675201,894,1401,1.0908451,-0.011585172,179328,1610.7553136348724,1434624,0.018118132
0.0032911056,0.16015625,2827.97,4.38,0.8229586333036423,892,1402,1.1255432,-0.014516449,179456,1611.9037265777588,1435648,0.020350918
0.0028896835,0.14672852,2827.97,4.38,0.685419887304306,906,1403,1.1092501,-0.010220224,179584,1613.0337448120117,1436672,0.03778243
0.0031257737,0.15332031,2827.97,4.38,0.774469867348671,891,1404,1.1230454,-0.012101253,179712,1614.1833407878876,1437696,0.026634619
0.0045012673,0.1706543,2834.76,4.3,0.6547275185585022,900,1405,1.101038,-0.012200559,179840,1615.3216347694397,1438720,0.03369951
0.0038610115,0.19580078,2834.76,4.3,0.8017893880605698,894,1406,1.0686221,-0.012208793,179968,1616.467106103897,1439744,0.031976826
0.0033516518,0.17871094,2834.76,4.3,0.8433624058961868,908,1407,1.1032299,-0.012311814,180096,1617.5949046611786,1440768,0.020142686
0.0043896874,0.21166992,2834.76,4.3,0.7625670284032822,897,1408,1.0039461,-0.010933644,180224,1618.7363939285278,1441792,0.034101818
0.0033862283,0.18969727,2834.76,4.3,0.7890793532133102,905,1409,1.1254191,-0.015608726,180352,1619.8681383132935,1442816,0.027354237
0.003318323,0.14404297,2841.46,4.23,0.8082070797681808,938,1410,1.092986,-0.010067042,180480,1620.9601995944977,1443840,0.012886311
0.0027011055,0.119140625,2841.46,4.23,0.7779975384473801,904,1411,1.0523194,-0.0083901705,180608,1622.0926630496979,1444864,0.040379878
0.0037217825,0.19116211,2841.46,4.23,0.6905229091644287,902,1412,1.0938663,-0.012568059,180736,1623.2285273075104,1445888,0.044163026
0.0048912447,0.1862793,2840.04,4.47,0.7300021946430206,895,1413,1.0942897,-0.01179702,180864,1624.3728652000427,1446912,0.03402261
0.0039168396,0.1977539,2840.04,4.47,0.7750018686056137,895,1414,1.094072,-0.013629977,180992,1625.5168716907501,1447936,0.033049397
0.0029483614,0.14868164,2840.04,4.47,0.6147918701171875,902,1415,1.0967668,-0.011402469,181120,1626.6522138118744,1448960,0.05591009
0.0037824316,0.20458984,2840.04,4.47,0.8359498381614685,898,1416,1.1236511,-0.014222024,181248,1627.792536497116,1449984,0.02297481
0.0031104602,0.14672852,2830.25,4.73,0.736738920211792,901,1417,1.0868645,-0.009860323,181376,1628.9294159412384,1451008,0.038950723
0.0035075638,0.15307617,2830.25,4.73,0.6680280864238739,930,1418,1.1161035,-0.01181508,181504,1630.0312333106995,1452032,0.043346286
0.003258618,0.16552734,2838.29,4.69,0.8789864107966423,912,1419,1.078062,-0.013639469,181632,1631.1539943218231,1453056,0.016367175
0.0045273835,0.20214844,2843.47,4.85,0.7637933790683746,889,1420,1.0775142,-0.01191246,181760,1632.3060207366943,1454080,0.029219195
0.0028877775,0.17333984,2836.97,5.03,0.8040919899940491,896,1421,1.1097083,-0.012033465,181888,1633.4486343860626,1455104,0.027985908
0.0032489095,0.18164062,2836.97,5.03,0.7405673265457153,893,1422,1.1309991,-0.011707592,182016,1634.5948672294617,1456128,0.042667318
0.0034252987,0.1538086,2829.75,5.17,0.7362895607948303,903,1423,1.0738025,-0.011141818,182144,1635.7289533615112,1457152,0.03739205
0.002822332,0.15209961,2829.75,5.17,0.7334787547588348,895,1424,1.1386691,-0.013475941,182272,1636.8731925487518,1458176,0.03948592
0.0036143933,0.16674805,2839.57,5.36,0.786264568567276,898,1425,1.0751617,-0.012669822,182400,1638.0130355358124,1459200,0.021315705
0.0035432084,0.15844727,2839.57,5.36,0.7546247839927673,903,1426,1.0931789,-0.012601404,182528,1639.1471910476685,1460224,0.032538496
0.0033305392,0.18066406,2839.57,5.36,0.8356582969427109,911,1427,1.1622703,-0.013752656,182656,1640.2710936069489,1461248,0.02134834
0.0034215234,0.15576172,2832.43,5.5,0.6723307073116302,894,1428,1.0630561,-0.011851646,182784,1641.4172070026398,1462272,0.04291066
0.0038746516,0.15258789,2832.43,5.5,0.7638212442398071,893,1429,1.1164536,-0.012809337,182912,1642.5639960765839,1463296,0.029525165
0.0037031216,0.18530273,2832.43,5.5,0.6677370071411133,913,1430,1.0746719,-0.013830822,183040,1643.6854758262634,1464320,0.040355258
0.0040556355,0.15991211,2832.43,5.5,0.7741066664457321,906,1431,1.0594324,-0.011357607,183168,1644.8162925243378,1465344,0.026305955
0.0044671576,0.19042969,2832.43,5.5,0.6792480647563934,892,1432,1.0991269,-0.012933498,183296,1645.9645125865936,1466368,0.040318754
0.0034634133,0.15136719,2834.15,5.48,0.7297444045543671,891,1433,1.1314942,-0.01214987,183424,1647.1142060756683,1467392,0.032375313
0.0038957535,0.1730957,2834.15,5.48,0.7677537053823471,898,1434,1.1197547,-0.014341563,183552,1648.2543396949768,1468416,0.03198048
0.0028738,0.14111328,2834.15,5.48,0.7931366711854935,937,1435,1.0917044,-0.012198126,183680,1649.3478922843933,1469440,0.025365673
0.0031643352,0.17919922,2834.15,5.48,0.839431881904602,869,1436,1.159915,-0.014273322,183808,1650.5262205600739,1470464,0.023314705
0.0037765019,0.1875,2834.15,5.48,0.8036244362592697,874,1437,1.1120306,-0.013429944,183936,1651.6978352069855,1471488,0.023495486
0.003233649,0.16601562,2834.74,5.7,0.6908293962478638,853,1438,1.1394001,-0.010955153,184064,1652.8974692821503,1472512,0.041652333
0.002842845,0.14770508,2834.74,5.7,0.7744702249765396,879,1439,1.1380032,-0.010474739,184192,1654.0622963905334,1473536,0.031056738
0.0035815989,0.15307617,2834.74,5.7,0.7959687858819962,895,1440,1.0814781,-0.011533642,184320,1655.207019329071,1474560,0.026875127
0.0032160701,0.16430664,2834.74,5.7,0.7135673463344574,882,1441,1.1298946,-0.013119785,184448,1656.3686316013336,1475584,0.036688313
0.0041468246,0.17993164,2836.28,6.18,0.6537381708621979,858,1442,1.0832769,-0.013177989,184576,1657.5629346370697,1476608,0.04535914
0.0029946654,0.14648438,2836.28,6.18,0.6109333336353302,885,1443,1.1467388,-0.01182184,184704,1658.719756603241,1477632,0.043294918
0.00349564,0.17626953,2836.28,6.18,0.7033216655254364,867,1444,1.150527,-0.012367515,184832,1659.9010879993439,1478656,0.026465744
0.0042950534,0.20605469,2836.28,6.18,0.8569019734859467,913,1445,1.1646414,-0.012451997,184960,1661.023152589798,1479680,0.011598598
0.004496849,0.20629883,2835.95,6.21,0.7327305674552917,917,1446,1.1133056,-0.012926422,185088,1662.1404523849487,1480704,0.02204154
0.003851171,0.19506836,2835.95,6.21,0.6961959898471832,912,1447,1.1473433,-0.01330993,185216,1663.2634043693542,1481728,0.030381024
0.0029157256,0.15966797,2835.95,6.21,0.6238550245761871,896,1448,1.1312789,-0.012651615,185344,1664.4057071208954,1482752,0.03659778
0.0032168317,0.18847656,2835.95,6.21,0.7563077807426453,910,1449,1.1297677,-0.016051574,185472,1665.5305421352386,1483776,0.028772647
0.0035864338,0.18408203,2831.41,6.31,0.6838448345661163,890,1450,1.1183468,-0.013519743,185600,1666.6807596683502,1484800,0.035244428
0.0035223651,0.19873047,2831.41,6.31,0.7256730794906616,909,1451,1.1335177,-0.008864629,185728,1667.8070104122162,1485824,0.032426186
0.003605754,0.17285156,2831.41,6.31,0.6636614501476288,958,1452,1.1386974,-0.013406176,185856,1668.8759529590607,1486848,0.0337785
0.0028407373,0.14208984,2839.14,6.28,0.7716666609048843,957,1453,1.1611682,-0.010036,185984,1669.9461629390717,1487872,0.027583135
0.0027800712,0.15209961,2839.14,6.28,0.6872954368591309,977,1454,1.1242096,-0.011622798,186112,1670.994488954544,1488896,0.040475953
0.0032538003,0.16015625,2839.14,6.28,0.759902611374855,970,1455,1.1079054,-0.013417352,186240,1672.0504622459412,1489920,0.029065108
0.0031603982,0.17626953,2839.14,6.28,0.7715380191802979,953,1456,1.1512319,-0.014322784,186368,1673.1249063014984,1490944,0.02498886
0.003414336,0.16992188,2835.87,6.36,0.7143265902996063,917,1457,1.1070219,-0.0145467855,186496,1674.2416570186615,1491968,0.031541802
0.0032210886,0.16015625,2835.87,6.36,0.5969433784484863,899,1458,1.1107364,-0.013623366,186624,1675.3808104991913,1492992,0.04560442
0.0041204523,0.17456055,2845.28,6.27,0.6896864473819733,906,1459,1.1079172,-0.013417861,186752,1676.510790348053,1494016,0.034215182
0.0033987258,0.16723633,2845.28,6.27,0.7133871912956238,963,1460,1.1086452,-0.012441305,186880,1677.5744714736938,1495040,0.041679416
0.0028528632,0.13769531,2845.28,6.27,0.6781549453735352,946,1461,1.1583692,-0.01269372,187008,1678.6569895744324,1496064,0.038957395
0.0036027848,0.1940918,2844.57,6.27,0.6496226489543915,896,1462,1.0826138,-0.015887614,187136,1679.80038022995,1497088,0.046829805
0.003536385,0.18041992,2844.57,6.27,0.6179819405078888,919,1463,1.149114,-0.013357693,187264,1680.915497303009,1498112,0.03910342
0.0032356607,0.15234375,2844.57,6.27,0.7737841904163361,936,1464,1.0938793,-0.011626459,187392,1682.0099112987518,1499136,0.02122382
0.003077807,0.1628418,2847.04,6.14,0.764513298869133,922,1465,1.1466457,-0.013791859,187520,1683.1207826137543,1500160,0.03352284
0.0042062094,0.21704102,2840.29,6.3,0.7893936485052109,964,1466,1.1356354,-0.012055678,187648,1684.1831035614014,1501184,0.02834539
0.0029729158,0.15893555,2840.29,6.3,0.773265466094017,983,1467,1.1928475,-0.013611584,187776,1685.224784374237,1502208,0.03052293
0.003841718,0.16845703,2840.29,6.3,0.7947057336568832,968,1468,1.1191348,-0.012713248,187904,1686.283599615097,1503232,0.03059996
0.0030515408,0.14746094,2840.29,6.3,0.7669413387775421,961,1469,1.1566967,-0.014556972,188032,1687.3488852977753,1504256,0.03353643
0.0033310414,0.15014648,2840.29,6.3,0.7649438083171844,904,1470,1.1452861,-0.012736972,188160,1688.4819152355194,1505280,0.024894424
0.0024952202,0.14135742,2843.27,6.33,0.6498266458511353,931,1471,1.1262128,-0.011103284,188288,1689.5824041366577,1506304,0.049661823
0.0039972938,0.19384766,2843.27,6.33,0.7042211890220642,957,1472,1.1349322,-0.013806006,188416,1690.6526761054993,1507328,0.03737635
0.0032260346,0.17626953,2845.24,6.34,0.7396084070205688,948,1473,1.1358942,-0.0120726945,188544,1691.733404636383,1508352,0.03839938
0.003262684,0.18725586,2845.24,6.34,0.7227745354175568,955,1474,1.1186891,-0.013315417,188672,1692.805524110794,1509376,0.044042803
0.0037011744,0.1730957,2845.24,6.34,0.7648728489875793,967,1475,1.1642836,-0.011771203,188800,1693.8651659488678,1510400,0.026710512
0.0039170873,0.15917969,2845.24,6.34,0.7923061102628708,972,1476,1.1183488,-0.011945493,188928,1694.9191226959229,1511424,0.023144644
0.0030588317,0.1418457,2845.24,6.34,0.7841231375932693,915,1477,1.1526598,-0.010065094,189056,1696.037847995758,1512448,0.019353146
0.0034008408,0.19506836,2844.68,6.42,0.8055632412433624,948,1478,1.1036012,-0.013481632,189184,1697.118171930313,1513472,0.023100702
0.0033792818,0.16552734,2844.68,6.42,0.7167917490005493,983,1479,1.1304548,-0.015538781,189312,1698.1605427265167,1514496,0.036281258
0.0036028856,0.19677734,2844.68,6.42,0.7435978055000305,964,1480,1.0926455,-0.011243473,189440,1699.223204612732,1515520,0.039592598
0.0037601686,0.1899414,2844.68,6.42,0.7199923098087311,944,1481,1.105839,-0.0122701265,189568,1700.3075983524323,1516544,0.034053933
0.0037634782,0.19628906,2844.68,6.42,0.7963929027318954,906,1482,1.1433603,-0.012216411,189696,1701.4376947879791,1517568,0.027988551
0.0040495326,0.18847656,2844.68,6.42,0.8004053384065628,906,1483,1.0842117,-0.0148371,189824,1702.5684428215027,1518592,0.030526495
0.004381778,0.18286133,2839.32,6.51,0.7647943794727325,882,1484,1.0797318,-0.013605857,189952,1703.7294564247131,1519616,0.031945657
0.0053087617,0.18188477,2847.64,6.69,0.6476817727088928,960,1485,1.1330532,-0.016044173,190080,1704.796658039093,1520640,0.039676685
0.003181534,0.16137695,2850.26,6.69,0.7100686728954315,934,1486,1.1140504,-0.0124409245,190208,1705.893082857132,1521664,0.032693435
0.004300739,0.20605469,2850.26,6.69,0.805152952671051,970,1487,1.1215942,-0.0121346675,190336,1706.948914051056,1522688,0.027226184
0.0037138648,0.16333008,2850.26,6.69,0.6318052709102631,909,1488,1.1656345,-0.0097806025,190464,1708.0755043029785,1523712,0.039894335
0.0030170528,0.16308594,2850.26,6.69,0.7149606049060822,929,1489,1.1384741,-0.015124408,190592,1709.1776628494263,1524736,0.036178686
0.0030316426,0.17358398,2850.26,6.69,0.6375896632671356,961,1490,1.1531999,-0.012097165,190720,1710.243891954422,1525760,0.024458367
0.0033891634,0.17407227,2850.26,6.69,0.7483733594417572,915,1491,1.12479,-0.008024636,190848,1711.362934589386,1526784,0.017281484
0.004374176,0.21606445,2850.26,6.69,0.7002749145030975,960,1492,1.112146,-0.011252354,190976,1712.4293913841248,1527808,0.032769304
0.003421545,0.15844727,2850.26,6.69,0.7322116494178772,992,1493,1.153769,-0.011268491,191104,1713.462284564972,1528832,0.041816637
0.003630845,0.19873047,2850.26,6.69,0.6658380329608917,967,1494,1.1293435,-0.013549067,191232,1714.5212433338165,1529856,0.05047069
0.0037755766,0.18725586,2847.53,6.76,0.7331135272979736,932,1495,1.1357907,-0.013186006,191360,1715.6195921897888,1530880,0.03773155
0.0035177807,0.19970703,2847.53,6.76,0.6769455373287201,958,1496,1.1388408,-0.014459526,191488,1716.6881439685822,1531904,0.04346858
0.003064406,0.1977539,2856.78,6.65,0.7378875911235809,942,1497,1.088913,-0.014055586,191616,1717.775876045227,1532928,0.034167938
0.00408264,0.18310547,2860.31,6.63,0.7095285654067993,955,1498,1.1235396,-0.014330404,191744,1718.8483619689941,1533952,0.03928866
0.004020832,0.19897461,2860.31,6.63,0.798786073923111,915,1499,1.1263244,-0.012740263,191872,1719.9678044319153,1534976,0.03091652
0.0029835799,0.16503906,2860.31,6.63,0.6350325047969818,956,1500,1.1325,-0.009259068,192000,1721.038789510727,1536000,0.037043575
0.0028798191,0.17529297,2860.31,6.63,0.7256184816360474,970,1501,1.1820583,-0.011347662,192128,1722.0952537059784,1537024,0.037458275
0.004345409,0.22436523,2853.67,6.8,0.7362999022006989,906,1502,1.1266979,-0.014188919,192256,1723.2254393100739,1538048,0.037436783
0.0029791067,0.1652832,2853.67,6.8,0.7138715982437134,915,1503,1.1101248,-0.012073744,192384,1724.3448781967163,1539072,0.046652094
0.0036209617,0.18408203,2853.67,6.8,0.650725245475769,913,1504,1.1123879,-0.013910021,192512,1725.4668622016907,1540096,0.051614784
0.0039365147,0.20605469,2851.61,6.82,0.7119486927986145,961,1505,1.1140437,-0.015493548,192640,1726.532832622528,1541120,0.042703707
0.003261093,0.15258789,2851.61,6.82,0.6570470333099365,965,1506,1.1004051,-0.013615578,192768,1727.5936756134033,1542144,0.042410705
0.0035727061,0.19506836,2844.56,7.01,0.7316645681858063,935,1507,1.1704571,-0.013959058,192896,1728.6886126995087,1543168,0.03568661
0.0030647211,0.1628418,2844.56,7.01,0.6966051757335663,937,1508,1.07581,-0.012556766,193024,1729.7817921638489,1544192,0.043401506
0.0029652158,0.16357422,2844.56,7.01,0.6176972091197968,970,1509,1.1560795,-0.014207555,193152,1730.8379590511322,1545216,0.039519046
0.003020046,0.1628418,2844.56,7.01,0.7134899795055389,899,1510,1.1459596,-0.013503075,193280,1731.9767293930054,1546240,0.034387242
0.002749808,0.1550293,2845.53,7.06,0.6701104938983917,900,1511,1.1007432,-0.013309984,193408,1733.1151208877563,1547264,0.034051273
0.0031285947,0.16357422,2845.53,7.06,0.7520330250263214,907,1512,1.140832,-0.015071156,193536,1734.244244813919,1548288,0.028527474
0.004299679,0.18530273,2845.53,7.06,0.7524519562721252,919,1513,1.1151794,-0.013572885,193664,1735.3584496974945,1549312,0.03303798
0.002943439,0.15356445,2845.53,7.06,0.7582734525203705,908,1514,1.0775467,-0.012693536,193792,1736.486806154251,1550336,0.03430554
0.0027140125,0.16259766,2845.53,7.06,0.7555665075778961,902,1515,1.11305,-0.011255435,193920,1737.6226086616516,1551360,0.033819035
0.0035151762,0.21264648,2845.53,7.06,0.7574343681335449,924,1516,1.1237642,-0.012892359,194048,1738.7314622402191,1552384,0.03185459
0.002909329,0.1796875,2845.53,7.06,0.771864041686058,915,1517,1.0884366,-0.013377097,194176,1739.8514864444733,1553408,0.028976608
0.0035184587,0.17504883,2845.53,7.06,0.760636180639267,912,1518,1.077957,-0.011777024,194304,1740.9739096164703,1554432,0.027751017
0.0037747603,0.18188477,2845.53,7.06,0.7883119434118271,925,1519,1.1207253,-0.012468162,194432,1742.0808417797089,1555456,0.02308267
0.0034565525,0.18945312,2853.45,6.97,0.8132930248975754,909,1520,1.0677798,-0.012862381,194560,1743.2074403762817,1556480,0.022095153
0.0030646555,0.17358398,2849.88,7.17,0.7270428836345673,960,1521,1.1312574,-0.0134852035,194688,1744.2741496562958,1557504,0.029124534
0.0036828073,0.16894531,2855.54,7.09,0.844331830739975,961,1522,1.084935,-0.013260237,194816,1745.3403270244598,1558528,0.025643587
0.0030893302,0.16699219,2853.96,7.12,0.5857267677783966,971,1523,1.0996232,-0.011120498,194944,1746.3951292037964,1559552,0.045593843
0.0037495133,0.18969727,2853.96,7.12,0.7462617456912994,944,1524,1.157589,-0.013057701,195072,1747.4798634052277,1560576,0.03332775
0.0023945388,0.13769531,2853.96,7.12,0.7793373614549637,961,1525,1.1561027,-0.009651348,195200,1748.5460195541382,1561600,0.027493712
0.0032540872,0.18481445,2858.08,7.08,0.7695332765579224,945,1526,1.1189312,-0.013873882,195328,1749.6293432712555,1562624,0.02606695
0.0035579505,0.18286133,2858.08,7.08,0.7806737720966339,904,1527,1.1306162,-0.012718408,195456,1750.7622773647308,1563648,0.022187468
0.0025214702,0.15307617,2863.06,7.04,0.614711195230484,937,1528,1.1187385,-0.012425667,195584,1751.8550901412964,1564672,0.043565784
0.004189054,0.17749023,2861.78,7.09,0.7367417812347412,897,1529,1.149341,-0.013634149,195712,1752.9971013069153,1565696,0.0315107
0.0037042154,0.17626953,2861.78,7.09,0.665245532989502,919,1530,1.1113304,-0.011652944,195840,1754.1109755039215,1566720,0.04128126
0.0036788199,0.19726562,2861.78,7.09,0.8031992763280869,914,1531,1.1296272,-0.010588983,195968,1755.2315211296082,1567744,0.028662238
0.0039064563,0.19262695,2861.78,7.09,0.8050169348716736,913,1532,1.0973971,-0.012568104,196096,1756.3538596630096,1568768,0.022545855
0.0036029967,0.20410156,2861.78,7.09,0.6847546100616455,971,1533,1.1281682,-0.0147522995,196224,1757.4080910682678,1569792,0.037519593
0.0023922285,0.15039062,2861.78,7.09,0.6533472537994385,927,1534,1.1492506,-0.011088213,196352,1758.5128173828125,1570816,0.051513717
0.0033942289,0.18041992,2861.78,7.09,0.8154695928096771,907,1535,1.1198831,-0.014406722,196480,1759.6418316364288,1571840,0.024855118
0.003229564,0.16186523,2861.78,7.09,0.7575230449438095,967,1536,1.1632278,-0.01443512,196608,1760.7009558677673,1572864,0.0331575
0.0032227885,0.16772461,2851.95,7.31,0.7758179903030396,959,1537,1.1328744,-0.012390792,196736,1761.7692701816559,1573888,0.040010218
0.0028764117,0.17626953,2851.95,7.31,0.6462919414043427,964,1538,1.1544316,-0.013626541,196864,1762.8321449756622,1574912,0.030332511
0.0029159328,0.1665039,2851.95,7.31,0.561942994594574,981,1539,1.1289232,-0.013885951,196992,1763.8763966560364,1575936,0.04966702
0.0033640948,0.15649414,2851.95,7.31,0.7013935744762421,963,1540,1.1364248,-0.013367939,197120,1764.9399921894073,1576960,0.03502425
0.003692475,0.1875,2851.95,7.31,0.7145307660102844,961,1541,1.126014,-0.013155466,197248,1766.0062692165375,1577984,0.04437647
0.0034290408,0.16577148,2851.95,7.31,0.7553444653749466,948,1542,1.1599877,-0.01249174,197376,1767.0868737697601,1579008,0.031929348
0.004004877,0.20263672,2842.03,7.26,0.726079523563385,894,1543,1.1246654,-0.0136280265,197504,1768.2325041294098,1580032,0.03310997
0.0034113484,0.15820312,2842.03,7.26,0.798809289932251,898,1544,1.1377267,-0.015465059,197632,1769.3734788894653,1581056,0.030727077
0.0027748847,0.14355469,2842.03,7.26,0.8025131821632385,971,1545,1.1317394,-0.010310097,197760,1770.4287674427032,1582080,0.03340123
0.0030414842,0.16479492,2842.19,7.31,0.8244410008192062,963,1546,1.1424665,-0.012383116,197888,1771.4926571846008,1583104,0.020284543
0.0028907573,0.15820312,2836.1,7.39,0.7952387928962708,972,1547,1.1012241,-0.013738759,198016,1772.546882867813,1584128,0.027749497
0.0032478385,0.16381836,2836.1,7.39,0.8037008941173553,963,1548,1.1275047,-0.015446223,198144,1773.6103341579437,1585152,0.027107729
0.0028371322,0.14428711,2839.92,7.19,0.6561324596405029,959,1549,1.1522609,-0.010380319,198272,1774.677771806717,1586176,0.044517867
0.0034987715,0.18432617,2835.51,7.39,0.7081799209117889,954,1550,1.1362431,-0.012110927,198400,1775.7515003681183,1587200,0.04345483
0.003696341,0.18847656,2835.51,7.39,0.7202879190444946,974,1551,1.1064045,-0.011881799,198528,1776.8030335903168,1588224,0.037796907
0.0032664484,0.1875,2835.51,7.39,0.8710441142320633,971,1552,1.1649953,-0.0141242575,198656,1777.8576805591583,1589248,0.013967756
0.0033238388,0.171875,2835.51,7.39,0.7445252537727356,966,1553,1.1122396,-0.0124338195,198784,1778.9175910949707,1590272,0.03481451
0.0027983738,0.15332031,2835.51,7.39,0.7531781196594238,961,1554,1.098789,-0.010631084,198912,1779.9827589988708,1591296,0.027584331
0.0032937028,0.17407227,2835.51,7.39,0.6214558482170105,921,1555,1.145016,-0.012324359,199040,1781.0951943397522,1592320,0.036765017
0.0037793203,0.17285156,2835.51,7.39,0.8499855548143387,950,1556,1.0916995,-0.012498111,199168,1782.173564195633,1593344,0.02208751
0.0022558626,0.13696289,2835.51,7.39,0.8429248929023743,973,1557,1.0990689,-0.011564476,199296,1783.2257030010223,1594368,0.020694384
0.003403058,0.18652344,2835.88,7.21,0.7442668974399567,913,1558,1.1034255,-0.012596154,199424,1784.34739279747,1595392,0.042186614
0.0033791051,0.17651367,2846.8,7.08,0.8195641934871674,910,1559,1.1151283,-0.012964414,199552,1785.473017692566,1596416,0.033482175
0.002550424,0.15722656,2843.03,7.12,0.7547942101955414,900,1560,1.1302068,-0.01054632,199680,1786.6115109920502,1597440,0.04680749
0.0033827357,0.20092773,2843.03,7.12,0.7534053474664688,976,1561,1.0875579,-0.012122158,199808,1787.6604878902435,1598464,0.038511094
0.0024387948,0.15820312,2843.03,7.12,0.7575055956840515,957,1562,1.1330352,-0.00993196,199936,1788.7309730052948,1599488,0.03887397
0.0030476504,0.17260742,2843.03,7.12,0.8565914332866669,942,1563,1.0875149,-0.01286884,200064,1789.8181021213531,1600512,0.02361777
0.0030905239,0.16894531,2843.03,7.12,0.8449305444955826,960,1564,1.1303616,-0.010816276,200192,1790.885179758072,1601536,0.024101345
0.0032840206,0.15893555,2843.03,7.12,0.7115539908409119,915,1565,1.1266019,-0.011277451,200320,1792.0043776035309,1602560,0.05088652
0.003827862,0.18725586,2837.09,7.17,0.762390673160553,903,1566,1.1221921,-0.013580045,200448,1793.1386926174164,1603584,0.03245632
0.0037594123,0.20629883,2837.09,7.17,0.777173176407814,948,1567,1.1032456,-0.014694958,200576,1794.2196328639984,1604608,0.03851383
0.0024999802,0.14355469,2837.09,7.17,0.7871910780668259,968,1568,1.1493022,-0.012261176,200704,1795.2777128219604,1605632,0.030497031
0.0030138453,0.14038086,2835.04,7.15,0.7546020597219467,962,1569,1.0919503,-0.011314176,200832,1796.342236995697,1606656,0.031805474
0.0038535823,0.20019531,2835.04,7.15,0.7452688217163086,975,1570,1.1307669,-0.013986476,200960,1797.39266705513,1607680,0.03922886
0.0023605516,0.14086914,2834.53,7.22,0.7042217552661896,939,1571,1.1008763,-0.0121799875,201088,1798.4834258556366,1608704,0.032841872
0.0036670556,0.17114258,2834.53,7.22,0.6972428858280182,963,1572,1.0883687,-0.012678201,201216,1799.5467035770416,1609728,0.04431811
0.0034359205,0.14355469,2838.67,7.17,0.7499172687530518,907,1573,1.1044797,-0.014426599,201344,1800.6765229701996,1610752,0.03462375
0.0029379155,0.1352539,2838.67,7.17,0.7460659444332123,892,1574,1.0623177,-0.012031124,201472,1801.8255302906036,1611776,0.04121809
0.0033019346,0.17382812,2838.67,7.17,0.7754579037427902,942,1575,1.0945388,-0.0139928665,201600,1802.9129660129547,1612800,0.030851511
0.003235574,0.15917969,2838.67,7.17,0.6537850797176361,956,1576,1.1017498,-0.012103897,201728,1803.984721660614,1613824,0.044467334
0.0032030346,0.1784668,2838.67,7.17,0.7364174127578735,955,1577,1.1132978,-0.013076489,201856,1805.0568912029266,1614848,0.036275033
0.0032068791,0.16821289,2838.67,7.17,0.7583650350570679,957,1578,1.13361,-0.01585926,201984,1806.1272065639496,1615872,0.033723027
0.003283448,0.16967773,2836.88,7.21,0.7573216259479523,903,1579,1.107733,-0.012502145,202112,1807.2618353366852,1616896,0.035245758
0.0031875086,0.15356445,2836.88,7.21,0.785689115524292,909,1580,1.1391872,-0.014227643,202240,1808.3888738155365,1617920,0.031297226
0.002600212,0.13623047,2836.88,7.21,0.7974996119737625,909,1581,1.1116095,-0.011541147,202368,1809.515774488449,1618944,0.028191602
0.0031571134,0.17651367,2838.69,7.17,0.8360996395349503,893,1582,1.1130323,-0.012097395,202496,1810.6630487442017,1619968,0.022529008
0.0028651808,0.14892578,2853.14,6.93,0.8409100770950317,917,1583,1.1299986,-0.012621611,202624,1811.7793641090393,1620992,0.023780862
0.0031415538,0.16723633,2853.14,6.93,0.8299040794372559,965,1584,1.1347697,-0.012092472,202752,1812.8411276340485,1622016,0.033884596
0.003111023,0.16381836,2853.14,6.93,0.682939738035202,979,1585,1.1521088,-0.012071297,202880,1813.8874418735504,1623040,0.046162628
0.0036445272,0.16674805,2853.14,6.93,0.7297003865242004,973,1586,1.1308455,-0.016684927,203008,1814.9404816627502,1624064,0.04224528
0.0026388878,0.16088867,2847.94,6.98,0.8255206942558289,972,1587,1.1045702,-0.0113037815,203136,1815.994312286377,1625088,0.021965109
0.0033772343,0.20483398,2847.94,6.98,0.7907103151082993,957,1588,1.1717204,-0.0124772545,203264,1817.0646862983704,1626112,0.019613113
0.0035359247,0.19580078,2847.94,6.98,0.6889157593250275,967,1589,1.093157,-0.011326871,203392,1818.124403476715,1627136,0.048643135
0.003673219,0.15063477,2856.79,6.88,0.7315930426120758,958,1590,1.1005857,-0.012032308,203520,1819.1929864883423,1628160,0.03505455
0.0029477372,0.14916992,2856.79,6.88,0.6530799269676208,965,1591,1.1543221,-0.012011968,203648,1820.2544145584106,1629184,0.03991805
0.003976865,0.16210938,2847.36,7.05,0.7327481210231781,940,1592,1.082726,-0.012109401,203776,1821.3439810276031,1630208,0.034789093
0.003488897,0.15209961,2847.36,7.05,0.8598126173019409,923,1593,1.1350971,-0.014274301,203904,1822.4539577960968,1631232,0.013659849
0.003852211,0.17993164,2847.36,7.05,0.7852731496095657,941,1594,1.1061003,-0.012130412,204032,1823.5423765182495,1632256,0.030267593
0.0041566496,0.19189453,2847.36,7.05,0.7991483211517334,964,1595,1.115666,-0.01392501,204160,1824.6053371429443,1633280,0.024604999
0.0026950042,0.12426758,2858.1,6.91,0.657029926776886,943,1596,1.108269,-0.0102814855,204288,1825.6910243034363,1634304,0.04475712
0.002868399,0.15429688,2858.1,6.91,0.7045298218727112,962,1597,1.1156603,-0.013576273,204416,1826.7554330825806,1635328,0.040517952
0.0030474765,0.16064453,2858.1,6.91,0.7310479581356049,963,1598,1.1029055,-0.011190168,204544,1827.818601846695,1636352,0.04045756
0.0028119618,0.15673828,2846.8,7.04,0.7055770456790924,964,1599,1.1352592,-0.011972467,204672,1828.8814237117767,1637376,0.032583814
0.0031109084,0.17626953,2846.8,7.04,0.7056093513965607,969,1600,1.1244913,-0.012459703,204800,1829.9387209415436,1638400,0.02665492
0.004060824,0.19628906,2840.12,7.11,0.757380485534668,967,1601,1.0603222,-0.011978604,204928,1830.9973411560059,1639424,0.027493527
0.0034099198,0.16894531,2828.88,7.2,0.7789119780063629,953,1602,1.0640545,-0.012365063,205056,1832.0724699497223,1640448,0.023169687
0.0038060676,0.19091797,2820.1,7.26,0.7124602198600769,972,1603,1.1267159,-0.012905334,205184,1833.1256091594696,1641472,0.03720789
0.0038940355,0.19165039,2820.1,7.26,0.7763201743364334,959,1604,1.1277444,-0.012739106,205312,1834.1936738491058,1642496,0.02561885
0.002931539,0.15600586,2820.1,7.26,0.7728310972452164,970,1605,1.1171308,-0.011561176,205440,1835.2493283748627,1643520,0.032362398
0.0030745578,0.1706543,2820.1,7.26,0.7573121637105942,951,1606,1.1252894,-0.013328503,205568,1836.325920343399,1644544,0.02081104
0.0037896219,0.18139648,2820.1,7.26,0.7309015095233917,924,1607,1.0807337,-0.008658312,205696,1837.4339106082916,1645568,0.035282616
0.0036829333,0.18286133,2824.77,7.24,0.6521777808666229,935,1608,1.0573525,-0.011591068,205824,1838.5292916297913,1646592,0.03365013
0.0029188707,0.16430664,2824.77,7.24,0.7751282751560211,970,1609,1.0812371,-0.013456593,205952,1839.5852391719818,1647616,0.030005189
0.003471295,0.18823242,2824.77,7.24,0.6780273020267487,916,1610,1.0808212,-0.0111339735,206080,1840.7033145427704,1648640,0.038979344
0.0033621402,0.16772461,2824.77,7.24,0.788110077381134,902,1611,1.0961853,-0.013019076,206208,1841.8382153511047,1649664,0.027017793
0.004158636,0.1652832,2826.29,7.22,0.8029091060161591,934,1612,1.0610445,-0.010679317,206336,1842.934338092804,1650688,0.027869804
0.002703282,0.14794922,2826.29,7.22,0.6433714330196381,973,1613,1.1125199,-0.010960351,206464,1843.9868619441986,1651712,0.029132407
0.0036223335,0.16772461,2807.03,7.45,0.6382786631584167,908,1614,1.1223109,-0.010572533,206592,1845.1141517162323,1652736,0.043522105
0.0032613426,0.17919922,2807.03,7.45,0.7363513708114624,966,1615,1.0725634,-0.012427353,206720,1846.1745648384094,1653760,0.03833955
0.0037018508,0.17358398,2807.03,7.45,0.7706653326749802,955,1616,1.1184394,-0.012036251,206848,1847.2475872039795,1654784,0.02428393
0.00313214,0.17236328,2807.03,7.45,0.8051576167345047,963,1617,1.1090628,-0.013230604,206976,1848.3113994598389,1655808,0.025348587
0.003529101,0.16821289,2807.03,7.45,0.7494376301765442,962,1618,1.0956028,-0.013743969,207104,1849.3764925003052,1656832,0.03240599
0.0029523312,0.16674805,2807.03,7.45,0.758278414607048,972,1619,1.1053013,-0.011026458,207232,1850.4299430847168,1657856,0.028834555
0.0030801208,0.17822266,2807.03,7.45,0.9126499071717262,960,1620,1.068181,-0.013639148,207360,1851.497133731842,1658880,0.011128759
0.0027944334,0.16992188,2807.03,7.45,0.8249596059322357,961,1621,1.060972,-0.010201108,207488,1852.5631716251373,1659904,0.026605664
0.0036094019,0.16333008,2807.03,7.45,0.90941022336483,908,1622,1.1357311,-0.01397708,207616,1853.6914820671082,1660928,0.013097619
0.0029407013,0.15332031,2796.95,7.53,0.8505919128656387,890,1623,1.0314147,-0.012819428,207744,1854.8421881198883,1661952,0.025973892
0.0034984977,0.18457031,2796.95,7.53,0.8549782186746597,909,1624,1.0908873,-0.013650865,207872,1855.9686534404755,1662976,0.020921499
0.0031026597,0.16503906,2800.12,7.54,0.7205667793750763,910,1625,1.1115086,-0.0120561905,208000,1857.0940222740173,1664000,0.036598254
0.0030097517,0.17211914,2800.12,7.54,0.7765574604272842,978,1626,1.066681,-0.010863028,208128,1858.1412715911865,1665024,0.034311853
0.0021946118,0.15625,2800.12,7.54,0.8269020318984985,977,1627,1.1224787,-0.009400177,208256,1859.1897270679474,1666048,0.016253438
0.0026776209,0.15039062,2787.43,7.69,0.8507995456457138,951,1628,1.1160176,-0.011652696,208384,1860.266229391098,1667072,0.01993687
0.0029820162,0.16137695,2787.43,7.69,0.7923682332038879,969,1629,1.1019229,-0.012393841,208512,1861.3231863975525,1668096,0.02576421
0.0021904528,0.12939453,2787.43,7.69,0.7627484947443008,955,1630,1.1360961,-0.010626293,208640,1862.395391702652,1669120,0.034490895
0.0037704695,0.20507812,2785.04,7.73,0.7808974981307983,938,1631,1.1000267,-0.010706773,208768,1863.487142086029,1670144,0.029247956
0.0029584228,0.18286133,2785.04,7.73,0.7108649909496307,947,1632,1.1396124,-0.012128873,208896,1864.568477153778,1671168,0.031120224
0.0033347155,0.1875,2785.04,7.73,0.7359166443347931,908,1633,1.1718981,-0.012621377,209024,1865.695766210556,1672192,0.0340856
0.0028498173,0.18115234,2785.04,7.73,0.7484001815319061,892,1634,1.1462415,-0.012136141,209152,1866.8440039157867,1673216,0.027216591
0.0029982491,0.19116211,2785.04,7.73,0.8425922095775604,913,1635,1.1529243,-0.010970981,209280,1867.9655344486237,1674240,0.01752123
0.0027406693,0.17993164,2785.04,7.73,0.8132470697164536,892,1636,1.0852585,-0.013172772,209408,1869.1134233474731,1675264,0.020740457
0.002429951,0.14208984,2785.04,7.73,0.8096854090690613,916,1637,1.1290203,-0.009135181,209536,1870.2317340373993,1676288,0.022857545
0.0027154905,0.15893555,2785.04,7.73,0.7760856002569199,894,1638,1.1619176,-0.009317409,209664,1871.3773305416107,1677312,0.030043183
0.0035159811,0.18652344,2785.04,7.73,0.6591971516609192,985,1639,1.1010338,-0.013135641,209792,1872.4173533916473,1678336,0.044320352
0.0030092364,0.17602539,2787.88,7.72,0.788133516907692,953,1640,1.1080632,-0.010574304,209920,1873.492442369461,1679360,0.02619103
0.0025386247,0.16015625,2777.08,7.84,0.6255245506763458,964,1641,1.1524163,-0.011848997,210048,1874.5551629066467,1680384,0.033561494
0.0030494772,0.16918945,2766.31,8.04,0.8098718523979187,911,1642,1.1433618,-0.0135477865,210176,1875.6792750358582,1681408,0.019083085
0.0025705704,0.15649414,2766.31,8.04,0.7514422684907913,942,1643,1.1271609,-0.011111758,210304,1876.7669155597687,1682432,0.03284159
0.0032641776,0.17358398,2767.22,8.04,0.8794492036104202,929,1644,1.142049,-0.014200421,210432,1877.869455575943,1683456,0.014910555
0.0029105768,0.14672852,2767.22,8.04,0.7293218374252319,954,1645,1.1286843,-0.011108111,210560,1878.9428539276123,1684480,0.041746758
0.0026808619,0.14990234,2765.51,8.1,0.7774829268455505,928,1646,1.1136917,-0.011125239,210688,1880.0468075275421,1685504,0.032393113
0.0028571633,0.15332031,2761.38,8.21,0.6930577158927917,893,1647,1.165073,-0.012877316,210816,1881.1934831142426,1686528,0.029571053
0.0035472088,0.17895508,2761.38,8.21,0.735474556684494,901,1648,1.147933,-0.0141400825,210944,1882.33012509346,1687552,0.028519275
0.002493158,0.16455078,2761.38,8.21,0.5748834013938904,910,1649,1.1463803,-0.012585752,211072,1883.455792427063,1688576,0.03658943
0.0029688287,0.13793945,2761.38,8.21,0.79123255610466,966,1650,1.158044,-0.010142923,211200,1884.5155062675476,1689600,0.029044572
0.0022745489,0.13574219,2761.38,8.21,0.7679886370897293,973,1651,1.1236522,-0.009734821,211328,1885.568017244339,1690624,0.031053297
0.0028912653,0.15795898,2761.95,8.07,0.7199844419956207,959,1652,1.1523763,-0.012216775,211456,1886.635561466217,1691648,0.038184293
0.002727739,0.1628418,2761.95,8.07,0.74754798412323,973,1653,1.092962,-0.010820211,211584,1887.6883845329285,1692672,0.03207143
0.0028906572,0.15551758,2761.95,8.07,0.6234090030193329,957,1654,1.0809729,-0.011806507,211712,1888.759107351303,1693696,0.05504856
0.0034091577,0.1784668,2761.95,8.07,0.7789360582828522,967,1655,1.1288649,-0.013908263,211840,1889.8177468776703,1694720,0.031469624
0.0029904959,0.1574707,2761.95,8.07,0.7280003428459167,964,1656,1.1162778,-0.012392901,211968,1890.8797476291656,1695744,0.030907135
0.0024298711,0.14697266,2761.95,8.07,0.7958414256572723,969,1657,1.1302693,-0.01057425,212096,1891.9363703727722,1696768,0.025522126
0.002877804,0.16918945,2761.95,8.07,0.8049331158399582,919,1658,1.0987478,-0.012782859,212224,1893.0507123470306,1697792,0.030164085
0.0024328313,0.15185547,2764.13,8.09,0.7606417387723923,906,1659,1.0686852,-0.012453663,212352,1894.1805791854858,1698816,0.034179274
0.0029828832,0.14550781,2759.19,8.28,0.6829962134361267,908,1660,1.1315722,-0.011238383,212480,1895.3089640140533,1699840,0.044138722
0.0030398176,0.17504883,2759.19,8.28,0.8140462189912796,911,1661,1.0756243,-0.010104431,212608,1896.4332282543182,1700864,0.025019445
0.003043396,0.15576172,2759.19,8.28,0.7655611634254456,897,1662,1.0854369,-0.010439053,212736,1897.574469089508,1701888,0.034478616
0.0027673005,0.18334961,2754.55,8.3,0.8385375291109085,919,1663,1.105732,-0.012365874,212864,1898.688899755478,1702912,0.022877512
0.002524394,0.15405273,2754.55,8.3,0.8209287077188492,963,1664,1.1245883,-0.011539431,212992,1899.7521460056305,1703936,0.02493988
0.002903421,0.16235352,2754.55,8.3,0.7270243167877197,969,1665,1.1586841,-0.0116270855,213120,1900.809545993805,1704960,0.03763277
0.0038185138,0.19238281,2751.58,8.33,0.7952854782342911,908,1666,1.1097349,-0.013278086,213248,1901.9372518062592,1705984,0.025803346
0.0027759303,0.14990234,2751.58,8.33,0.6898503303527832,941,1667,1.1077828,-0.0125769805,213376,1903.025372505188,1707008,0.043838672
0.00335009,0.14794922,2756.26,8.3,0.7817442566156387,940,1668,1.1075524,-0.0114514865,213504,1904.1150274276733,1708032,0.035245165
0.0024780638,0.15893555,2750.86,8.43,0.6398828625679016,909,1669,1.1377676,-0.013196802,213632,1905.2417678833008,1709056,0.04285413
0.0022855373,0.15136719,2750.86,8.43,0.7112707197666168,952,1670,1.1412848,-0.011569148,213760,1906.3172273635864,1710080,0.03428323
0.0023618161,0.15454102,2750.86,8.43,0.7504846453666687,980,1671,1.1677237,-0.010980377,213888,1907.3628878593445,1711104,0.03185847
0.003292508,0.17089844,2750.86,8.43,0.7536391317844391,969,1672,1.0974221,-0.012779295,214016,1908.4193513393402,1712128,0.03600174
0.002983556,0.16918945,2750.86,8.43,0.6757839620113373,935,1673,1.1958326,-0.011222965,214144,1909.5147111415863,1713152,0.041454017
0.0026277667,0.1694336,2750.86,8.43,0.7257623076438904,971,1674,1.0929041,-0.010523813,214272,1910.569757938385,1714176,0.033792716
0.0030251117,0.19555664,2750.86,8.43,0.85321344435215,970,1675,1.1843572,-0.011836336,214400,1911.6254079341888,1715200,0.01549986
0.004059255,0.2084961,2747.26,8.38,0.8170105814933777,960,1676,1.1131083,-0.010656158,214528,1912.6918613910675,1716224,0.02676509
0.0032582243,0.17944336,2747.26,8.38,0.8110474199056625,976,1677,1.1791928,-0.010069373,214656,1913.7407484054565,1717248,0.02350909
0.002619078,0.14111328,2747.26,8.38,0.6225976347923279,976,1678,1.1233394,-0.010726228,214784,1914.7905523777008,1718272,0.038934145
0.0026665297,0.16625977,2747.26,8.38,0.5419399440288544,940,1679,1.0900558,-0.012413168,214912,1915.880467414856,1719296,0.03813444
0.0026780632,0.14453125,2747.26,8.38,0.7316129803657532,918,1680,1.1465318,-0.013150257,215040,1916.9957394599915,1720320,0.03706283
0.003750659,0.1550293,2743.88,8.44,0.7889178842306137,890,1681,1.1187106,-0.011990062,215168,1918.1457891464233,1721344,0.029336007
0.003168692,0.15185547,2743.88,8.44,0.766088142991066,913,1682,1.1600163,-0.011484175,215296,1919.2672111988068,1722368,0.028290853
0.003356285,0.16918945,2755.97,8.27,0.8281182646751404,878,1683,1.1576911,-0.0137728285,215424,1920.4333322048187,1723392,0.026579138
0.0034842975,0.19604492,2745.94,8.32,0.7815270125865936,922,1684,1.1234657,-0.011637323,215552,1921.5447108745575,1724416,0.027779004
0.0029636994,0.16845703,2745.94,8.32,0.8143507391214371,917,1685,1.1303301,-0.014048447,215680,1922.6613068580627,1725440,0.025441011
0.0024440794,0.1459961,2745.94,8.32,0.7843248397111893,923,1686,1.1366657,-0.010158166,215808,1923.7704355716705,1726464,0.03277043
0.0030297418,0.1538086,2745.94,8.32,0.7905211597681046,908,1687,1.12079,-0.011172829,215936,1924.8986921310425,1727488,0.024222422
0.0027598345,0.1809082,2746.72,8.32,0.8448062688112259,927,1688,1.1680263,-0.011551899,216064,1926.0033848285675,1728512,0.016678711
0.0027278499,0.15625,2748.92,8.23,0.7486928403377533,936,1689,1.136463,-0.011613987,216192,1927.097294330597,1729536,0.03733739
0.003020552,0.1652832,2748.92,8.23,0.7529968172311783,969,1690,1.1651216,-0.009302598,216320,1928.154159784317,1730560,0.033545714
0.0025459195,0.1550293,2748.92,8.23,0.8543580919504166,930,1691,1.1731335,-0.012393076,216448,1929.2555077075958,1731584,0.014044106
0.002342314,0.1508789,2755.4,8.15,0.810553714632988,896,1692,1.2021675,-0.011054595,216576,1930.3990268707275,1732608,0.01663878
0.0022212546,0.14575195,2755.4,8.15,0.7232109904289246,893,1693,1.1620742,-0.009963969,216704,1931.5464870929718,1733632,0.039602283
0.002507237,0.1472168,2755.4,8.15,0.7452545464038849,913,1694,1.1894321,-0.0128780035,216832,1932.6682362556458,1734656,0.039768554
0.0022332028,0.115722656,2755.4,8.15,0.7620390951633453,969,1695,1.1599196,-0.011266267,216960,1933.7253775596619,1735680,0.0370537
0.0031039037,0.17382812,2755.4,8.15,0.8102457225322723,972,1696,1.1315787,-0.013621653,217088,1934.779099702835,1736704,0.033752274
0.003057418,0.18554688,2755.4,8.15,0.6480038464069366,974,1697,1.2342716,-0.012081964,217216,1935.8310992717743,1737728,0.052326884
0.0028222022,0.16430664,2755.4,8.15,0.8045919239521027,974,1698,1.1727673,-0.011477517,217344,1936.8828494548798,1738752,0.028948389
0.0024888848,0.16748047,2755.4,8.15,0.6147622168064117,961,1699,1.2087165,-0.010380622,217472,1937.949096441269,1739776,0.03839857
0.0033419905,0.17749023,2755.41,8.16,0.6943351328372955,959,1700,1.1879342,-0.011188104,217600,1939.0168347358704,1740800,0.040428292
0.0029400322,0.15307617,2755.02,8.18,0.8656374216079712,961,1701,1.2235489,-0.011347065,217728,1940.0827910900116,1741824,0.01739393
0.0029252423,0.16748047,2755.02,8.18,0.8413263559341431,969,1702,1.1670804,-0.012028516,217856,1941.140240907669,1742848,0.024457341
0.0031351033,0.15991211,2756.77,8.15,0.7415387034416199,950,1703,1.2047501,-0.01313485,217984,1942.218974351883,1743872,0.033755068
0.0034310683,0.17138672,2756.77,8.15,0.7755876779556274,932,1704,1.1418207,-0.011348411,218112,1943.3177852630615,1744896,0.03277671
0.0029222094,0.16308594,2757.13,8.17,0.8176368325948715,931,1705,1.1178792,-0.012094303,218240,1944.4182262420654,1745920,0.024517944
0.002158551,0.12475586,2759.69,8.14,0.7213175892829895,933,1706,1.1681354,-0.012214079,218368,1945.5158574581146,1746944,0.0405436
0.0036841051,0.16723633,2745.72,8.22,0.8067003190517426,941,1707,1.147643,-0.01314447,218496,1946.6045203208923,1747968,0.02757468
0.002915327,0.16699219,2745.72,8.22,0.7116848528385162,983,1708,1.1232562,-0.011942635,218624,1947.6467986106873,1748992,0.040784374
0.003043793,0.15551758,2745.72,8.22,0.775091677904129,962,1709,1.1576998,-0.013863264,218752,1948.711354970932,1750016,0.031851828
0.0029831296,0.16210938,2745.72,8.22,0.7081846296787262,962,1710,1.164544,-0.010972833,218880,1949.7763977050781,1751040,0.037398376
0.0036144787,0.19335938,2745.72,8.22,0.7627932727336884,945,1711,1.180348,-0.012411507,219008,1950.8605036735535,1752064,0.031318158
0.0030013546,0.17089844,2745.72,8.22,0.7482726573944092,956,1712,1.203111,-0.013049284,219136,1951.9321761131287,1753088,0.030377537
0.0034122546,0.18701172,2749.87,8.17,0.7352073490619659,955,1713,1.1684189,-0.013861561,219264,1953.1004672050476,1754112,0.031958986
0.0035739336,0.20532227,2749.87,8.17,0.8476093411445618,976,1714,1.2025275,-0.011479695,219392,1954.1494145393372,1755136,0.016357107
0.0030532873,0.16333008,2749.87,8.17,0.7822481840848923,967,1715,1.2083845,-0.012871639,219520,1955.2089755535126,1756160,0.029099792
0.002312271,0.14086914,2749.87,8.17,0.6856314837932587,974,1716,1.1542771,-0.009054161,219648,1956.2607624530792,1757184,0.02555404
0.0030207543,0.17944336,2749.87,8.17,0.7033044695854187,957,1717,1.2233124,-0.009347754,219776,1957.3312735557556,1758208,0.034288548
0.0020192983,0.119628906,2749.87,8.17,0.7898591309785843,982,1718,1.1436338,-0.009200128,219904,1958.3742785453796,1759232,0.02617416
0.0032611592,0.15698242,2749.87,8.17,0.7442896962165833,946,1719,1.1680105,-0.011641514,220032,1959.4570379257202,1760256,0.03892459
0.0029660978,0.16796875,2749.87,8.17,0.5240214467048645,944,1720,1.1982255,-0.011470227,220160,1960.5422735214233,1761280,0.054791585
0.0021447951,0.14282227,2749.87,8.17,0.7740417718887329,909,1721,1.210715,-0.009986222,220288,1961.6687607765198,1762304,0.021693714
0.0030344669,0.17138672,2732.35,8.26,0.7801104336977005,952,1722,1.1686581,-0.012115298,220416,1962.7451529502869,1763328,0.026659045
0.0027466503,0.1616211,2732.35,8.26,0.7681900262832642,957,1723,1.1726778,-0.013404956,220544,1963.815574645996,1764352,0.032549225
0.004241931,0.16992188,2731.92,8.24,0.757003903388977,952,1724,1.1591376,-0.008779571,220672,1964.8917841911316,1765376,0.02539507
0.0029057974,0.17822266,2733.4,8.23,0.7939166128635406,946,1725,1.1355699,-0.011442896,220800,1965.974984884262,1766400,0.028014896
0.0036210015,0.19970703,2733.4,8.23,0.8221783190965652,952,1726,1.1517167,-0.011873736,220928,1967.0511875152588,1767424,0.020402383
0.0034613088,0.1784668,2732.72,8.23,0.7469902038574219,935,1727,1.1390243,-0.012153594,221056,1968.1470971107483,1768448,0.03948996
0.0022930198,0.13623047,2732.72,8.23,0.6085677146911621,920,1728,1.1471949,-0.012577825,221184,1969.260803937912,1769472,0.05139398
0.0032327515,0.16723633,2733.76,8.33,0.6410157680511475,952,1729,1.1382368,-0.0114609385,221312,1970.336353778839,1770496,0.043116983
0.002828524,0.17407227,2733.76,8.33,0.8172606229782104,979,1730,1.2023742,-0.013443036,221440,1971.3829698562622,1771520,0.025202595
0.0025464934,0.15966797,2733.76,8.33,0.7664993554353714,924,1731,1.1231012,-0.012400938,221568,1972.49156332016,1772544,0.03443054
0.0027823658,0.15478516,2733.76,8.33,0.7636605650186539,913,1732,1.1722023,-0.013291333,221696,1973.612868309021,1773568,0.032196794
0.0033819585,0.20288086,2733.76,8.33,0.709009438753128,960,1733,1.1887224,-0.010400721,221824,1974.6795797348022,1774592,0.030240744
0.0031377133,0.15893555,2733.76,8.33,0.8643454164266586,912,1734,1.2100158,-0.012718408,221952,1975.8020987510681,1775616,0.017851034
0.0026852936,0.15332031,2735.3,8.36,0.7478733658790588,906,1735,1.1604168,-0.012646993,222080,1976.9330575466156,1776640,0.027720474
0.0026709873,0.14770508,2735.3,8.36,0.7863207459449768,958,1736,1.2372242,-0.010608489,222208,1978.002687215805,1777664,0.024603443
0.0029871478,0.17163086,2735.3,8.36,0.7131569683551788,910,1737,1.145737,-0.011852272,222336,1979.1286108493805,1778688,0.039394073
0.0024959957,0.14941406,2735.3,8.36,0.785541221499443,902,1738,1.1592597,-0.01368555,222464,1980.2642843723297,1779712,0.025464294
0.0028843256,0.1574707,2735.3,8.36,0.7727334648370743,924,1739,1.1315466,-0.012354789,222592,1981.372967004776,1780736,0.033183772
0.0026460094,0.15673828,2729.15,8.39,0.8076376765966415,922,1740,1.1656204,-0.012280304,222720,1982.4839046001434,1781760,0.021902079
0.0031993038,0.19482422,2729.15,8.39,0.8310355842113495,919,1741,1.1525877,-0.01158181,222848,1983.598577260971,1782784,0.027856048
0.0027143604,0.1616211,2729.15,8.39,0.8422071039676666,972,1742,1.1368988,-0.0101500675,222976,1984.6525480747223,1783808,0.019283097
0.0024128403,0.13232422,2729.15,8.39,0.8186981379985809,964,1743,1.1504896,-0.013388391,223104,1985.7152750492096,1784832,0.020063177
0.0020866685,0.14501953,2720.37,8.46,0.8695952147245407,939,1744,1.0692343,-0.010450876,223232,1986.8061895370483,1785856,0.018700577
0.0024929305,0.1381836,2720.37,8.46,0.7260231077671051,959,1745,1.1697423,-0.010803366,223360,1987.8744423389435,1786880,0.03981451
0.002559482,0.15405273,2720.37,8.46,0.7458002865314484,966,1746,1.1113586,-0.011605332,223488,1988.9347841739655,1787904,0.038798347
0.003256054,0.18286133,2720.37,8.46,0.794732466340065,966,1747,1.1318774,-0.013697641,223616,1989.9949388504028,1788928,0.026211092
0.0024136638,0.14868164,2725.93,8.4,0.7625686973333359,968,1748,1.1406368,-0.011512388,223744,1991.0534825325012,1789952,0.03234433
0.003224539,0.15820312,2715.51,8.45,0.7077361941337585,963,1749,1.1398052,-0.007903565,223872,1992.1173639297485,1790976,0.04121358
0.0024827067,0.1315918,2715.51,8.45,0.8201682865619659,978,1750,1.1815645,-0.01208135,224000,1993.1643834114075,1792000,0.024106579
0.0022435915,0.14257812,2715.51,8.45,0.8379545658826828,967,1751,1.1172111,-0.01160014,224128,1994.2238845825195,1793024,0.031162664
0.0026439598,0.17529297,2715.51,8.45,0.7258665263652802,966,1752,1.1812801,-0.009218149,224256,1995.2839818000793,1794048,0.03762984
0.002301462,0.15307617,2704.17,8.58,0.7772881537675858,955,1753,1.1619811,-0.012089323,224384,1996.3560862541199,1795072,0.03828603
0.0026800644,0.1496582,2704.17,8.58,0.7854492515325546,965,1754,1.1941426,-0.0124152955,224512,1997.4173696041107,1796096,0.024004653
0.002500652,0.15698242,2704.17,8.58,0.7288385033607483,935,1755,1.1772474,-0.009876517,224640,1998.5133175849915,1797120,0.03704427
0.0030350431,0.17163086,2704.17,8.58,0.7817622870206833,941,1756,1.1585693,-0.012119245,224768,1999.6015975475311,1798144,0.025308909
0.0027621097,0.17285156,2704.17,8.58,0.7858997881412506,951,1757,1.1599582,-0.011505994,224896,2000.6789128780365,1799168,0.026428485
0.004511939,0.18164062,2704.17,8.58,0.7370575666427612,960,1758,1.1279559,-0.011319047,225024,2001.745619058609,1800192,0.037964925
0.003631925,0.17675781,2702.97,8.59,0.7442215085029602,951,1759,1.1397134,-0.012023755,225152,2002.822595357895,1801216,0.032562435
0.003279492,0.16503906,2702.97,8.59,0.6932289004325867,972,1760,1.1915048,-0.012965044,225280,2003.8770122528076,1802240,0.036048736
0.0023952718,0.1472168,2702.97,8.59,0.6939244568347931,904,1761,1.1124252,-0.011598158,225408,2005.0104978084564,1803264,0.045745824
0.0029175705,0.1459961,2702.97,8.59,0.7382718622684479,910,1762,1.1563475,-0.011730669,225536,2006.1355829238892,1804288,0.029514095
0.0035196804,0.19165039,2702.97,8.59,0.6499967873096466,905,1763,1.1549792,-0.012916608,225664,2007.26735496521,1805312,0.032350335
0.0032091062,0.16992188,2698.91,8.64,0.7357391119003296,901,1764,1.1671234,-0.013106595,225792,2008.4045114517212,1806336,0.0367778
0.002906189,0.15527344,2698.91,8.64,0.782563790678978,916,1765,1.0803554,-0.012378315,225920,2009.5222220420837,1807360,0.02397917
0.0030715188,0.1694336,2709.02,8.61,0.8160984516143799,896,1766,1.1010622,-0.01277125,226048,2010.6653270721436,1808384,0.023190236
0.0026671465,0.14257812,2709.02,8.61,0.7491042017936707,918,1767,1.117254,-0.0127689205,226176,2011.7810776233673,1809408,0.039510056
0.002252427,0.13134766,2707.69,8.72,0.7366482317447662,937,1768,1.1001505,-0.012413669,226304,2012.8744013309479,1810432,0.029960444
0.002984574,0.19433594,2707.69,8.72,0.7622374147176743,950,1769,1.1174436,-0.012348436,226432,2013.9527461528778,1811456,0.028581215
0.002867649,0.17822266,2707.69,8.72,0.7187954485416412,901,1770,1.1404525,-0.012849612,226560,2015.089320898056,1812480,0.035632096
0.003316433,0.17553711,2707.69,8.72,0.7916700690984726,910,1771,1.1487776,-0.009909136,226688,2016.2146294116974,1813504,0.02170743
0.0031384286,0.17504883,2698.49,8.83,0.8087015897035599,902,1772,1.1172934,-0.012668992,226816,2017.350280046463,1814528,0.021924453
0.0024509162,0.15356445,2698.49,8.83,0.7417766153812408,909,1773,1.1428617,-0.012361568,226944,2018.4765946865082,1815552,0.033507112
0.0028561368,0.16015625,2698.49,8.83,0.671347975730896,969,1774,1.1178362,-0.011885645,227072,2019.5338833332062,1816576,0.042309813
0.0029621387,0.15673828,2698.49,8.83,0.7803329825401306,906,1775,1.1061715,-0.011645079,227200,2020.6640014648438,1817600,0.026593316
0.0027353333,0.15991211,2698.49,8.83,0.7413960099220276,942,1776,1.1256552,-0.010917517,227328,2021.7511892318726,1818624,0.027436381
0.0027784489,0.15063477,2698.49,8.83,0.8434856086969376,977,1777,1.1331468,-0.01444619,227456,2022.7992053031921,1819648,0.019011043
0.0027881644,0.16357422,2698.49,8.83,0.7181041538715363,914,1778,1.1177577,-0.010250474,227584,2023.920028924942,1820672,0.039731257
0.0034654273,0.16625977,2698.49,8.83,0.7984592765569687,959,1779,1.0862952,-0.010832223,227712,2024.9879190921783,1821696,0.02680023
0.0037187687,0.17871094,2695.14,8.85,0.6191739439964294,965,1780,1.1502093,-0.011292659,227840,2026.0495040416718,1822720,0.03295014
0.0031774624,0.17602539,2695.14,8.85,0.8205526173114777,969,1781,1.070251,-0.009269939,227968,2027.1070339679718,1823744,0.026671056
0.0033602933,0.15625,2689.87,8.86,0.7966602295637131,972,1782,1.0871744,-0.010964492,228096,2028.1607511043549,1824768,0.025642887
0.0035238375,0.16064453,2689.87,8.86,0.853867843747139,972,1783,1.0846306,-0.011288252,228224,2029.2142565250397,1825792,0.02348862
0.0034246643,0.1706543,2689.87,8.86,0.8535386174917221,920,1784,1.1436417,-0.011670845,228352,2030.326917886734,1826816,0.01719629
0.0033367875,0.16992188,2689.87,8.86,0.7626781463623047,959,1785,1.1574976,-0.0128779765,228480,2031.3946108818054,1827840,0.02502816
0.003455605,0.17675781,2682.95,8.99,0.8465164303779602,905,1786,1.1070766,-0.011963832,228608,2032.5265810489655,1828864,0.020733537
0.0038089997,0.171875,2676.05,9.1,0.8064266443252563,924,1787,1.1220624,-0.011700981,228736,2033.634708404541,1829888,0.029523034
0.0031261926,0.14916992,2676.05,9.1,0.7195268869400024,983,1788,1.099843,-0.009193478,228864,2034.6761286258698,1830912,0.04007485
0.0031652453,0.14770508,2676.05,9.1,0.7877450734376907,946,1789,1.0768782,-0.0129583115,228992,2035.7588422298431,1831936,0.025081897
0.0031529388,0.17797852,2682.69,9.06,0.6117535829544067,931,1790,1.127251,-0.012843255,229120,2036.8585896492004,1832960,0.035782985
0.0036766785,0.18041992,2685.04,9.06,0.7695957869291306,899,1791,1.0421336,-0.012619578,229248,2037.9978971481323,1833984,0.03566161
0.0032634037,0.16064453,2693.02,9.02,0.7372266948223114,952,1792,1.1061931,-0.010628672,229376,2039.0741176605225,1835008,0.032058604
0.0018620492,0.12890625,2693.02,9.02,0.8618646413087845,943,1793,1.1312137,-0.010600077,229504,2040.1599519252777,1836032,0.016546197
0.0033186316,0.18896484,2693.02,9.02,0.7951762080192566,908,1794,1.1005666,-0.011285356,229632,2041.2884318828583,1837056,0.02863466
0.0026449943,0.14257812,2693.02,9.02,0.6922104954719543,897,1795,1.1464924,-0.011047322,229760,2042.4296588897705,1838080,0.021351628
0.003251997,0.1743164,2693.02,9.02,0.7149558067321777,978,1796,1.1559689,-0.011823654,229888,2043.4773316383362,1839104,0.031882275
0.0024289356,0.15795898,2693.02,9.02,0.8005729466676712,975,1797,1.1281143,-0.011038969,230016,2044.5283117294312,1840128,0.024191666
0.002816201,0.17358398,2693.02,9.02,0.7663509994745255,970,1798,1.1205587,-0.010332953,230144,2045.5837922096252,1841152,0.017549433
0.0037768073,0.20874023,2689.44,9.2,0.7661580741405487,947,1799,1.121467,-0.0138547635,230272,2046.6657996177673,1842176,0.024229659
0.0034080218,0.1640625,2689.44,9.2,0.7940514236688614,963,1800,1.073825,-0.011767231,230400,2047.7292387485504,1843200,0.025090588
0.0023454153,0.15991211,2689.44,9.2,0.760313555598259,967,1801,1.1394058,-0.012615741,230528,2048.788237094879,1844224,0.04038405
0.0029580647,0.16625977,2689.44,9.2,0.7541547864675522,976,1802,1.1082513,-0.01296415,230656,2049.838023662567,1845248,0.029979996
0.003206883,0.16674805,2689.44,9.2,0.7831426858901978,960,1803,1.1219687,-0.013153648,230784,2050.905147075653,1846272,0.029218674
0.0038979554,0.18725586,2689.44,9.2,0.8153900653123856,968,1804,1.13469,-0.010674926,230912,2051.963161945343,1847296,0.021042071
0.002834361,0.15942383,2689.44,9.2,0.7757803946733475,975,1805,1.0915263,-0.012671224,231040,2053.013772249222,1848320,0.034547213
0.0031516948,0.19360352,2689.44,9.2,0.6842014491558075,966,1806,1.1275258,-0.013059395,231168,2054.0744376182556,1849344,0.035561424
0.0034475871,0.18579102,2683.76,9.2,0.7395521700382233,946,1807,1.0999683,-0.014671984,231296,2055.1571962833405,1850368,0.03109586
0.0023547886,0.14550781,2683.76,9.2,0.6458273530006409,978,1808,1.0877897,-0.0117378915,231424,2056.204877138138,1851392,0.037719063
0.0039018162,0.15283203,2678.87,9.27,0.7429928481578827,967,1809,1.0706282,-0.011643088,231552,2057.263580083847,1852416,0.033334922
0.0029973593,0.14208984,2678.87,9.27,0.751316636800766,979,1810,1.1017463,-0.009573172,231680,2058.309247970581,1853440,0.031930275
0.0033840716,0.14086914,2678.87,9.27,0.7647119909524918,964,1811,1.1360787,-0.010323484,231808,2059.3715488910675,1854464,0.02598071
0.0029782972,0.17773438,2676.27,9.5,0.7270208895206451,967,1812,1.075041,-0.009673442,231936,2060.430120229721,1855488,0.03609873
0.0036695614,0.14868164,2678.46,9.48,0.6815772950649261,960,1813,1.0824218,-0.0092753135,232064,2061.4973969459534,1856512,0.04387862
0.0025525363,0.15234375,2678.46,9.48,0.7886279821395874,966,1814,1.088968,-0.009252033,232192,2062.5575802326202,1857536,0.026134793
0.0023600734,0.1430664,2678.46,9.48,0.814774215221405,963,1815,1.1027247,-0.00990391,232320,2063.621838569641,1858560,0.023855733
0.0018735114,0.118896484,2678.46,9.48,0.7513349205255508,945,1816,1.1131278,-0.0106609315,232448,2064.705337524414,1859584,0.03458318
0.0027632485,0.12939453,2678.46,9.48,0.7355816960334778,941,1817,1.0768844,-0.011532244,232576,2065.793242454529,1860608,0.030690236
0.0036892563,0.16796875,2675.51,9.71,0.8067948967218399,949,1818,0.9865735,-0.012985762,232704,2066.8728306293488,1861632,0.02634912
0.002213608,0.15332031,2692.02,9.55,0.8187478482723236,947,1819,1.113363,-0.011410518,232832,2067.9544343948364,1862656,0.019566363
0.0033838593,0.16870117,2692.02,9.55,0.7510183751583099,974,1820,1.1060511,-0.011670271,232960,2069.005891084671,1863680,0.027434666
0.0025774378,0.15966797,2692.02,9.55,0.7423600852489471,952,1821,1.1039926,-0.010654245,233088,2070.0822653770447,1864704,0.029087545
0.0031288331,0.18359375,2692.02,9.55,0.7545861899852753,970,1822,1.0432853,-0.012350256,233216,2071.1381657123566,1865728,0.02984881
0.0026644545,0.15649414,2692.02,9.55,0.788832038640976,958,1823,1.0811331,-0.012096851,233344,2072.207109928131,1866752,0.024991147
0.0026230928,0.16967773,2692.02,9.55,0.7789461463689804,969,1824,1.1407155,-0.009356069,233472,2073.2639169692993,1867776,0.024415568
0.00311762,0.17114258,2692.02,9.55,0.8404687792062759,964,1825,1.0789396,-0.011531364,233600,2074.3258488178253,1868800,0.024566974
0.0030326096,0.18237305,2692.02,9.55,0.8040194809436798,968,1826,1.07186,-0.012174171,233728,2075.3838679790497,1869824,0.020370927
0.0034579057,0.19311523,2693.09,9.6,0.880978986620903,904,1827,1.1391928,-0.014069304,233856,2076.516405582428,1870848,0.017405177
0.0033666664,0.1809082,2693.09,9.6,0.753736138343811,919,1828,1.0640037,-0.011718815,233984,2077.6310153007507,1871872,0.029091008
0.0042335787,0.1694336,2698.45,9.62,0.8539647459983826,883,1829,1.11548,-0.011772195,234112,2078.7915048599243,1872896,0.013866594
0.0034016026,0.18383789,2698.45,9.62,0.7199496328830719,979,1830,1.0456648,-0.0108591365,234240,2079.8382182121277,1873920,0.038570788
0.0034746104,0.16772461,2689.87,9.68,0.8477193713188171,954,1831,1.057007,-0.0125428345,234368,2080.9115142822266,1874944,0.020870743
0.0027169615,0.14916992,2686.83,9.73,0.7158589661121368,946,1832,1.0699627,-0.011591145,234496,2081.9943125247955,1875968,0.039835148
0.0030877485,0.17456055,2686.83,9.73,0.672404408454895,962,1833,1.070789,-0.013139199,234624,2083.0589575767517,1876992,0.042074513
0.002662291,0.16333008,2686.83,9.73,0.8436236381530762,941,1834,1.116271,-0.012339546,234752,2084.147316455841,1878016,0.018896049
0.003182449,0.16796875,2686.83,9.73,0.7876980155706406,907,1835,1.1120434,-0.012359156,234880,2085.2762801647186,1879040,0.024285974
0.0023297851,0.16186523,2686.83,9.73,0.8094127327203751,905,1836,1.1156272,-0.01174452,235008,2086.40732216835,1880064,0.024476178
0.0027243064,0.14819336,2686.83,9.73,0.8194264322519302,897,1837,1.0679847,-0.0129211005,235136,2087.5489361286163,1881088,0.024411114
0.0032595606,0.18554688,2686.83,9.73,0.8411740958690643,924,1838,1.0721779,-0.012046763,235264,2088.656929731369,1882112,0.023633467
0.00373775,0.16040039,2686.83,9.73,0.688577800989151,965,1839,1.0649285,-0.0123849735,235392,2089.7182710170746,1883136,0.035760693
0.0029932433,0.14648438,2686.83,9.73,0.7484716773033142,974,1840,1.0637388,-0.01012406,235520,2090.7698233127594,1884160,0.039641384
0.0033206963,0.17382812,2686.83,9.73,0.6797741949558258,968,1841,1.0784829,-0.013863201,235648,2091.827344894409,1885184,0.03670865
0.0040767905,0.16894531,2686.83,9.73,0.7044907808303833,980,1842,1.0219092,-0.010076635,235776,2092.872626066208,1886208,0.034596577
0.0039605284,0.1538086,2694.4,9.67,0.7626481205224991,919,1843,1.1115751,-0.010083474,235904,2093.987259864807,1887232,0.033597596
0.002386082,0.14575195,2694.4,9.67,0.8543783128261566,902,1844,1.0354674,-0.01123294,236032,2095.122526407242,1888256,0.023564912
0.0031183178,0.19604492,2694.4,9.67,0.7900232374668121,915,1845,1.1056995,-0.01103378,236160,2096.241720199585,1889280,0.026641324
0.003371121,0.18798828,2688.94,9.87,0.7869930267333984,924,1846,1.0488085,-0.009934153,236288,2097.350554227829,1890304,0.03187979
0.0032708768,0.17626953,2688.94,9.87,0.7337498366832733,892,1847,1.0714896,-0.014066942,236416,2098.498145341873,1891328,0.032938804
0.002258238,0.118652344,2688.94,9.87,0.789204478263855,964,1848,1.1073904,-0.009782959,236544,2099.56041932106,1892352,0.03415255
0.0030995004,0.1743164,2688.94,9.87,0.827920988202095,935,1849,1.0778998,-0.0125574535,236672,2100.656039953232,1893376,0.023062993
0.0032776198,0.18066406,2689.45,9.88,0.8448736518621445,883,1850,1.1301415,-0.01176672,236800,2101.816080093384,1894400,0.017125435
0.0030625556,0.17089844,2689.45,9.88,0.8183289468288422,951,1851,1.1011224,-0.010736378,236928,2102.8935153484344,1895424,0.027789498
0.0027104053,0.16040039,2689.45,9.88,0.685914158821106,955,1852,1.0800862,-0.010162271,237056,2103.9660534858704,1896448,0.031266198
0.0031232229,0.2097168,2696.93,9.84,0.7360859215259552,879,1853,1.1528419,-0.009862098,237184,2105.130991458893,1897472,0.027502948
0.004509673,0.1899414,2696.93,9.84,0.806260272860527,947,1854,1.1270969,-0.010864443,237312,2106.2125585079193,1898496,0.025670795
0.0028690586,0.1730957,2696.93,9.84,0.8016200512647629,899,1855,1.1359625,-0.011407225,237440,2107.352279663086,1899520,0.026042942
0.0028416468,0.18041992,2696.93,9.84,0.7243676781654358,896,1856,1.0622867,-0.011655826,237568,2108.4956605434418,1900544,0.028578147
0.0023447264,0.1508789,2696.93,9.84,0.7634627819061279,902,1857,1.1445198,-0.010044451,237696,2109.631444454193,1901568,0.032253876
0.0023954716,0.1459961,2698.56,9.86,0.7940883040428162,919,1858,1.1023183,-0.01109812,237824,2110.7454030513763,1902592,0.02388347
0.0027370837,0.17089844,2698.56,9.86,0.78509521484375,935,1859,1.1290569,-0.012348893,237952,2111.8407089710236,1903616,0.027210757
0.0025794655,0.16040039,2698.56,9.86,0.7209805548191071,907,1860,1.1456306,-0.011216708,238080,2112.9696984291077,1904640,0.03741324
0.00314613,0.18383789,2698.56,9.86,0.8072062134742737,961,1861,1.1074748,-0.011706594,238208,2114.0350999832153,1905664,0.027664103
0.0030173159,0.2055664,2693.56,9.91,0.8009037971496582,949,1862,1.1434423,-0.010347351,238336,2115.1145050525665,1906688,0.021779036
0.004962703,0.15991211,2693.48,9.92,0.7008290886878967,902,1863,1.1470288,-0.00973604,238464,2116.250314474106,1907712,0.02486368
0.0027400157,0.14550781,2693.48,9.92,0.7222092151641846,979,1864,1.1519238,-0.011994805,238592,2117.295931339264,1908736,0.0344583
0.0028300255,0.15014648,2693.48,9.92,0.6651621460914612,942,1865,1.1360071,-0.011830583,238720,2118.382738351822,1909760,0.042376984
0.005779085,0.18237305,2698.41,9.86,0.7907427102327347,957,1866,1.0937033,-0.013858844,238848,2119.4534034729004,1910784,0.027363768
0.0035046,0.15722656,2699.74,9.83,0.807577058672905,914,1867,1.0988379,-0.012183034,238976,2120.573274374008,1911808,0.02504504
0.0025416284,0.14379883,2699.74,9.83,0.7136511504650116,962,1868,1.1045266,-0.010622913,239104,2121.637708902359,1912832,0.03505845
0.0026569234,0.14501953,2699.74,9.83,0.770534411072731,909,1869,1.0756726,-0.012621279,239232,2122.764454126358,1913856,0.030596517
0.0031670951,0.17822266,2690.4,9.9,0.774726077914238,897,1870,1.108479,-0.01207978,239360,2123.906244277954,1914880,0.028518992
0.002380613,0.1484375,2690.4,9.9,0.8020928651094437,965,1871,1.1595279,-0.008863641,239488,2124.968362569809,1915904,0.026646215
0.0032855421,0.17358398,2690.42,9.87,0.754336029291153,909,1872,1.1427778,-0.013772614,239616,2126.0949165821075,1916928,0.02892655
0.003424635,0.14428711,2690.42,9.87,0.8523238152265549,904,1873,1.0969616,-0.012175373,239744,2127.2280814647675,1917952,0.018701239
0.0029628458,0.16748047,2690.42,9.87,0.7146732211112976,937,1874,1.1206267,-0.012409453,239872,2128.3205060958862,1918976,0.03981585
0.0023261642,0.16479492,2690.42,9.87,0.590162605047226,915,1875,1.1110897,-0.011067094,240000,2129.4393701553345,1920000,0.043127857
0.0038721128,0.19750977,2691.86,9.9,0.7987452298402786,893,1876,1.1148113,-0.01160299,240128,2130.5862233638763,1921024,0.024153022
0.0027168042,0.1459961,2691.86,9.9,0.7849178165197372,958,1877,1.1235135,-0.011138646,240256,2131.655701160431,1922048,0.027223038
0.0021648011,0.14526367,2691.86,9.9,0.8136818557977676,955,1878,1.1554718,-0.011345589,240384,2132.728621482849,1923072,0.023034483
0.0026410832,0.16015625,2691.86,9.9,0.8175579011440277,949,1879,1.1802971,-0.009117609,240512,2133.8073551654816,1924096,0.018724047
0.0028122528,0.17260742,2691.86,9.9,0.781658723950386,967,1880,1.1367054,-0.0103439065,240640,2134.865952014923,1925120,0.028160661
0.002085467,0.1352539,2691.86,9.9,0.802721381187439,918,1881,1.1676168,-0.0113822725,240768,2135.9815447330475,1926144,0.026951715
0.0026808062,0.14526367,2691.86,9.9,0.7624120116233826,907,1882,1.1908174,-0.008764857,240896,2137.11110830307,1927168,0.027785804
0.002408619,0.15136719,2691.86,9.9,0.661605954170227,891,1883,1.1365197,-0.0076933745,241024,2138.260176420212,1928192,0.040256795
0.002688552,0.1574707,2697.47,9.83,0.7901015281677246,950,1884,1.1598971,-0.013386804,241152,2139.338315486908,1929216,0.025663981
0.003569796,0.19897461,2697.47,9.83,0.7732906490564346,984,1885,1.1440538,-0.009100649,241280,2140.379359960556,1930240,0.0279441
0.0026719584,0.17016602,2695.56,9.9,0.8229786306619644,971,1886,1.188617,-0.013118745,241408,2141.4339921474457,1931264,0.018996786
0.0022276065,0.12548828,2690.61,9.95,0.885348729789257,942,1887,1.143375,-0.011515988,241536,2142.5215697288513,1932288,0.018302845
0.0029458723,0.18969727,2690.61,9.95,0.789337083697319,963,1888,1.1385512,-0.011432191,241664,2143.58460688591,1933312,0.028636487
0.0031766992,0.17651367,2690.61,9.95,0.7313393354415894,958,1889,1.1241373,-0.009809148,241792,2144.6540670394897,1934336,0.05079627
0.0030413126,0.1784668,2690.61,9.95,0.7983823418617249,906,1890,1.1958095,-0.011482918,241920,2145.784208059311,1935360,0.015695842
0.0028561251,0.17114258,2692.19,9.91,0.8049934208393097,891,1891,1.1931908,-0.012236213,242048,2146.9337015151978,1936384,0.031141661
0.0032580432,0.17944336,2692.19,9.91,0.7094802260398865,974,1892,1.1482714,-0.01080595,242176,2147.9848551750183,1937408,0.030893821
0.002678047,0.16235352,2693.3,9.88,0.813894659280777,906,1893,1.1319816,-0.010903587,242304,2149.1147832870483,1938432,0.023094151
0.002704659,0.15527344,2693.3,9.88,0.8022075891494751,895,1894,1.1476468,-0.011461859,242432,2150.2583689689636,1939456,0.025774391
0.002626291,0.17114258,2700.36,9.79,0.8371150940656662,892,1895,1.1761252,-0.011691265,242560,2151.4063198566437,1940480,0.015601097
0.0027672804,0.16088867,2700.36,9.79,0.740741491317749,888,1896,1.1677712,-0.013227492,242688,2152.5598459243774,1941504,0.029954547
0.003653945,0.18969727,2700.36,9.79,0.7723524570465088,898,1897,1.1655147,-0.008898835,242816,2153.700452566147,1942528,0.030598382
0.0023905954,0.16186523,2700.36,9.79,0.8013489991426468,994,1898,1.1503958,-0.013086392,242944,2154.7307119369507,1943552,0.025640877
0.002285039,0.1340332,2700.36,9.79,0.7925240248441696,910,1899,1.1111323,-0.011607677,243072,2155.855553627014,1944576,0.028618908
0.002234023,0.15893555,2697.34,9.83,0.8304789960384369,898,1900,1.1322693,-0.011685187,243200,2156.995838165283,1945600,0.029496903
0.0031071121,0.18115234,2697.34,9.83,0.7570644915103912,942,1901,1.1276065,-0.012019002,243328,2158.0831921100616,1946624,0.032114472
0.002843263,0.16748047,2697.34,9.83,0.8125250041484833,912,1902,1.1449517,-0.012695087,243456,2159.2057456970215,1947648,0.025377996
0.0026259639,0.15820312,2697.34,9.83,0.7958550304174423,893,1903,1.1040778,-0.011567246,243584,2160.3520896434784,1948672,0.031500556
0.0030870207,0.15454102,2697.12,9.84,0.6968172192573547,905,1904,1.1349381,-0.009313428,243712,2161.4833900928497,1949696,0.04040315
0.0026401102,0.15112305,2699.27,9.79,0.77275650203228,929,1905,1.1330496,-0.010671529,243840,2162.5856952667236,1950720,0.034523312
0.0028943587,0.17382812,2699.27,9.79,0.7970807701349258,945,1906,1.1508989,-0.009911007,243968,2163.669315099716,1951744,0.026508939
0.0028996002,0.15893555,2699.27,9.79,0.8130208104848862,915,1907,1.124237,-0.011365706,244096,2164.7888762950897,1952768,0.024767881
0.0039215973,0.1784668,2707.27,9.7,0.700219601392746,949,1908,1.154283,-0.012152452,244224,2165.868617296219,1953792,0.03272502
0.0022391414,0.15429688,2707.27,9.7,0.865989625453949,898,1909,1.1721941,-0.010107987,244352,2167.0087571144104,1954816,0.0115491
0.0025014998,0.16748047,2707.27,9.7,0.8126862943172455,927,1910,1.2085733,-0.009027045,244480,2168.114276409149,1955840,0.017345753
0.0037688448,0.19165039,2697.0,9.78,0.7517401427030563,896,1911,1.1735039,-0.011514539,244608,2169.256947994232,1956864,0.035487227
0.0026228942,0.15136719,2697.0,9.78,0.7394751012325287,908,1912,1.1348091,-0.0105815735,244736,2170.3850915431976,1957888,0.03574881
0.0033584167,0.21606445,2692.07,9.81,0.8845935836434364,896,1913,1.2121834,-0.011889062,244864,2171.5278239250183,1958912,0.0134921465
0.0021411513,0.1459961,2694.5,9.93,0.6995288133621216,904,1914,1.1385413,-0.011493122,244992,2172.6602449417114,1959936,0.039146464
0.0031633398,0.1953125,2694.5,9.93,0.7845767885446548,904,1915,1.1667418,-0.012540395,245120,2173.79372215271,1960960,0.0251822
0.0040433863,0.20654297,2694.5,9.93,0.8613419532775879,924,1916,1.1809973,-0.013157966,245248,2174.90202832222,1961984,0.018060595
0.0026128488,0.16015625,2694.5,9.93,0.8270162045955658,949,1917,1.1580368,-0.011391462,245376,2175.981064558029,1963008,0.026489321
0.0021583366,0.14501953,2694.5,9.93,0.8263258337974548,907,1918,1.1645634,-0.008444343,245504,2177.109874010086,1964032,0.023243627
0.0026997922,0.14501953,2694.5,9.93,0.8371322751045227,897,1919,1.2021624,-0.012629859,245632,2178.251869916916,1965056,0.024242047
0.0031224578,0.17333984,2695.95,9.9,0.7825862765312195,956,1920,1.1866409,-0.013959878,245760,2179.3235030174255,1966080,0.03419351
0.0025013483,0.14794922,2695.95,9.9,0.8185074031352997,971,1921,1.1841223,-0.0117267305,245888,2180.378653526306,1967104,0.023039762
0.0028929692,0.17260742,2695.95,9.9,0.7939295321702957,920,1922,1.2224575,-0.012008928,246016,2181.49178481102,1968128,0.025466824
0.002990792,0.17871094,2695.95,9.9,0.7473366856575012,958,1923,1.182334,-0.012060207,246144,2182.560316801071,1969152,0.036239993
0.0030087912,0.1652832,2691.87,9.99,0.8754914030432701,957,1924,1.1521102,-0.014408621,246272,2183.630960702896,1970176,0.017732134
0.0021145744,0.14746094,2691.87,9.99,0.8960572183132172,962,1925,1.2502412,-0.011761686,246400,2184.6961891651154,1971200,0.01173621
0.0030454176,0.19580078,2691.87,9.99,0.8414090573787689,966,1926,1.193749,-0.009826103,246528,2185.756733417511,1972224,0.01704953
0.002007661,0.12890625,2699.49,9.96,0.7241093516349792,954,1927,1.1417587,-0.010087237,246656,2186.8306064605713,1973248,0.03941313
0.0017309563,0.12084961,2699.49,9.96,0.8030365705490112,972,1928,1.2045779,-0.009567466,246784,2187.883875131607,1974272,0.03021523
0.0025302803,0.15014648,2698.3,10.01,0.8465481102466583,953,1929,1.2137775,-0.011243744,246912,2188.9587388038635,1975296,0.019606695
0.0023993189,0.14624023,2693.97,10.07,0.7861698120832443,931,1930,1.1952156,-0.00952968,247040,2190.0585713386536,1976320,0.030313699
0.0023048834,0.1508789,2689.46,10.03,0.8173643797636032,926,1931,1.2462935,-0.010665163,247168,2191.163948059082,1977344,0.021357581
0.0024518692,0.15820312,2689.46,10.03,0.7792116701602936,964,1932,1.1945478,-0.011551011,247296,2192.2261226177216,1978368,0.033759315
0.0024952474,0.15063477,2689.46,10.03,0.8399025648832321,966,1933,1.1669143,-0.010699851,247424,2193.2864258289337,1979392,0.026085678
0.0025230204,0.1628418,2676.59,10.28,0.7718722373247147,981,1934,1.2113945,-0.010139911,247552,2194.3302154541016,1980416,0.029127007
0.0023415098,0.16113281,2677.49,10.25,0.7313242554664612,961,1935,1.1831694,-0.012313604,247680,2195.3960468769073,1981440,0.026086409
0.0023601472,0.16821289,2677.49,10.25,0.7821036577224731,979,1936,1.2254846,-0.013939609,247808,2196.44170999527,1982464,0.025971232
0.003098826,0.1875,2677.49,10.25,0.77165287733078,956,1937,1.2035114,-0.010077042,247936,2197.5135610103607,1983488,0.026450563
0.003075413,0.17626953,2670.59,10.33,0.6791446506977081,922,1938,1.1631844,-0.011908972,248064,2198.6237893104553,1984512,0.036528356
0.002798022,0.14477539,2670.59,10.33,0.8317766785621643,983,1939,1.1765538,-0.011056596,248192,2199.6663579940796,1985536,0.020872066
0.0019224674,0.119384766,2670.59,10.33,0.7345164120197296,917,1940,1.1861358,-0.0099030705,248320,2200.7828435897827,1986560,0.03664049
0.0020784335,0.13330078,2670.59,10.33,0.7826880663633347,891,1941,1.1907634,-0.010048192,248448,2201.93164396286,1987584,0.024039933
0.0026928252,0.15454102,2670.59,10.33,0.707330197095871,929,1942,1.1884604,-0.011637608,248576,2203.0346105098724,1988608,0.04215912
0.0028935154,0.1665039,2670.59,10.33,0.7380396127700806,890,1943,1.2119051,-0.013335978,248704,2204.1852107048035,1989632,0.032075863
0.0029608458,0.1640625,2665.72,10.38,0.8378377109766006,908,1944,1.1863719,-0.016288005,248832,2205.3127908706665,1990656,0.022494398
0.0019820924,0.13208008,2666.05,10.38,0.7641821801662445,939,1945,1.2037156,-0.010905447,248960,2206.403031349182,1991680,0.03618409
0.0033589955,0.2019043,2656.6,10.46,0.7620092332363129,975,1946,1.1545614,-0.011653698,249088,2207.4539601802826,1992704,0.03518655
0.0031118353,0.1977539,2656.6,10.46,0.6578363478183746,964,1947,1.2229408,-0.012605311,249216,2208.5161125659943,1993728,0.045568515
0.0035749706,0.20629883,2656.6,10.46,0.8543547689914703,968,1948,1.2257776,-0.013279842,249344,2209.5745873451233,1994752,0.017419223
0.0019978813,0.123046875,2656.6,10.46,0.6782401502132416,954,1949,1.1740807,-0.01011842,249472,2210.6477043628693,1995776,0.04439435
0.0024951824,0.13964844,2654.17,10.55,0.8127259016036987,954,1950,1.1885109,-0.012770896,249600,2211.7208275794983,1996800,0.019541092
0.0028462007,0.16235352,2654.17,10.55,0.7420128583908081,956,1951,1.1953514,-0.012361149,249728,2212.792830467224,1997824,0.027728114
0.0027745478,0.15332031,2654.17,10.55,0.703552782535553,919,1952,1.1927046,-0.009422015,249856,2213.9068474769592,1998848,0.04038491
0.002357395,0.15258789,2646.72,10.61,0.8207547217607498,879,1953,1.2070056,-0.011773525,249984,2215.0717055797577,1999872,0.021581024
0.0028400894,0.14892578,2646.72,10.61,0.7401423752307892,903,1954,1.1418098,-0.012322992,250112,2216.2063417434692,2000896,0.026476854
0.0024570578,0.17163086,2646.72,10.61,0.8171540200710297,906,1955,1.2025815,-0.01311032,250240,2217.3364300727844,2001920,0.02546285
0.0024968865,0.13574219,2646.72,10.61,0.7614535391330719,913,1956,1.1438786,-0.007818418,250368,2218.4584476947784,2002944,0.029308997
0.0033007823,0.1743164,2648.09,10.6,0.7049448788166046,893,1957,1.1625696,-0.011418734,250496,2219.605313539505,2003968,0.04122758
0.0023929747,0.1550293,2648.09,10.6,0.7880493104457855,947,1958,1.1837612,-0.012220979,250624,2220.6866207122803,2004992,0.026473524
0.002589288,0.15600586,2650.16,10.61,0.7841873466968536,916,1959,1.1718642,-0.014250396,250752,2221.805191516876,2006016,0.025814611
0.0029491798,0.17236328,2650.16,10.61,0.49963629245758057,965,1960,1.1076872,-0.01331576,250880,2222.8669419288635,2007040,0.04727223
0.0022778374,0.13842773,2650.16,10.61,0.74724942445755,894,1961,1.1556765,-0.011282147,251008,2224.012678384781,2008064,0.036265045
0.0026522586,0.16357422,2650.16,10.61,0.866948738694191,916,1962,1.2168405,-0.011137418,251136,2225.13045835495,2009088,0.015899165
0.002145034,0.13085938,2650.16,10.61,0.784394159913063,893,1963,1.1623948,-0.010155291,251264,2226.277009487152,2010112,0.028993199
0.002957018,0.16308594,2650.16,10.61,0.7520981132984161,945,1964,1.1596775,-0.011050742,251392,2227.3613379001617,2011136,0.028494788
0.003288553,0.18383789,2650.16,10.61,0.6837030053138733,963,1965,1.1857531,-0.009377752,251520,2228.425150156021,2012160,0.038898446
0.003096148,0.18798828,2649.66,10.59,0.662551760673523,961,1966,1.1959333,-0.010532812,251648,2229.490395307541,2013184,0.039080646
0.0024216243,0.16186523,2649.66,10.59,0.750547781586647,958,1967,1.240309,-0.009629267,251776,2230.5598578453064,2014208,0.024306824
0.002787017,0.1616211,2649.66,10.59,0.7867301255464554,914,1968,1.1680477,-0.010878673,251904,2231.6807317733765,2015232,0.027559135
0.002377699,0.15356445,2649.66,10.59,0.8123155981302261,957,1969,1.0962828,-0.012698987,252032,2232.7506234645844,2016256,0.022806626
0.0030064057,0.16772461,2649.66,10.59,0.8039780855178833,983,1970,1.2075858,-0.01259814,252160,2233.7925519943237,2017280,0.026320102
0.0036594053,0.15405273,2662.7,10.49,0.8227985352277756,946,1971,1.1569304,-0.012461847,252288,2234.8755745887756,2018304,0.019387387
0.003260672,0.17480469,2671.12,10.44,0.7725787460803986,973,1972,1.1954633,-0.011697284,252416,2235.928113222122,2019328,0.026339456
0.0023533262,0.1394043,2671.12,10.44,0.7383275032043457,961,1973,1.1217308,-0.010775773,252544,2236.994113922119,2020352,0.033841345
0.0020384965,0.15722656,2671.12,10.44,0.7664905786514282,973,1974,1.2211223,-0.009979984,252672,2238.0470790863037,2021376,0.023216547
0.0022069176,0.14746094,2660.46,10.55,0.8010013699531555,952,1975,1.1832541,-0.0111490525,252800,2239.1232013702393,2022400,0.022053393
0.0023936671,0.14526367,2656.72,10.64,0.7729580104351044,967,1976,1.1362017,-0.013089146,252928,2240.1823172569275,2023424,0.027819837
0.0025582863,0.15283203,2656.72,10.64,0.7668121308088303,954,1977,1.1683295,-0.012863327,253056,2241.255492925644,2024448,0.02539211
0.0024557943,0.16333008,2656.72,10.64,0.7491442859172821,960,1978,1.2694023,-0.011186529,253184,2242.3219497203827,2025472,0.022081526
0.0023871171,0.16699219,2656.72,10.64,0.7869615852832794,894,1979,1.2664754,-0.013686292,253312,2243.4680631160736,2026496,0.019065093
0.0024775844,0.13696289,2670.1,10.43,0.7648209631443024,901,1980,1.2116493,-0.012329251,253440,2244.6049683094025,2027520,0.033937022
0.002781414,0.16821289,2670.1,10.43,0.7487877905368805,912,1981,1.2203757,-0.014472302,253568,2245.7273318767548,2028544,0.023831002
0.0027020941,0.15771484,2677.47,10.38,0.8835183680057526,896,1982,1.2183933,-0.012583185,253696,2246.870416879654,2029568,0.01451439
0.0019468059,0.12573242,2677.47,10.38,0.8655800521373749,949,1983,1.224453,-0.011891366,253824,2247.9496841430664,2030592,0.016136352
0.0030618068,0.18261719,2677.47,10.38,0.7887342721223831,896,1984,1.2598922,-0.01200371,253952,2249.092565536499,2031616,0.02364061
0.00213532,0.13354492,2677.47,10.38,0.7257709801197052,910,1985,1.2122641,-0.01153398,254080,2250.2188687324524,2032640,0.038538903
0.0019260702,0.12207031,2677.47,10.38,0.6690968573093414,938,1986,1.200918,-0.013360478,254208,2251.3108892440796,2033664,0.040443245
0.0023509865,0.14257812,2677.47,10.38,0.7771874964237213,900,1987,1.2147114,-0.013212136,254336,2252.449099302292,2034688,0.024117274
0.002470812,0.16259766,2677.47,10.38,0.6303697228431702,923,1988,1.2017674,-0.0131858075,254464,2253.5589575767517,2035712,0.044393968
0.0025452862,0.17260742,2677.47,10.38,0.8274991810321808,921,1989,1.2399979,-0.011125445,254592,2254.670798778534,2036736,0.021667909
0.0026765345,0.16259766,2672.04,10.43,0.8337563425302505,934,1990,1.2396941,-0.012647361,254720,2255.767797470093,2037760,0.021400422
0.0020617947,0.13598633,2678.4,10.41,0.8017208874225616,941,1991,1.2875838,-0.009135484,254848,2256.8560502529144,2038784,0.025784798
0.0022591124,0.1694336,2678.4,10.41,0.7771476805210114,975,1992,1.2064495,-0.0128952125,254976,2257.906486749649,2039808,0.030090472
0.0025258402,0.1665039,2675.93,10.46,0.7181541919708252,955,1993,1.2614511,-0.008614801,255104,2258.9785389900208,2040832,0.026570756
0.003121162,0.18823242,2660.59,10.64,0.8224699050188065,961,1994,1.296231,-0.012356801,255232,2260.044460296631,2041856,0.021386152
0.002703596,0.15698242,2660.59,10.64,0.7394995391368866,958,1995,1.3362007,-0.011189834,255360,2261.1139006614685,2042880,0.021260409
0.0020631603,0.15161133,2669.66,10.59,0.5994153320789337,953,1996,1.1897748,-0.011890529,255488,2262.1890149116516,2043904,0.05031574
0.002097875,0.13842773,2669.66,10.59,0.6601812541484833,960,1997,1.2992313,-0.01226444,255616,2263.2554984092712,2044928,0.034151852
0.0017863724,0.119384766,2669.66,10.59,0.8018364161252975,969,1998,1.262812,-0.012518095,255744,2264.3121576309204,2045952,0.018767664
0.0026316822,0.15551758,2669.66,10.59,0.7298304438591003,939,1999,1.2641252,-0.011528645,255872,2265.4026811122894,2046976,0.028265037
0.0019863711,0.119628906,2669.66,10.59,0.7478528320789337,922,2000,1.2464023,-0.011527379,256000,2266.5131537914276,2048000,0.02842665
0.0024470994,0.16577148,2669.66,10.59,0.7877185791730881,975,2001,1.2312125,-0.013040372,256128,2267.563546895981,2049024,0.026810009
0.002550538,0.1574707,2669.66,10.59,0.7804604321718216,984,2002,1.2074058,-0.013032544,256256,2268.604199409485,2050048,0.028306728
0.0020494629,0.13598633,2672.2,10.58,0.7817142158746719,952,2003,1.2228553,-0.012423872,256384,2269.6805653572083,2051072,0.023757016
0.0018323603,0.1328125,2672.2,10.58,0.7436204552650452,975,2004,1.2534009,-0.011329481,256512,2270.730911254883,2052096,0.026973661
0.0024565489,0.12988281,2672.2,10.58,0.7827566266059875,919,2005,1.2513335,-0.009919347,256640,2271.8462030887604,2053120,0.030072898
0.002357027,0.13891602,2672.2,10.58,0.6708487570285797,959,2006,1.1894573,-0.011568327,256768,2272.9138910770416,2054144,0.040729187
0.0023151918,0.1496582,2672.2,10.58,0.8577462732791901,922,2007,1.2605778,-0.015306889,256896,2274.024231672287,2055168,0.019613253
0.0017149113,0.10498047,2679.65,10.49,0.6273724436759949,915,2008,1.2234515,-0.01093583,257024,2275.1439957618713,2056192,0.03979722
0.0024897512,0.13476562,2679.65,10.49,0.7358433306217194,897,2009,1.2358806,-0.012923769,257152,2276.285679578781,2057216,0.02155106
0.0017892789,0.13378906,2679.65,10.49,0.7861102819442749,914,2010,1.2313266,-0.01180133,257280,2277.405689716339,2058240,0.02403994
0.0021808913,0.12133789,2680.23,10.48,0.6085360050201416,912,2011,1.2379915,-0.009792056,257408,2278.528825044632,2059264,0.038488843
0.0020357769,0.1352539,2680.23,10.48,0.41055476665496826,954,2012,1.1634372,-0.012132218,257536,2279.6024420261383,2060288,0.051646028
0.002088521,0.1315918,2680.23,10.48,0.7978935092687607,895,2013,1.2770799,-0.011772772,257664,2280.746881723404,2061312,0.023360804
0.0023484675,0.15844727,2679.93,10.53,0.6204928755760193,905,2014,1.2245288,-0.011420074,257792,2281.8783469200134,2062336,0.03802139
0.0020661894,0.14697266,2679.93,10.53,0.8180108815431595,901,2015,1.3006946,-0.011301069,257920,2283.0151286125183,2063360,0.01785319
0.002389046,0.15478516,2679.89,10.6,0.7851927727460861,911,2016,1.2228091,-0.008752678,258048,2284.1395206451416,2064384,0.030886505
0.0024633585,0.13085938,2679.89,10.6,0.7078776359558105,951,2017,1.1884171,-0.011499651,258176,2285.216621398926,2065408,0.03935234
0.0017804627,0.12670898,2679.89,10.6,0.7851932495832443,933,2018,1.2163064,-0.011948977,258304,2286.3142483234406,2066432,0.026262738
0.0025405965,0.13085938,2679.89,10.6,0.8216288238763809,900,2019,1.2087761,-0.012940221,258432,2287.45245218277,2067456,0.023435112
0.0020887528,0.12036133,2687.72,10.56,0.7201450169086456,958,2020,1.2396189,-0.010503892,258560,2288.521849632263,2068480,0.03627889
0.0024389457,0.16333008,2687.72,10.56,0.8476535975933075,922,2021,1.1702002,-0.01161392,258688,2289.632704973221,2069504,0.02182016
0.0020851404,0.15356445,2689.63,10.56,0.7841482758522034,932,2022,1.2290705,-0.010986729,258816,2290.731341123581,2070528,0.021823356
0.0028912541,0.14697266,2689.63,10.56,0.6558561325073242,903,2023,1.2201732,-0.0117874285,258944,2291.8660547733307,2071552,0.045933466
0.0022265655,0.14990234,2689.63,10.56,0.7645732760429382,980,2024,1.2454561,-0.013287104,259072,2292.912189245224,2072576,0.025793564
0.0024648567,0.16723633,2689.63,10.56,0.8189649432897568,972,2025,1.2512848,-0.011518908,259200,2293.966057538986,2073600,0.02065187
0.0023489445,0.16674805,2689.63,10.56,0.7975147515535355,973,2026,1.1976677,-0.012312456,259328,2295.0186874866486,2074624,0.025642974
0.0024317116,0.15185547,2689.63,10.56,0.7718783468008041,970,2027,1.2343584,-0.011128384,259456,2296.074865579605,2075648,0.03288867
0.0020035412,0.14550781,2679.1,10.66,0.8082293570041656,965,2028,1.2149501,-0.012445469,259584,2297.136477470398,2076672,0.02629486
0.0017457666,0.119384766,2679.1,10.66,0.757200077176094,959,2029,1.2567166,-0.011063289,259712,2298.2043170928955,2077696,0.030936942
0.0023994793,0.15771484,2679.1,10.66,0.8188840448856354,965,2030,1.197908,-0.0121403085,259840,2299.2658557891846,2078720,0.025351472
0.0020620597,0.14428711,2679.1,10.66,0.7587039768695831,958,2031,1.2800448,-0.0115812,259968,2300.3351418972015,2079744,0.02635095
0.0031313444,0.16455078,2676.46,10.65,0.8451411724090576,944,2032,1.18146,-0.014219611,260096,2301.4200673103333,2080768,0.023904424
0.004785329,0.1640625,2667.21,10.69,0.7438010573387146,891,2033,1.178746,-0.0113265,260224,2302.569949865341,2081792,0.04044832
0.003177009,0.1484375,2667.21,10.69,0.7610390335321426,940,2034,1.2169708,-0.011529296,260352,2303.659700155258,2082816,0.030027082
0.0021992847,0.12060547,2667.21,10.69,0.7266749143600464,893,2035,1.1418176,-0.009016424,260480,2304.8058857917786,2083840,0.046129324
0.0032787202,0.1665039,2667.21,10.69,0.6820231378078461,902,2036,1.1762273,-0.013337631,260608,2305.9410593509674,2084864,0.0429268
0.002548411,0.14697266,2667.21,10.69,0.7801452130079269,964,2037,1.1211206,-0.012242768,260736,2307.003081560135,2085888,0.02409266
0.002309287,0.14916992,2681.9,10.59,0.7575006633996964,946,2038,1.2417781,-0.009298366,260864,2308.085366487503,2086912,0.029407298
0.0022257066,0.14819336,2675.73,10.67,0.7235710322856903,954,2039,1.2173251,-0.0126315765,260992,2309.1590163707733,2087936,0.027094187
0.0033423116,0.18115234,2675.73,10.67,0.7385396361351013,969,2040,1.1908785,-0.013867835,261120,2310.215783596039,2088960,0.035137795
0.0026218616,0.17211914,2675.73,10.67,0.8079148232936859,958,2041,1.2987596,-0.011836524,261248,2311.284931898117,2089984,0.020237027
0.0024122642,0.15600586,2690.13,10.59,0.8329175710678101,954,2042,1.2000089,-0.0123808,261376,2312.35888171196,2091008,0.020850902
0.0025164704,0.1328125,2690.13,10.59,0.8266219347715378,958,2043,1.2606059,-0.010707885,261504,2313.4281871318817,2092032,0.024575649
0.0021180534,0.13745117,2690.13,10.59,0.7995826750993729,972,2044,1.2071837,-0.012920382,261632,2314.4818511009216,2093056,0.02392308
0.0029936272,0.15722656,2699.26,10.49,0.5927244126796722,944,2045,1.275786,-0.0123368185,261760,2315.5671849250793,2094080,0.041124415
0.0026216411,0.15405273,2699.26,10.49,0.718463808298111,970,2046,1.1907697,-0.011945052,261888,2316.623020887375,2095104,0.03334227
0.0029161687,0.16381836,2699.26,10.49,0.7567705065011978,959,2047,1.1900935,-0.013356401,262016,2317.6914191246033,2096128,0.020249061
0.0026961197,0.16308594,2699.26,10.49,0.7046682238578796,930,2048,1.1940663,-0.012629293,262144,2318.7927124500275,2097152,0.03635585
0.0019111537,0.1418457,2699.26,10.49,0.8118216544389725,933,2049,1.2751564,-0.010849898,262272,2319.8906207084656,2098176,0.022500876
0.0025079767,0.12988281,2699.26,10.49,0.7733900398015976,924,2050,1.2241901,-0.011329845,262400,2320.9991965293884,2099200,0.02580337
0.0029052645,0.16796875,2696.27,10.49,0.7762244939804077,949,2051,1.2364008,-0.0117111895,262528,2322.0781519412994,2100224,0.026174422
0.0029900735,0.19555664,2695.83,10.49,0.6718755662441254,970,2052,1.2561078,-0.01209908,262656,2323.1339478492737,2101248,0.03580185
0.0025420324,0.15966797,2695.83,10.49,0.6208608746528625,978,2053,1.2341114,-0.013143052,262784,2324.181184530258,2102272,0.045906827
0.0023866552,0.14672852,2695.83,10.49,0.7662571668624878,974,2054,1.2665148,-0.012304425,262912,2325.23335981369,2103296,0.026720643
0.0027392497,0.18237305,2695.83,10.49,0.7953689247369766,953,2055,1.2734635,-0.01129273,263040,2326.3076581954956,2104320,0.018314453
0.0031324793,0.1694336,2697.72,10.46,0.7927287966012955,955,2056,1.1943215,-0.012250993,263168,2327.3804297447205,2105344,0.026709577
0.002191367,0.11767578,2697.72,10.46,0.820558100938797,965,2057,1.2250302,-0.013912534,263296,2328.441971540451,2106368,0.02173017
0.0026245178,0.17285156,2693.72,10.48,0.6518630981445312,902,2058,1.2443333,-0.011956401,263424,2329.5780651569366,2107392,0.04560504
0.003006197,0.18774414,2693.72,10.48,0.6625509858131409,959,2059,1.2563133,-0.012753253,263552,2330.64680147171,2108416,0.03928934
0.0020353121,0.1508789,2693.72,10.48,0.7307674884796143,950,2060,1.2245218,-0.012089364,263680,2331.7248289585114,2109440,0.029047998
0.0026655719,0.13916016,2693.72,10.48,0.7827455848455429,924,2061,1.1976112,-0.013157985,263808,2332.8334398269653,2110464,0.023660107
0.0029098394,0.17749023,2693.72,10.48,0.7535648196935654,903,2062,1.2589514,-0.012376707,263936,2333.9681243896484,2111488,0.031043302
0.0029895199,0.16357422,2693.72,10.48,0.7492294907569885,972,2063,1.2214303,-0.011739487,264064,2335.0219762325287,2112512,0.03394071
0.0023555742,0.16821289,2693.72,10.48,0.6856779754161835,982,2064,1.256874,-0.012022997,264192,2336.065801858902,2113536,0.03280186
0.0023300536,0.15332031,2698.88,10.47,0.8625108152627945,957,2065,1.2670673,-0.010987347,264320,2337.1355652809143,2114560,0.01813621
0.0023899702,0.12841797,2702.6,10.45,0.7515657097101212,967,2066,1.1866605,-0.010153769,264448,2338.1943485736847,2115584,0.037039243
0.0029326484,0.15454102,2702.6,10.45,0.7666003853082657,967,2067,1.2254006,-0.011197165,264576,2339.25359749794,2116608,0.030023852
0.0025287312,0.1616211,2702.6,10.45,0.7488068044185638,971,2068,1.2288357,-0.011220751,264704,2340.3086223602295,2117632,0.032118272
0.002503418,0.15209961,2715.27,10.36,0.7969370931386948,930,2069,1.2248826,-0.010877451,264832,2341.410378217697,2118656,0.027651846
0.0029682633,0.18432617,2712.0,10.37,0.7603790909051895,957,2070,1.2205844,-0.012830097,264960,2342.4803404808044,2119680,0.028810838
0.002861589,0.1484375,2712.0,10.37,0.7783104032278061,972,2071,1.2309638,-0.011773391,265088,2343.5336809158325,2120704,0.028663885
0.0020625705,0.13183594,2712.0,10.37,0.8149083405733109,977,2072,1.230331,-0.012297638,265216,2344.582242012024,2121728,0.020010762
0.0025157344,0.15283203,2712.0,10.37,0.8015355467796326,975,2073,1.2340422,-0.009220787,265344,2345.632359981537,2122752,0.021493865
0.0027346418,0.1496582,2712.0,10.37,0.6713208854198456,975,2074,1.200565,-0.010415167,265472,2346.6829347610474,2123776,0.04327583
0.0020943338,0.13427734,2720.2,10.27,0.7461153268814087,963,2075,1.2268677,-0.011123552,265600,2347.746452331543,2124800,0.032613136
0.0026020193,0.16918945,2719.55,10.25,0.7830653488636017,965,2076,1.2886523,-0.013591552,265728,2348.807456970215,2125824,0.026748164
0.0023609186,0.1394043,2719.55,10.25,0.7108716070652008,952,2077,1.234797,-0.012058288,265856,2349.883244037628,2126848,0.03760513
0.0020564522,0.13232422,2719.55,10.25,0.7037970423698425,967,2078,1.2698321,-0.010407185,265984,2350.9421553611755,2127872,0.0332955
0.0019281063,0.13354492,2717.46,10.24,0.7955882102251053,917,2079,1.3041468,-0.011939155,266112,2352.0594708919525,2128896,0.029305195
0.0020947421,0.14331055,2717.46,10.24,0.802413135766983,906,2080,1.2764031,-0.015166574,266240,2353.1904079914093,2129920,0.02403037
0.0017296446,0.1159668,2723.09,10.18,0.8064886927604675,899,2081,1.2860435,-0.01205034,266368,2354.329221725464,2130944,0.025848545
0.0021876104,0.13671875,2723.09,10.18,0.7172279059886932,968,2082,1.28068,-0.011065764,266496,2355.3873155117035,2131968,0.037167557
0.0024593517,0.1628418,2723.09,10.18,0.8053942173719406,962,2083,1.2277775,-0.013286049,266624,2356.4522376060486,2132992,0.030317487
0.0022363479,0.15991211,2709.61,10.32,0.7615701407194138,902,2084,1.2327838,-0.012211438,266752,2357.5878117084503,2134016,0.03301852
0.002189125,0.14526367,2709.61,10.32,0.8184438794851303,897,2085,1.2884642,-0.0130260885,266880,2358.7300424575806,2135040,0.022430971
0.0020696009,0.14355469,2709.61,10.32,0.8315869867801666,905,2086,1.2635837,-0.011988541,267008,2359.861954689026,2136064,0.01953441
0.0022102196,0.140625,2709.61,10.32,0.831510528922081,937,2087,1.2413275,-0.013061348,267136,2360.955551147461,2137088,0.022110738
0.002885225,0.19458008,2713.45,10.23,0.7858351916074753,910,2088,1.1918728,-0.011623804,267264,2362.0810782909393,2138112,0.029425101
0.0031387229,0.18579102,2702.14,10.38,0.7904816269874573,955,2089,1.2450805,-0.015393549,267392,2363.153826236725,2139136,0.027205823
0.002036531,0.13134766,2702.14,10.38,0.7932617515325546,978,2090,1.2473648,-0.011476886,267520,2364.2009179592133,2140160,0.029479928
0.003141501,0.18310547,2702.14,10.38,0.7815289199352264,961,2091,1.2307717,-0.013192614,267648,2365.266443490982,2141184,0.027786369
0.00311866,0.16210938,2702.14,10.38,0.7577719241380692,961,2092,1.237173,-0.011225801,267776,2366.3327629566193,2142208,0.03422683
0.0019856363,0.14916992,2702.14,10.38,0.8611524403095245,949,2093,1.1944045,-0.01335953,267904,2367.4124114513397,2143232,0.021272521
0.002785295,0.18652344,2702.14,10.38,0.8220893740653992,906,2094,1.2179778,-0.013792993,268032,2368.542266845703,2144256,0.023955371
0.0027012476,0.17382812,2702.14,10.38,0.772040992975235,964,2095,1.2341154,-0.014184572,268160,2369.6042156219482,2145280,0.03309895
0.0021976642,0.14428711,2702.14,10.38,0.8153640925884247,907,2096,1.174911,-0.012205831,268288,2370.7328288555145,2146304,0.03134261
0.0030685875,0.17944336,2716.01,10.29,0.8015137314796448,881,2097,1.251327,-0.011788252,268416,2371.8951840400696,2147328,0.020451637
0.0041199806,0.15454102,2711.59,10.31,0.823383167386055,909,2098,1.1816432,-0.012546383,268544,2373.022409439087,2148352,0.024754355
0.002428402,0.16308594,2711.59,10.31,0.664855569601059,970,2099,1.2268986,-0.010701247,268672,2374.0783100128174,2149376,0.033873077
0.0029695944,0.14941406,2711.59,10.31,0.7227571606636047,957,2100,1.2025222,-0.01065186,268800,2375.1487531661987,2150400,0.036175586
0.002932559,0.18408203,2711.59,10.31,0.7592883855104446,968,2101,1.2177103,-0.012295447,268928,2376.2062709331512,2151424,0.028128462
0.0029539831,0.15942383,2708.21,10.35,0.8517892807722092,964,2102,1.2403756,-0.010510678,269056,2377.2688670158386,2152448,0.017677885
0.0028547049,0.15039062,2698.96,10.46,0.7876921743154526,939,2103,1.234298,-0.0106270835,269184,2378.3594331741333,2153472,0.014707715
0.0027289174,0.19506836,2698.96,10.46,0.8269687592983246,978,2104,1.2333274,-0.010987399,269312,2379.4068717956543,2154496,0.024416443
0.001929513,0.13842773,2698.43,10.47,0.7806231528520584,927,2105,1.2053089,-0.0123151,269440,2380.511536359787,2155520,0.02816904
0.002612772,0.16674805,2698.43,10.47,0.7038530111312866,964,2106,1.1816995,-0.012790264,269568,2381.5742268562317,2156544,0.037732217
0.002355491,0.1508789,2692.94,10.54,0.7095365226268768,957,2107,1.242582,-0.010666733,269696,2382.644340276718,2157568,0.035542954
0.0022868086,0.15527344,2692.94,10.54,0.804826021194458,982,2108,1.1509234,-0.013243399,269824,2383.6869263648987,2158592,0.03287898
0.0021432883,0.1628418,2692.94,10.54,0.6814933717250824,967,2109,1.2310182,-0.010741228,269952,2384.7462754249573,2159616,0.026075918
0.002057788,0.12890625,2692.94,10.54,0.7523941099643707,970,2110,1.2115312,-0.011195952,270080,2385.8022861480713,2160640,0.028369864
0.0019866715,0.13476562,2692.94,10.54,0.8007341474294662,969,2111,1.257691,-0.012332746,270208,2386.8592495918274,2161664,0.022189816
0.0020115818,0.13769531,2692.94,10.54,0.8010914325714111,968,2112,1.2472755,-0.009795567,270336,2387.9172055721283,2162688,0.019164968
0.0024525202,0.1484375,2692.94,10.54,0.7644062787294388,963,2113,1.2057632,-0.009624138,270464,2388.9803335666656,2163712,0.030019589
0.0029157833,0.16455078,2692.94,10.54,0.8522037714719772,929,2114,1.180966,-0.012163744,270592,2390.083130121231,2164736,0.021913223
0.0028699667,0.14257812,2678.65,10.66,0.7468010783195496,889,2115,1.2170808,-0.011816955,270720,2391.234562397003,2165760,0.028991198
0.002112077,0.15942383,2678.65,10.66,0.8166332393884659,937,2116,1.2500359,-0.011278924,270848,2392.3277323246,2166784,0.024729375
0.002724671,0.14038086,2678.65,10.66,0.7661601006984711,900,2117,1.209531,-0.0117899105,270976,2393.4658904075623,2167808,0.028201547
0.0025392494,0.14477539,2675.83,10.67,0.7923755496740341,963,2118,1.2084692,-0.012044776,271104,2394.529214143753,2168832,0.02830167
0.0027543425,0.16748047,2671.91,10.72,0.6799353659152985,913,2119,1.197858,-0.012384623,271232,2395.650286436081,2169856,0.030258154
0.0022484558,0.15356445,2671.91,10.72,0.8035891652107239,981,2120,1.2153398,-0.011030993,271360,2396.694142818451,2170880,0.024274528
0.002831722,0.18969727,2671.91,10.72,0.7904587835073471,972,2121,1.22877,-0.011019601,271488,2397.747526884079,2171904,0.020269867
0.0023845076,0.15454102,2671.77,10.69,0.7447307109832764,951,2122,1.2080094,-0.012367591,271616,2398.8241596221924,2172928,0.020179411
0.0029246593,0.19067383,2671.77,10.69,0.8816854283213615,930,2123,1.2809639,-0.012273997,271744,2399.924974679947,2173952,0.0088712955
0.0020570133,0.12768555,2662.04,10.82,0.6935479044914246,950,2124,1.1842138,-0.009772748,271872,2401.0025742053986,2174976,0.03595587
0.0027710958,0.15820312,2662.04,10.82,0.7497447431087494,938,2125,1.1726544,-0.01105614,272000,2402.0943326950073,2176000,0.03164182
0.003503137,0.16552734,2670.14,10.74,0.8313605487346649,901,2126,1.1876844,-0.011766437,272128,2403.2303898334503,2177024,0.02097564
0.0021363143,0.16015625,2670.14,10.74,0.7661786675453186,902,2127,1.1750345,-0.009979674,272256,2404.3651831150055,2178048,0.035008304
0.0019663987,0.15136719,2670.14,10.74,0.8755001500248909,947,2128,1.1449224,-0.012420455,272384,2405.4465045928955,2179072,0.0152514875
0.0020256657,0.123291016,2670.14,10.74,0.7988872677087784,899,2129,1.2289681,-0.010692845,272512,2406.5853309631348,2180096,0.024010213
0.0024928788,0.15356445,2670.14,10.74,0.773575559258461,914,2130,1.1817379,-0.010033831,272640,2407.705327987671,2181120,0.023288578
0.002612492,0.16040039,2668.56,10.77,0.6391069293022156,927,2131,1.2037379,-0.00822359,272768,2408.810253381729,2182144,0.031958807
0.0030969423,0.17114258,2668.56,10.77,0.6667169034481049,910,2132,1.1448524,-0.011204681,272896,2409.935799598694,2183168,0.031761
0.0020148691,0.13061523,2668.56,10.77,0.7782466411590576,959,2133,1.2080349,-0.010743517,273024,2411.003602743149,2184192,0.02628677
0.0026773475,0.1743164,2668.56,10.77,0.8771383985877037,979,2134,1.2136714,-0.011883562,273152,2412.0494768619537,2185216,0.0148509
0.0025668351,0.14501953,2668.56,10.77,0.7602912485599518,962,2135,1.1789823,-0.009367551,273280,2413.114520549774,2186240,0.027120622
0.0029809885,0.15405273,2662.22,10.85,0.7566495984792709,927,2136,1.1699004,-0.012394004,273408,2414.2190306186676,2187264,0.027881773
0.0032255345,0.17285156,2662.22,10.85,0.6969304084777832,959,2137,1.1101458,-0.010224962,273536,2415.2869760990143,2188288,0.045787472
0.0025846213,0.16723633,2664.14,10.84,0.819017767906189,958,2138,1.1570877,-0.01262777,273664,2416.355587720871,2189312,0.022929177
0.0028429558,0.16333008,2664.05,10.89,0.7532124668359756,949,2139,1.1233729,-0.011404643,273792,2417.4346504211426,2190336,0.03748891
0.0025176809,0.13427734,2664.05,10.89,0.7067736983299255,970,2140,1.1132408,-0.011951229,273920,2418.4900863170624,2191360,0.038145754
0.0029310682,0.1628418,2665.39,10.85,0.7953809201717377,934,2141,1.112206,-0.013512741,274048,2419.586499452591,2192384,0.024562642
0.0027809097,0.14648438,2665.39,10.85,0.8148880153894424,982,2142,1.147565,-0.012367356,274176,2420.6297075748444,2193408,0.02112972
0.0030448632,0.18457031,2665.39,10.85,0.7984306365251541,972,2143,1.057837,-0.0104006855,274304,2421.683114528656,2194432,0.025377385
0.0030598277,0.19213867,2665.39,10.85,0.7960332334041595,950,2144,1.1265512,-0.011201953,274432,2422.761476278305,2195456,0.024929749
0.0023739946,0.16967773,2665.39,10.85,0.7319551408290863,950,2145,1.142234,-0.009488894,274560,2423.8400003910065,2196480,0.034421757
0.0022043511,0.13134766,2661.23,10.89,0.7968272119760513,953,2146,1.1183245,-0.0120201595,274688,2424.9143693447113,2197504,0.028777793
0.0024671194,0.16894531,2659.88,10.92,0.7344032824039459,920,2147,1.1457901,-0.01137029,274816,2426.0275840759277,2198528,0.034794904
0.0030673887,0.14233398,2660.28,10.92,0.8318534344434738,917,2148,1.1152633,-0.01165243,274944,2427.1449184417725,2199552,0.020280387
0.0031334949,0.1706543,2660.28,10.92,0.6636748611927032,949,2149,1.169648,-0.011079691,275072,2428.224666595459,2200576,0.036110528
0.0031912385,0.18896484,2660.28,10.92,0.816519096493721,904,2150,1.1533949,-0.011361737,275200,2429.3578963279724,2201600,0.023864452
0.0029341886,0.15966797,2660.28,10.92,0.7787387073040009,920,2151,1.1900632,-0.011086732,275328,2430.4713385105133,2202624,0.026566185
0.0025332815,0.14819336,2660.28,10.92,0.6559154391288757,909,2152,1.1770705,-0.01004321,275456,2431.598137140274,2203648,0.036243193
0.0022466076,0.15063477,2660.28,10.92,0.7911357879638672,924,2153,1.2375594,-0.012638304,275584,2432.706912755966,2204672,0.01773595
0.002557094,0.16870117,2661.99,10.92,0.8171125054359436,918,2154,1.1351439,-0.012498804,275712,2433.8223304748535,2205696,0.025880903
0.0022905003,0.14697266,2661.99,10.92,0.6879695057868958,970,2155,1.1657051,-0.012231261,275840,2434.878173351288,2206720,0.029520534
0.0021051732,0.13623047,2661.99,10.92,0.8000361770391464,966,2156,1.1531107,-0.011584341,275968,2435.9382276535034,2207744,0.023776432
0.0022839995,0.13623047,2655.23,11.0,0.7899693995714188,913,2157,1.1470851,-0.01115565,276096,2437.0599267482758,2208768,0.024863081
0.002342188,0.125,2655.23,11.0,0.8478811532258987,968,2158,1.1531973,-0.01085915,276224,2438.1181247234344,2209792,0.017523037
0.0023765946,0.16430664,2655.23,11.0,0.6436773836612701,962,2159,1.1712923,-0.010856703,276352,2439.1831378936768,2210816,0.0426694
0.0028557647,0.15454102,2655.23,11.0,0.6756822764873505,972,2160,1.177148,-0.011704914,276480,2440.237123966217,2211840,0.039743997
0.0023076267,0.16699219,2654.46,11.01,0.8086096942424774,940,2161,1.1820402,-0.010347814,276608,2441.326856613159,2212864,0.021003416
0.003393194,0.16796875,2660.73,10.95,0.649925947189331,967,2162,1.1880841,-0.010707059,276736,2442.3857538700104,2213888,0.037544873
0.0023144265,0.15014648,2653.91,11.05,0.7494240701198578,937,2163,1.1601846,-0.010899786,276864,2443.4788966178894,2214912,0.034251347
0.002763141,0.17089844,2653.91,11.05,0.7428152561187744,965,2164,1.186008,-0.010348375,276992,2444.539927482605,2215936,0.022250308
0.0023164558,0.14794922,2649.77,11.09,0.8096839487552643,964,2165,1.1994556,-0.01081045,277120,2445.6023740768433,2216960,0.022004802
0.0026921618,0.18261719,2649.77,11.09,0.7409843504428864,917,2166,1.1562456,-0.01093297,277248,2446.719631910324,2217984,0.025401652
0.0031928143,0.15942383,2649.77,11.09,0.7691335678100586,906,2167,1.151644,-0.010889173,277376,2447.850684404373,2219008,0.028365033
0.0022885564,0.16845703,2649.77,11.09,0.7302105128765106,918,2168,1.1943232,-0.011236264,277504,2448.9666635990143,2220032,0.023206439
0.002929761,0.17138672,2649.77,11.09,0.78077332675457,913,2169,1.1709532,-0.012340321,277632,2450.0879094600677,2221056,0.028177377
0.0021690882,0.15527344,2649.77,11.09,0.7218910753726959,927,2170,1.175002,-0.009383045,277760,2451.192962884903,2222080,0.028689181
0.0026706085,0.1706543,2648.11,11.12,0.8173119276762009,920,2171,1.2433656,-0.011530281,277888,2452.306541442871,2223104,0.018419284
0.0023610403,0.1274414,2648.11,11.12,0.5179137587547302,970,2172,1.15934,-0.011364815,278016,2453.362545967102,2224128,0.05413097
0.002544859,0.17358398,2648.11,11.12,0.7735058665275574,901,2173,1.1689488,-0.012849691,278144,2454.498705625534,2225152,0.024609543
0.002398379,0.16601562,2653.23,11.14,0.7696732580661774,936,2174,1.2195379,-0.013945423,278272,2455.592678308487,2226176,0.016329875
0.0031599777,0.17700195,2653.23,11.14,0.7678876519203186,899,2175,1.1237069,-0.0130763985,278400,2456.7313089370728,2227200,0.029061984
0.0028841489,0.18164062,2653.23,11.14,0.7636654525995255,908,2176,1.2348638,-0.012451227,278528,2457.8597700595856,2228224,0.025119727
0.0026184558,0.14575195,2653.23,11.14,0.6425562798976898,919,2177,1.1605369,-0.011601006,278656,2458.9739973545074,2229248,0.036470424
0.0024954618,0.1772461,2653.23,11.14,0.6702406406402588,970,2178,1.1758177,-0.013292436,278784,2460.029552459717,2230272,0.025615955
0.0031035128,0.1694336,2648.63,11.16,0.8009112775325775,918,2179,1.1794754,-0.011542774,278912,2461.145081281662,2231296,0.020351876
0.0026695535,0.14892578,2648.63,11.16,0.739058643579483,919,2180,1.1913016,-0.011587479,279040,2462.258996486664,2232320,0.030984245
0.0027536112,0.17602539,2650.01,11.16,0.7833595126867294,953,2181,1.1573641,-0.01295745,279168,2463.3334543704987,2233344,0.02803599
0.0024653946,0.17138672,2646.07,11.18,0.7559332996606827,951,2182,1.1908225,-0.01255164,279296,2464.410360813141,2234368,0.023437252
0.00337339,0.20117188,2646.07,11.18,0.761818066239357,977,2183,1.2163187,-0.014026223,279424,2465.459189891815,2235392,0.03262214
0.002349541,0.16113281,2646.07,11.18,0.6853057444095612,948,2184,1.1381165,-0.012556426,279552,2466.539201259613,2236416,0.031281736
0.0026165617,0.15991211,2646.07,11.18,0.6720117926597595,926,2185,1.2007583,-0.011130113,279680,2467.644996404648,2237440,0.040835474
0.002757129,0.17285156,2646.07,11.18,0.690689742565155,928,2186,1.1934987,-0.013560617,279808,2468.749655723572,2238464,0.030442316
0.0024038039,0.1574707,2646.07,11.18,0.659045398235321,889,2187,1.2219418,-0.009648559,279936,2469.9010956287384,2239488,0.028646965
0.0026097267,0.16455078,2651.21,11.2,0.7219491302967072,895,2188,1.1777818,-0.012043714,280064,2471.045023202896,2240512,0.023350481
0.0028971806,0.15795898,2651.21,11.2,0.6332733035087585,911,2189,1.1814716,-0.010872301,280192,2472.1695709228516,2241536,0.041675474
0.0027354164,0.17504883,2650.38,11.19,0.6943145394325256,913,2190,1.2160568,-0.012716027,280320,2473.290669441223,2242560,0.033750094
0.0024275356,0.14672852,2650.38,11.19,0.6614224314689636,902,2191,1.1858112,-0.010472469,280448,2474.426402568817,2243584,0.031654626
0.0024066374,0.14892578,2650.38,11.19,0.5807793140411377,943,2192,1.2287012,-0.010640919,280576,2475.5121858119965,2244608,0.032287654
0.0022368873,0.15844727,2650.38,11.19,0.7983762919902802,934,2193,1.1882443,-0.011017573,280704,2476.6092257499695,2245632,0.020452835
0.0027449483,0.18920898,2652.76,11.18,0.7165931463241577,945,2194,1.1788143,-0.011174889,280832,2477.69269990921,2246656,0.026800664
0.0023391552,0.1743164,2652.76,11.18,0.7607918679714203,961,2195,1.1869342,-0.011534359,280960,2478.7582359313965,2247680,0.020703519
0.0019621693,0.14331055,2657.11,11.16,0.6854277849197388,935,2196,1.1494776,-0.0128668025,281088,2479.853866815567,2248704,0.02499554
0.0025073695,0.17382812,2657.11,11.16,0.606235146522522,949,2197,1.138421,-0.012406599,281216,2480.933231115341,2249728,0.029517705
0.0026437566,0.1821289,2657.11,11.16,0.7545493096113205,913,2198,1.2116959,-0.014297694,281344,2482.055424451828,2250752,0.024538513
0.0033293169,0.18481445,2657.11,11.16,0.7769051492214203,905,2199,1.2425356,-0.013484037,281472,2483.18736076355,2251776,0.02014288
0.0025757614,0.17407227,2657.11,11.16,0.7500219643115997,982,2200,1.2175983,-0.012328839,281600,2484.230052471161,2252800,0.022700893
0.0030177934,0.1743164,2657.11,11.16,0.773973137140274,964,2201,1.1935083,-0.010733031,281728,2485.292990922928,2253824,0.024332881
0.0021858518,0.15820312,2657.11,11.16,0.7636737823486328,940,2202,1.2836583,-0.012390964,281856,2486.381995201111,2254848,0.01609099
0.002915542,0.18383789,2657.11,11.16,0.7383883595466614,879,2203,1.201159,-0.010606072,281984,2487.546585559845,2255872,0.031271946
0.0026272684,0.15795898,2667.35,11.07,0.6375481486320496,941,2204,1.1667132,-0.0116616655,282112,2488.634994983673,2256896,0.033868033
0.0037029875,0.18579102,2667.35,11.07,0.7335532605648041,945,2205,1.1955261,-0.013328763,282240,2489.719225883484,2257920,0.027123291
0.002351125,0.15625,2680.72,11.04,0.7192269265651703,950,2206,1.245553,-0.011623797,282368,2490.797032356262,2258944,0.02955351
0.002242394,0.1508789,2680.72,11.04,0.7560805827379227,962,2207,1.2117993,-0.013496111,282496,2491.8620824813843,2259968,0.026300564
0.0022945115,0.16821289,2680.72,11.04,0.6079855561256409,924,2208,1.2670747,-0.0104405,282624,2492.9708433151245,2260992,0.033356607
0.0032965448,0.15673828,2680.72,11.04,0.8088153302669525,896,2209,1.2156628,-0.014628533,282752,2494.1133229732513,2262016,0.021005332
0.0024632195,0.17578125,2680.72,11.04,0.7779329121112823,971,2210,1.2898366,-0.011722916,282880,2495.1689932346344,2263040,0.018998036
0.0030700085,0.1394043,2687.67,11.0,0.7396956980228424,964,2211,1.2109034,-0.011682208,283008,2496.231809616089,2264064,0.030858308
0.0027490442,0.14941406,2683.85,11.04,0.6770788133144379,958,2212,1.1202705,-0.012972674,283136,2497.3003327846527,2265088,0.040921163
0.003416987,0.18334961,2683.85,11.04,0.7313914597034454,961,2213,1.239857,-0.012603254,283264,2498.3663322925568,2266112,0.03097385
0.00243943,0.1809082,2683.85,11.04,0.7960339039564133,971,2214,1.2342671,-0.013568054,283392,2499.4214251041412,2267136,0.020542143
0.0026524568,0.15795898,2686.5,11.02,0.8013436794281006,937,2215,1.2318554,-0.012533823,283520,2500.514317750931,2268160,0.017065637
0.0025578109,0.17675781,2686.5,11.02,0.8401152491569519,978,2216,1.2742091,-0.011999479,283648,2501.5616612434387,2269184,0.015063636
0.0024662965,0.16040039,2686.5,11.02,0.7123766839504242,951,2217,1.2465442,-0.011967755,283776,2502.6390023231506,2270208,0.032320656
0.002288853,0.16455078,2686.5,11.02,0.77206951379776,944,2218,1.2264863,-0.010558042,283904,2503.7238323688507,2271232,0.029207284
0.0028768403,0.17919922,2686.5,11.02,0.8194134533405304,949,2219,1.2515717,-0.011604664,284032,2504.802897453308,2272256,0.022742165
0.002404747,0.15161133,2694.92,10.99,0.738949716091156,942,2220,1.2197696,-0.012820101,284160,2505.889970302582,2273280,0.03966572
0.00179465,0.111572266,2694.92,10.99,0.7503280341625214,907,2221,1.2565958,-0.011715965,284288,2507.0193791389465,2274304,0.02156561
0.0023978164,0.17773438,2687.97,11.06,0.804779589176178,954,2222,1.2215213,-0.011488826,284416,2508.0925402641296,2275328,0.024460968
0.0027081768,0.18164062,2682.67,11.13,0.7185537219047546,959,2223,1.2104137,-0.011497673,284544,2509.1609766483307,2276352,0.032452125
0.002288137,0.16430664,2682.67,11.13,0.8243537843227386,972,2224,1.2371342,-0.010583172,284672,2510.214194536209,2277376,0.01812691
0.0027532743,0.1772461,2669.5,11.28,0.6768113076686859,946,2225,1.237912,-0.009635415,284800,2511.3968386650085,2278400,0.033479493
0.003272032,0.20776367,2669.5,11.28,0.7582524418830872,924,2226,1.2072767,-0.00905182,284928,2512.5051856040955,2279424,0.030317314
0.002615827,0.17211914,2660.88,11.36,0.7124431133270264,885,2227,1.1925383,-0.010951858,285056,2513.6618835926056,2280448,0.03720009
0.0029615841,0.16748047,2660.88,11.36,0.7785288989543915,999,2228,1.2214326,-0.011679198,285184,2514.687515974045,2281472,0.021081287
0.002560979,0.15771484,2660.88,11.36,0.6590122282505035,972,2229,1.1955432,-0.0104058795,285312,2515.7415795326233,2282496,0.028936436
0.0026491904,0.17602539,2660.88,11.36,0.7845395356416702,975,2230,1.2108761,-0.010805214,285440,2516.7915773391724,2283520,0.019091178
0.0024593172,0.18188477,2657.84,11.37,0.6914107501506805,942,2231,1.2627406,-0.010239344,285568,2517.8792510032654,2284544,0.023465367
0.0023185357,0.14111328,2657.84,11.37,0.5740649998188019,941,2232,1.141707,-0.011728611,285696,2518.9679837226868,2285568,0.038517315
0.002921215,0.13476562,2657.84,11.37,0.7763380855321884,900,2233,1.176395,-0.011585396,285824,2520.105854034424,2286592,0.019878667
0.0023822694,0.17456055,2657.84,11.37,0.8004356920719147,935,2234,1.2236975,-0.011169433,285952,2521.2007665634155,2287616,0.016813494
0.0023118644,0.15356445,2663.06,11.36,0.7874525785446167,914,2235,1.1906021,-0.012122979,286080,2522.3210184574127,2288640,0.024715204
0.0029246877,0.17236328,2658.04,11.41,0.8257758319377899,969,2236,1.1879367,-0.012013097,286208,2523.378104686737,2289664,0.017070187
0.0024566024,0.15991211,2658.04,11.41,0.7424415051937103,960,2237,1.1703058,-0.01159351,286336,2524.4444789886475,2290688,0.030411186
0.0019209759,0.14086914,2647.82,11.62,0.6840291321277618,969,2238,1.2322028,-0.009645894,286464,2525.5019958019257,2291712,0.033339076
0.0033024712,0.16894531,2642.06,11.66,0.7021816372871399,950,2239,1.2026788,-0.011997324,286592,2526.5798704624176,2292736,0.02814838
0.0043712603,0.1652832,2642.06,11.66,0.8414178043603897,979,2240,1.1472857,-0.01159366,286720,2527.626321554184,2293760,0.019163618
0.0024162603,0.1508789,2642.06,11.66,0.7828167229890823,958,2241,1.2178916,-0.011375194,286848,2528.6948857307434,2294784,0.022096198
0.0022795014,0.16796875,2642.06,11.66,0.8099051266908646,956,2242,1.2157038,-0.010574866,286976,2529.766401529312,2295808,0.024565643
0.0026873932,0.17553711,2642.06,11.66,0.7996511906385422,943,2243,1.1144916,-0.011923697,287104,2530.8523128032684,2296832,0.024546327
0.003050237,0.1796875,2638.05,11.67,0.7023841440677643,945,2244,1.1353456,-0.012364478,287232,2531.9360427856445,2297856,0.031669185
0.0022623334,0.14257812,2632.99,11.73,0.6387841403484344,958,2245,1.137398,-0.010838231,287360,2533.005673646927,2298880,0.03970144
0.0025307513,0.1381836,2632.99,11.73,0.8560686707496643,949,2246,1.1860163,-0.011948708,287488,2534.085282802582,2299904,0.016747639
0.0031407624,0.15429688,2632.99,11.73,0.7044114470481873,923,2247,1.17851,-0.008626448,287616,2535.1951291561127,2300928,0.039429814
0.0023096825,0.13671875,2632.99,11.73,0.7431358993053436,905,2248,1.1690596,-0.009205856,287744,2536.3261873722076,2301952,0.028126802
0.002444368,0.14282227,2632.99,11.73,0.7812112271785736,970,2249,1.2688073,-0.009069234,287872,2537.382539510727,2302976,0.024755066
0.0023892166,0.15112305,2632.51,11.72,0.8060737103223801,905,2250,1.1529021,-0.012170816,288000,2538.5143921375275,2304000,0.025040226
0.0019002483,0.13696289,2632.51,11.72,0.8129918128252029,898,2251,1.2491922,-0.011355946,288128,2539.654401540756,2305024,0.015689306
0.0020591451,0.14794922,2632.51,11.72,0.9118557795882225,911,2252,1.2813112,-0.0119403545,288256,2540.778162956238,2306048,0.0076214597
0.002167128,0.14794922,2632.51,11.72,0.8304952383041382,971,2253,1.1894432,-0.011820791,288384,2541.8330018520355,2307072,0.01839312
0.0030119987,0.16894531,2623.32,11.79,0.8219486624002457,940,2254,1.2209582,-0.013724737,288512,2542.9220490455627,2308096,0.022541165
0.0024681308,0.16967773,2623.32,11.79,0.8165119141340256,965,2255,1.2149439,-0.011455172,288640,2543.983706712723,2309120,0.028653268
0.0020662376,0.14038086,2623.32,11.79,0.8210793435573578,975,2256,1.2249429,-0.011641273,288768,2545.0344524383545,2310144,0.017368048
0.0019349761,0.14624023,2623.32,11.79,0.8084795624017715,963,2257,1.2223703,-0.009922253,288896,2546.0976870059967,2311168,0.022455856
0.0026945448,0.16674805,2603.07,12.01,0.6690016984939575,923,2258,1.173179,-0.010880279,289024,2547.2067832946777,2312192,0.03371244
0.0022404476,0.14013672,2602.55,12.01,0.8667511343955994,890,2259,1.1962869,-0.012110107,289152,2548.357280254364,2313216,0.017608183
0.003142596,0.16894531,2602.55,12.01,0.7503545433282852,915,2260,1.1895969,-0.008809288,289280,2549.4762768745422,2314240,0.024922393
0.0021507519,0.14746094,2598.17,12.06,0.7806785553693771,937,2261,1.1790316,-0.0097260615,289408,2550.569687604904,2315264,0.029303778
0.0018870309,0.14038086,2598.17,12.06,0.795379251241684,969,2262,1.1800116,-0.01070094,289536,2551.627115011215,2316288,0.020588836
0.0019320397,0.13232422,2595.07,12.12,0.7234698534011841,943,2263,1.213118,-0.011162741,289664,2552.7127573490143,2317312,0.024767099
0.0023218333,0.14282227,2588.3,12.19,0.7840471863746643,920,2264,1.1470503,-0.010857627,289792,2553.826366662979,2318336,0.01768091
0.0024916148,0.15625,2588.3,12.19,0.7071665525436401,969,2265,1.1246749,-0.012249835,289920,2554.8839812278748,2319360,0.03259541
0.0032069073,0.1574707,2588.3,12.19,0.8148966133594513,965,2266,1.1902726,-0.009530902,290048,2555.9451479911804,2320384,0.023365632
0.0028119765,0.17993164,2588.3,12.19,0.8108966201543808,951,2267,1.1308643,-0.011432396,290176,2557.0217344760895,2321408,0.018156283
0.002408249,0.15356445,2588.3,12.19,0.7946734428405762,939,2268,1.171762,-0.011455954,290304,2558.1119616031647,2322432,0.020729255
0.002162425,0.15185547,2588.3,12.19,0.8376587182283401,897,2269,1.1968242,-0.01189887,290432,2559.2542259693146,2323456,0.016654635
0.0022281753,0.15527344,2588.3,12.19,0.827018603682518,919,2270,1.1792318,-0.009841262,290560,2560.3688163757324,2324480,0.014832844
0.0030455738,0.17504883,2588.3,12.19,0.7973657995462418,916,2271,1.1338973,-0.013070917,290688,2561.4871015548706,2325504,0.02315454
0.0022839322,0.13085938,2588.3,12.19,0.7261238694190979,916,2272,1.1619259,-0.010944097,290816,2562.6056547164917,2326528,0.030550871
0.0032136368,0.1821289,2588.3,12.19,0.6763496696949005,961,2273,1.104835,-0.012814085,290944,2563.671177148819,2327552,0.039581362
0.003608149,0.15600586,2588.3,12.19,0.7880391776561737,919,2274,1.0903325,-0.010632763,291072,2564.785522699356,2328576,0.024279196
0.0026044769,0.17089844,2580.75,12.25,0.7507963925600052,897,2275,1.1871495,-0.011351162,291200,2565.927235364914,2329600,0.026779916
0.0028261454,0.17602539,2575.45,12.3,0.8453058898448944,897,2276,1.130856,-0.0119195515,291328,2567.068418741226,2330624,0.017647397
0.0019267687,0.1352539,2575.45,12.3,0.7121725976467133,964,2277,1.2405047,-0.010316622,291456,2568.131227493286,2331648,0.021161947
0.0024104032,0.15673828,2576.0,12.31,0.6516128778457642,966,2278,1.1429998,-0.009399363,291584,2569.1910235881805,2332672,0.038059894
0.002230551,0.16333008,2576.0,12.31,0.7807467430830002,925,2279,1.1491017,-0.010372836,291712,2570.2980406284332,2333696,0.027488144
0.003910601,0.20629883,2580.73,12.32,0.6372798085212708,895,2280,1.1352475,-0.011898039,291840,2571.441791534424,2334720,0.036400907
0.0025961571,0.14672852,2580.73,12.32,0.8030986785888672,908,2281,1.1718253,-0.011619199,291968,2572.5693576335907,2335744,0.023765635
0.003038415,0.16625977,2588.92,12.29,0.6289938688278198,893,2282,1.1662378,-0.012745195,292096,2573.7157640457153,2336768,0.029774964
0.0028091655,0.18017578,2588.92,12.29,0.6973425447940826,905,2283,1.1629095,-0.012453376,292224,2574.846707344055,2337792,0.027834365
0.0028073108,0.16845703,2588.92,12.29,0.7077299058437347,926,2284,1.1464055,-0.012052834,292352,2575.952986240387,2338816,0.03194761
0.0021505686,0.14672852,2594.52,12.28,0.7688635736703873,951,2285,1.1773505,-0.0098937955,292480,2577.03027510643,2339840,0.024428511
0.0022801445,0.15795898,2594.52,12.28,0.8187048882246017,974,2286,1.1806586,-0.0122839,292608,2578.0820367336273,2340864,0.02043105
0.0019322585,0.14257812,2594.52,12.28,0.7927051186561584,920,2287,1.2521112,-0.0093942145,292736,2579.195377588272,2341888,0.021895802
0.0020651878,0.15942383,2594.52,12.28,0.8322266638278961,948,2288,1.215773,-0.01231664,292864,2580.276051044464,2342912,0.019487327
0.0021963124,0.1550293,2594.52,12.28,0.7766278982162476,917,2289,1.2414701,-0.011092531,292992,2581.3932807445526,2343936,0.027138472
0.0021326528,0.17114258,2592.77,12.28,0.7326187491416931,904,2290,1.1814394,-0.010717223,293120,2582.5266919136047,2344960,0.038390294
0.0023750835,0.14916992,2592.77,12.28,0.7870576232671738,948,2291,1.1830927,-0.009866321,293248,2583.607372522354,2345984,0.02083067
0.0023465925,0.15307617,2592.77,12.28,0.7687613368034363,968,2292,1.2121948,-0.012071609,293376,2584.6650042533875,2347008,0.030553615
0.0023110192,0.15722656,2592.77,12.28,0.7468536198139191,964,2293,1.2563593,-0.010295847,293504,2585.7279772758484,2348032,0.025745153
0.002266016,0.14941406,2596.14,12.24,0.7582640200853348,959,2294,1.2323012,-0.010780925,293632,2586.7960205078125,2349056,0.023962047
0.0023308732,0.14550781,2596.14,12.24,0.842567652463913,908,2295,1.2419865,-0.014474025,293760,2587.9581785202026,2350080,0.017304799
0.0021301792,0.14550781,2588.02,12.31,0.7790323048830032,972,2296,1.235529,-0.012535743,293888,2589.012031316757,2351104,0.0259866
0.001982322,0.12890625,2577.33,12.42,0.7818482667207718,940,2297,1.201998,-0.010329782,294016,2590.102085351944,2352128,0.018219464
0.0023643605,0.15478516,2577.33,12.42,0.8175186663866043,970,2298,1.2754769,-0.012195785,294144,2591.157757997513,2353152,0.017245056
0.0021999448,0.15332031,2578.62,12.47,0.8214008063077927,967,2299,1.2112503,-0.0112643065,294272,2592.2172150611877,2354176,0.018019365
0.0022082648,0.15112305,2578.62,12.47,0.7054864764213562,970,2300,1.2087854,-0.011511813,294400,2593.273646593094,2355200,0.04367059
0.001814531,0.13793945,2578.62,12.47,0.7018187940120697,958,2301,1.1494912,-0.011534219,294528,2594.3430156707764,2356224,0.03841355
0.002204528,0.12646484,2579.02,12.44,0.759973868727684,937,2302,1.231215,-0.01078092,294656,2595.4356639385223,2357248,0.025118027
0.0025947965,0.14697266,2571.07,12.5,0.7963245660066605,893,2303,1.197068,-0.010960374,294784,2596.582777261734,2358272,0.022897618
0.00198782,0.15820312,2571.07,12.5,0.7862658649682999,979,2304,1.2485961,-0.010808468,294912,2597.629291534424,2359296,0.01963845
0.0018032625,0.140625,2571.07,12.5,0.8117060214281082,966,2305,1.2146173,-0.009171486,295040,2598.6906180381775,2360320,0.02335582
0.002219492,0.13476562,2578.13,12.45,0.803757980465889,946,2306,1.188241,-0.012359719,295168,2599.7730808258057,2361344,0.025548268
0.0028755767,0.13476562,2578.13,12.45,0.7612253874540329,925,2307,1.2603791,-0.0114510525,295296,2600.8806369304657,2362368,0.02179346
0.0016543856,0.11694336,2578.13,12.45,0.9020185172557831,976,2308,1.2706343,-0.010024421,295424,2601.9295797348022,2363392,0.0106750205
0.0037537767,0.1850586,2578.13,12.45,0.6558394730091095,983,2309,1.1745656,-0.009419218,295552,2602.9715218544006,2364416,0.03453979
0.002225155,0.14941406,2578.13,12.45,0.8861355558037758,976,2310,1.2293347,-0.011819147,295680,2604.0204725265503,2365440,0.012974004
0.003061514,0.17675781,2578.13,12.45,0.5129786729812622,966,2311,1.1997145,-0.00962683,295808,2605.080186843872,2366464,0.05018827
0.0027090535,0.16088867,2578.13,12.45,0.7403736412525177,923,2312,1.2097375,-0.011119091,295936,2606.1899960041046,2367488,0.031205105
0.0025449048,0.1743164,2567.84,12.53,0.6757273972034454,958,2313,1.2156318,-0.011186369,296064,2607.2586607933044,2368512,0.033771183
0.002576294,0.15551758,2567.84,12.53,0.7867576628923416,935,2314,1.2481462,-0.0138559425,296192,2608.3541996479034,2369536,0.018954873
0.0024732712,0.16894531,2569.58,12.5,0.8631567358970642,939,2315,1.1933688,-0.013551796,296320,2609.4448890686035,2370560,0.017852688
0.0018232823,0.1262207,2567.87,12.5,0.6103615164756775,941,2316,1.2649227,-0.010946322,296448,2610.5330176353455,2371584,0.035652746
0.0029327695,0.17895508,2567.87,12.5,0.7785198986530304,974,2317,1.2017293,-0.013303269,296576,2611.585072994232,2372608,0.025967967
0.0014405246,0.107910156,2567.87,12.5,0.7303687334060669,958,2318,1.2385728,-0.009564108,296704,2612.654653787613,2373632,0.033541508
0.0020399634,0.1418457,2558.05,12.62,0.7011780738830566,942,2319,1.206676,-0.013050366,296832,2613.7423849105835,2374656,0.033965714
0.0021470212,0.13867188,2554.62,12.71,0.7500046491622925,888,2320,1.2063099,-0.011576678,296960,2614.8966884613037,2375680,0.031203847
0.0018353869,0.118652344,2553.29,12.75,0.726150244474411,964,2321,1.2290761,-0.010972485,297088,2615.959513902664,2376704,0.027249228
0.0023505553,0.15698242,2553.29,12.75,0.7104504704475403,962,2322,1.214319,-0.012429954,297216,2617.0241870880127,2377728,0.032955628
0.002039593,0.14477539,2553.29,12.75,0.7955097556114197,936,2323,1.2647154,-0.011152773,297344,2618.1183652877808,2378752,0.026758416
0.0020931358,0.1418457,2549.29,12.81,0.8410220891237259,923,2324,1.2488427,-0.01089444,297472,2619.228334903717,2379776,0.014149902
0.0018991842,0.14624023,2549.29,12.81,0.8337380737066269,961,2325,1.226723,-0.011366127,297600,2620.2937886714935,2380800,0.01832541
0.0022957968,0.16918945,2549.29,12.81,0.7243549525737762,960,2326,1.2306681,-0.01389115,297728,2621.3604316711426,2381824,0.037713356
0.0018534432,0.14135742,2549.29,12.81,0.7891293168067932,968,2327,1.2600914,-0.011076342,297856,2622.418699979782,2382848,0.02317849
0.0019234422,0.12451172,2539.87,12.9,0.8234987407922745,956,2328,1.268835,-0.009055942,297984,2623.490245819092,2383872,0.018736156
0.0021836178,0.14379883,2539.87,12.9,0.6933161914348602,972,2329,1.2085623,-0.010614799,298112,2624.5436561107635,2384896,0.041075755
0.002196123,0.15209961,2539.87,12.9,0.7801008820533752,971,2330,1.194056,-0.009930225,298240,2625.5987639427185,2385920,0.022375397
0.0026785,0.13623047,2539.87,12.9,0.7256896197795868,960,2331,1.2135957,-0.012536115,298368,2626.6654257774353,2386944,0.030214623
0.002309049,0.122558594,2539.87,12.9,0.835736945271492,916,2332,1.2088225,-0.012421791,298496,2627.7835853099823,2387968,0.020845246
0.0021630144,0.12817383,2539.87,12.9,0.7685864120721817,916,2333,1.1709088,-0.010881777,298624,2628.9016921520233,2388992,0.029342825
0.0016483603,0.10913086,2539.87,12.9,0.773904412984848,912,2334,1.2563068,-0.009665079,298752,2630.0241692066193,2390016,0.020485856
0.0018587392,0.1315918,2540.96,12.87,0.7218420505523682,907,2335,1.2473978,-0.011269398,298880,2631.153115272522,2391040,0.025363725
0.0020977256,0.1237793,2538.64,12.94,0.7654300183057785,889,2336,1.2326856,-0.011576056,299008,2632.305761575699,2392064,0.025795225
0.0020349391,0.14501953,2538.64,12.94,0.8117100745439529,926,2337,1.2221384,-0.01133213,299136,2633.4119584560394,2393088,0.022303816
0.0018582963,0.12841797,2535.94,12.93,0.7934345304965973,884,2338,1.2379367,-0.013396509,299264,2634.570093154907,2394112,0.02049483
0.0021082025,0.13476562,2535.94,12.93,0.7458098232746124,958,2339,1.2027261,-0.010434678,299392,2635.639171361923,2395136,0.029360807
0.0019380443,0.14208984,2527.4,13.02,0.7003700733184814,945,2340,1.2158622,-0.01081892,299520,2636.7231447696686,2396160,0.03375692
0.0024054137,0.15478516,2527.4,13.02,0.8570814430713654,975,2341,1.192108,-0.012328391,299648,2637.773543357849,2397184,0.015833627
0.0020585242,0.14892578,2527.4,13.02,0.8120578676462173,922,2342,1.252676,-0.010591307,299776,2638.8844351768494,2398208,0.019153323
0.0026332692,0.15673828,2524.84,13.03,0.7901623398065567,914,2343,1.2347289,-0.013959747,299904,2640.0043148994446,2399232,0.021746842
0.002878917,0.1875,2535.0,12.97,0.7024967670440674,924,2344,1.167948,-0.011490915,300032,2641.112387418747,2400256,0.031737357
0.0024554988,0.13085938,2535.0,12.97,0.7503019720315933,979,2345,1.2413313,-0.011842776,300160,2642.159412622452,2401280,0.028319787
0.0021978642,0.16333008,2535.0,12.97,0.8521416783332825,919,2346,1.24971,-0.011544438,300288,2643.2736558914185,2402304,0.010661344
0.0021612123,0.15478516,2535.0,12.97,0.682545393705368,904,2347,1.2330712,-0.011684161,300416,2644.4061448574066,2403328,0.027452301
0.0021358477,0.14379883,2535.0,12.97,0.7718234360218048,930,2348,1.2334979,-0.012023898,300544,2645.5071766376495,2404352,0.028856196
0.002345385,0.16333008,2535.0,12.97,0.8357743918895721,923,2349,1.2096014,-0.01027157,300672,2646.6168739795685,2405376,0.017757006
0.0026899178,0.16772461,2534.69,13.0,0.8371244072914124,930,2350,1.1990312,-0.012508513,300800,2647.7182297706604,2406400,0.018416923
0.0020666963,0.15649414,2534.69,13.0,0.7796954214572906,912,2351,1.2288054,-0.012105633,300928,2648.840803384781,2407424,0.023845034
0.0022147514,0.14624023,2534.69,13.0,0.7039238512516022,940,2352,1.2037506,-0.010131154,301056,2649.930861711502,2408448,0.034852345
0.0022465035,0.1484375,2534.69,13.0,0.7719864249229431,920,2353,1.2621284,-0.011512745,301184,2651.0436050891876,2409472,0.028274877
0.0021133423,0.15991211,2534.69,13.0,0.741663932800293,898,2354,1.2436937,-0.010293629,301312,2652.1846396923065,2410496,0.0357005
0.0021992545,0.14941406,2535.3,13.02,0.7344625890254974,975,2355,1.1990132,-0.010892229,301440,2653.235527038574,2411520,0.0370554
0.0017642349,0.12060547,2535.3,13.02,0.8346005976200104,984,2356,1.2805552,-0.009307512,301568,2654.2767560482025,2412544,0.020208457
0.0019953675,0.10864258,2535.3,13.02,0.7346018850803375,982,2357,1.2151254,-0.008562277,301696,2655.3194966316223,2413568,0.034761973
0.0018882826,0.14794922,2539.87,12.99,0.7607594728469849,956,2358,1.2608613,-0.009763278,301824,2656.3909571170807,2414592,0.016285721
0.002357478,0.12231445,2539.87,12.99,0.7902846783399582,979,2359,1.2781061,-0.010448311,301952,2657.436787843704,2415616,0.018483121
0.0026136516,0.17260742,2547.14,12.92,0.7388486862182617,942,2360,1.2446095,-0.009322508,302080,2658.523568868637,2416640,0.02496342
0.0026159144,0.19335938,2547.14,12.92,0.8624143451452255,972,2361,1.2428936,-0.0122355195,302208,2659.577461004257,2417664,0.015524741
0.0023591549,0.15771484,2551.16,12.92,0.7624908089637756,894,2362,1.2313842,-0.012448352,302336,2660.7233130931854,2418688,0.028467743
0.0023354776,0.18359375,2548.79,12.95,0.7796668708324432,941,2363,1.2481322,-0.011170218,302464,2661.8119173049927,2419712,0.031333808
0.0015944272,0.12719727,2551.3,12.94,0.7721132338047028,893,2364,1.2052789,-0.011526689,302592,2662.9590175151825,2420736,0.026347542
0.0020442794,0.122558594,2551.3,12.94,0.6038545966148376,917,2365,1.3021353,-0.011062073,302720,2664.076367378235,2421760,0.04098723
0.002189626,0.15014648,2551.3,12.94,0.8344840407371521,970,2366,1.2565495,-0.010232468,302848,2665.132182121277,2422784,0.01986347
0.0019648557,0.15673828,2551.3,12.94,0.8373505920171738,904,2367,1.2937847,-0.010828543,302976,2666.265335083008,2423808,0.016814303
0.0024146854,0.14624023,2552.08,12.92,0.8081928789615631,920,2368,1.2284384,-0.011383045,303104,2667.3779969215393,2424832,0.020922078
0.002162687,0.14428711,2552.08,12.92,0.775875449180603,937,2369,1.3078699,-0.011423019,303232,2668.4706366062164,2425856,0.025706759
0.0035572737,0.15161133,2552.08,12.92,0.7739590555429459,953,2370,1.2174318,-0.010968404,303360,2669.544916152954,2426880,0.03077326
0.002395343,0.14404297,2552.08,12.92,0.6755723059177399,911,2371,1.278649,-0.010667154,303488,2670.6696565151215,2427904,0.033564735
0.0025842795,0.17333984,2551.11,12.96,0.654687911272049,885,2372,1.2644818,-0.010630633,303616,2671.826902151108,2428928,0.042060383
0.002131016,0.14697266,2551.11,12.96,0.8369569480419159,977,2373,1.2363937,-0.014156496,303744,2672.875206708908,2429952,0.023659637
0.002358153,0.15551758,2551.11,12.96,0.6891313791275024,979,2374,1.2783892,-0.011227563,303872,2673.9215207099915,2430976,0.027229398
0.0024091166,0.1508789,2551.11,12.96,0.8340146839618683,986,2375,1.2652509,-0.010753128,304000,2674.9611065387726,2432000,0.019723175
0.0024805171,0.16772461,2552.96,12.93,0.7932891398668289,921,2376,1.2876937,-0.013996267,304128,2676.072678089142,2433024,0.021937076
0.0020387997,0.1586914,2552.96,12.93,0.7964501231908798,920,2377,1.2902303,-0.010169929,304256,2677.1856524944305,2434048,0.02692824
0.0017832556,0.12890625,2552.96,12.93,0.7443663477897644,955,2378,1.2260368,-0.010219094,304384,2678.258573770523,2435072,0.03520412
0.0018399662,0.14892578,2544.48,13.02,0.7583042532205582,962,2379,1.2959971,-0.011746061,304512,2679.323676586151,2436096,0.02372652
0.0023211446,0.16308594,2545.95,12.97,0.7708864957094193,949,2380,1.2474496,-0.012254637,304640,2680.4034230709076,2437120,0.029299472
0.0024608353,0.15209961,2545.95,12.97,0.8073815107345581,987,2381,1.26344,-0.011674866,304768,2681.4412109851837,2438144,0.021074977
0.0015287375,0.13183594,2548.82,12.93,0.8700974881649017,954,2382,1.2592894,-0.009958984,304896,2682.5144107341766,2439168,0.012470082
0.0019652138,0.15820312,2549.0,12.89,0.7795131057500839,965,2383,1.2581428,-0.010384243,305024,2683.5752873420715,2440192,0.025144042
0.002481867,0.18359375,2549.0,12.89,0.7924259305000305,963,2384,1.2717376,-0.012653323,305152,2684.6389825344086,2441216,0.02338054
0.0021071034,0.13989258,2549.0,12.89,0.7552781999111176,913,2385,1.2743701,-0.0118182255,305280,2685.7610137462616,2442240,0.027559323
0.0022818267,0.15649414,2552.24,12.82,0.7751908451318741,891,2386,1.2511964,-0.012880653,305408,2686.9105360507965,2443264,0.023521254
0.002399553,0.15966797,2548.01,12.83,0.749360054731369,898,2387,1.26504,-0.014608291,305536,2688.050568819046,2444288,0.03217512
0.0022274822,0.17456055,2548.01,12.83,0.7795375436544418,923,2388,1.2770898,-0.009741297,305664,2689.160350561142,2445312,0.013576086
0.0015622168,0.13867188,2548.01,12.83,0.7139492034912109,924,2389,1.2763317,-0.009295003,305792,2690.2686817646027,2446336,0.028068013
0.002086923,0.122802734,2548.01,12.83,0.8147912472486496,949,2390,1.2483113,-0.010263496,305920,2691.34787273407,2447360,0.018796198
0.0026783226,0.16381836,2548.39,12.85,0.7919461280107498,908,2391,1.273495,-0.009816409,306048,2692.4758398532867,2448384,0.018829336
0.0022200611,0.18139648,2548.39,12.85,0.6255490481853485,939,2392,1.2310277,-0.009479246,306176,2693.566675424576,2449408,0.051500577
0.0037220754,0.21704102,2544.93,12.87,0.7342906594276428,952,2393,1.2840164,-0.010334122,306304,2694.6426723003387,2450432,0.030835755
0.0017615411,0.13134766,2544.93,12.87,0.7527036666870117,964,2394,1.2706245,-0.010263871,306432,2695.7050170898438,2451456,0.03125554
0.002405549,0.15576172,2533.11,12.98,0.8443139791488647,951,2395,1.1975095,-0.012648936,306560,2696.7837347984314,2452480,0.01751681
0.0023429918,0.13232422,2533.11,12.98,0.686383843421936,959,2396,1.2032971,-0.0098308595,306688,2697.8519072532654,2453504,0.040611107
0.002112085,0.16357422,2533.11,12.98,0.7254129350185394,958,2397,1.2063004,-0.008722551,306816,2698.920632839203,2454528,0.03877163
0.002341144,0.15478516,2533.11,12.98,0.8563829362392426,960,2398,1.2098919,-0.009417554,306944,2699.9877331256866,2455552,0.018576518
0.0021136156,0.1586914,2533.11,12.98,0.8585584610700607,938,2399,1.234876,-0.007602548,307072,2701.07989859581,2456576,0.012976006
0.002569858,0.19946289,2533.11,12.98,0.793922021985054,900,2400,1.2388885,-0.010712665,307200,2702.217497587204,2457600,0.013410179
0.0020655964,0.16210938,2533.11,12.98,0.8180278986692429,912,2401,1.2184685,-0.010271857,307328,2703.3402032852173,2458624,0.021435289
0.002631462,0.171875,2532.74,12.95,0.8006445616483688,903,2402,1.2298454,-0.01215581,307456,2704.4746556282043,2459648,0.023337029
0.0024275535,0.15307617,2532.74,12.95,0.7432720363140106,978,2403,1.1772087,-0.010343529,307584,2705.52228474617,2460672,0.036074214
0.0016429934,0.13452148,2531.1,12.95,0.7001018822193146,956,2404,1.1908611,-0.01025846,307712,2706.593141555786,2461696,0.031717613
0.0028899,0.2006836,2531.1,12.95,0.8242194652557373,985,2405,1.2659696,-0.012170171,307840,2707.63276219368,2462720,0.021904806
0.00267077,0.15234375,2521.03,13.04,0.7868793159723282,950,2406,1.2611095,-0.013948706,307968,2708.710868835449,2463744,0.02548871
0.0020977894,0.16748047,2525.96,12.98,0.6865746378898621,939,2407,1.2060809,-0.01106972,308096,2709.80113863945,2464768,0.036388163
0.0019202016,0.15576172,2525.96,12.98,0.7491627335548401,954,2408,1.2148045,-0.010385215,308224,2710.875018596649,2465792,0.036985584
0.0022140972,0.14770508,2525.96,12.98,0.7752623409032822,974,2409,1.2520726,-0.008364969,308352,2711.926914215088,2466816,0.029807936
0.0024732281,0.15625,2525.96,12.98,0.8079369217157364,962,2410,1.1825553,-0.01244304,308480,2712.9916412830353,2467840,0.023906667
0.0026250395,0.2121582,2525.96,12.98,0.8088274300098419,975,2411,1.2752576,-0.010925008,308608,2714.0421900749207,2468864,0.014701188
0.0032637988,0.1965332,2525.96,12.98,0.8336423635482788,951,2412,1.2454305,-0.012238863,308736,2715.1194672584534,2469888,0.020640997
0.0027186659,0.17456055,2524.33,12.98,0.724913626909256,940,2413,1.2399961,-0.012503192,308864,2716.2089188098907,2470912,0.034476526
0.002491307,0.15454102,2530.92,12.91,0.773437887430191,961,2414,1.2615525,-0.009306433,308992,2717.274597644806,2471936,0.02950041
0.002669833,0.16259766,2530.92,12.91,0.729342132806778,966,2415,1.199916,-0.012584535,309120,2718.334460735321,2472960,0.037634525
0.0024240334,0.1508789,2514.16,13.06,0.7668559104204178,961,2416,1.1534712,-0.010934184,309248,2719.400157213211,2473984,0.030353274
0.0022710727,0.14575195,2514.16,13.06,0.7711004018783569,988,2417,1.2329862,-0.0115990145,309376,2720.4368948936462,2475008,0.029351803
0.0023121154,0.13964844,2514.16,13.06,0.7980847954750061,971,2418,1.2019275,-0.0096858945,309504,2721.491593360901,2476032,0.022719346
0.0020184298,0.14550781,2514.16,13.06,0.7915374785661697,959,2419,1.2378886,-0.009952048,309632,2722.5597717761993,2477056,0.023414697
0.0018795192,0.13549805,2514.16,13.06,0.8222545683383942,965,2420,1.2651933,-0.010645212,309760,2723.621164560318,2478080,0.017369317
0.0021691434,0.15527344,2514.16,13.06,0.7880859076976776,937,2421,1.1904488,-0.010112889,309888,2724.7139117717743,2479104,0.03150825
0.0022519461,0.14892578,2514.16,13.06,0.7670971751213074,900,2422,1.2251543,-0.011172037,310016,2725.8518788814545,2480128,0.034127973
0.002310641,0.15527344,2515.69,13.04,0.7867945432662964,924,2423,1.1993867,-0.010970136,310144,2726.9603023529053,2481152,0.027277919
0.002675144,0.16186523,2515.69,13.04,0.8003530502319336,971,2424,1.1646445,-0.012867549,310272,2728.015578508377,2482176,0.029396383
0.002249123,0.14355469,2517.96,13.02,0.7564095556735992,984,2425,1.2323042,-0.010216831,310400,2729.0564444065094,2483200,0.022555916
0.0025786215,0.15844727,2519.28,12.81,0.7000049948692322,927,2426,1.2374055,-0.010522139,310528,2730.160866498947,2484224,0.03683406
0.0026503783,0.17626953,2519.28,12.81,0.7918802499771118,912,2427,1.1604625,-0.01360663,310656,2731.2838912010193,2485248,0.03255773
0.00321201,0.21777344,2519.28,12.81,0.8070815205574036,969,2428,1.2706681,-0.010535749,310784,2732.3414356708527,2486272,0.0192528
0.002618215,0.19726562,2522.81,12.77,0.8090052306652069,970,2429,1.1802397,-0.010106857,310912,2733.397417783737,2487296,0.022854172
0.0026922303,0.16064453,2522.81,12.77,0.8244285136461258,971,2430,1.237469,-0.010315603,311040,2734.4520132541656,2488320,0.021518541
0.0026441633,0.19482422,2522.07,12.78,0.8491238355636597,956,2431,1.1839958,-0.010769412,311168,2735.523195743561,2489344,0.02175235
0.0023805469,0.14526367,2515.42,12.78,0.7643803209066391,941,2432,1.1693207,-0.0112441,311296,2736.6119260787964,2490368,0.03170721
0.002108391,0.13061523,2515.42,12.78,0.7595537602901459,982,2433,1.1937497,-0.011995943,311424,2737.6543827056885,2491392,0.03220239
0.002686204,0.19384766,2513.17,12.82,0.7727262079715729,942,2434,1.2149395,-0.013719566,311552,2738.741770029068,2492416,0.028841693
0.0028728617,0.1796875,2513.17,12.82,0.7794470638036728,965,2435,1.203062,-0.012712798,311680,2739.803397655487,2493440,0.03214659
0.002652912,0.15698242,2513.17,12.82,0.8264748901128769,954,2436,1.1921037,-0.009554229,311808,2740.876829147339,2494464,0.021870319
0.0031580566,0.17895508,2513.17,12.82,0.8154340833425522,971,2437,1.2391274,-0.0102657145,311936,2741.9318284988403,2495488,0.023289278
0.0024254236,0.1538086,2513.17,12.82,0.777127206325531,949,2438,1.182841,-0.0112153655,312064,2743.0109713077545,2496512,0.024850048
0.0027816386,0.1586914,2513.17,12.82,0.7778036743402481,972,2439,1.2267358,-0.013763724,312192,2744.064304828644,2497536,0.027154358
0.0027038194,0.16894531,2513.17,12.82,0.7149018049240112,966,2440,1.172256,-0.014060298,312320,2745.1240034103394,2498560,0.037090253
0.002443378,0.18676758,2506.33,12.86,0.8174569308757782,959,2441,1.2158697,-0.012061888,312448,2746.192218065262,2499584,0.025214566
0.0021573154,0.13989258,2506.33,12.86,0.7834395617246628,968,2442,1.1527674,-0.013093627,312576,2747.249988555908,2500608,0.028937424
0.0017955321,0.13061523,2506.33,12.86,0.7189761996269226,945,2443,1.221462,-0.009723171,312704,2748.333641052246,2501632,0.03981284
0.0026754083,0.14892578,2506.33,12.86,0.869235947728157,938,2444,1.228929,-0.012298461,312832,2749.4259428977966,2502656,0.017153058
0.0021488997,0.14819336,2512.22,12.81,0.7885588258504868,897,2445,1.1693597,-0.01181455,312960,2750.5680425167084,2503680,0.026728729
0.0019932752,0.13793945,2512.22,12.81,0.6636888682842255,964,2446,1.1967238,-0.013434911,313088,2751.630364179611,2504704,0.046544045
0.0019298729,0.15454102,2512.22,12.81,0.8137096464633942,957,2447,1.2890288,-0.011010655,313216,2752.700774669647,2505728,0.018466538
0.0024908762,0.15600586,2512.07,12.81,0.7301222681999207,898,2448,1.2111536,-0.01166448,313344,2753.8417592048645,2506752,0.037208013
0.002192907,0.1665039,2512.07,12.81,0.7964489907026291,910,2449,1.2314782,-0.010510767,313472,2754.9673430919647,2507776,0.023846207
0.0021446631,0.15917969,2512.07,12.81,0.712398499250412,931,2450,1.1898531,-0.009333807,313600,2756.067822933197,2508800,0.03726294
0.0023229776,0.1574707,2501.95,12.86,0.76964071393013,908,2451,1.1928382,-0.0121342,313728,2757.1951303482056,2509824,0.028516524
0.0020999697,0.1352539,2501.95,12.86,0.8482552617788315,956,2452,1.2777879,-0.009948523,313856,2758.2660751342773,2510848,0.014758991
0.0016413366,0.12158203,2501.44,12.87,0.6947684288024902,927,2453,1.2327794,-0.010010022,313984,2759.371182203293,2511872,0.030159345
0.0019197288,0.16015625,2501.44,12.87,0.732576310634613,948,2454,1.2286035,-0.012288096,314112,2760.4514694213867,2512896,0.034152906
0.0019824444,0.13085938,2501.44,12.87,0.7882922142744064,907,2455,1.2807407,-0.0077939085,314240,2761.5803701877594,2513920,0.015279063
0.0022973877,0.15625,2511.53,12.73,0.7776666134595871,898,2456,1.2127477,-0.012328051,314368,2762.7210302352905,2514944,0.02795713
0.0019597756,0.15576172,2511.53,12.73,0.7082177698612213,936,2457,1.2568974,-0.009578796,314496,2763.8152754306793,2515968,0.037338533
0.0018592858,0.14013672,2518.16,12.68,0.8284164518117905,928,2458,1.2074054,-0.009974609,314624,2764.919036388397,2516992,0.01900695
0.0025255396,0.17944336,2508.75,12.78,0.7626549154520035,946,2459,1.210967,-0.012251189,314752,2766.0011858940125,2518016,0.027079992
0.0017548393,0.12988281,2508.75,12.78,0.8473200350999832,963,2460,1.2244875,-0.009777024,314880,2767.064609527588,2519040,0.017450688
0.0022612,0.13891602,2508.75,12.78,0.6261153817176819,970,2461,1.2326894,-0.007972781,315008,2768.1206159591675,2520064,0.038945474
0.0022637714,0.123046875,2508.75,12.78,0.8650989979505539,970,2462,1.2220249,-0.010404218,315136,2769.176854610443,2521088,0.013503696
0.0023251085,0.16430664,2495.24,12.88,0.7311246693134308,963,2463,1.2597728,-0.010475075,315264,2770.2401938438416,2522112,0.026365003
0.0025132876,0.18237305,2488.94,12.93,0.7896117568016052,955,2464,1.2525216,-0.010449691,315392,2771.3126022815704,2523136,0.018907543
0.0020679026,0.1352539,2488.94,12.93,0.7941003441810608,971,2465,1.2821813,-0.011512834,315520,2772.366958141327,2524160,0.024299297
0.0025836811,0.16577148,2494.18,12.87,0.8375042527914047,907,2466,1.2201437,-0.013280752,315648,2773.4966039657593,2525184,0.01749054
0.0027378115,0.16308594,2494.18,12.87,0.7785792797803879,973,2467,1.2043864,-0.009706689,315776,2774.54944896698,2526208,0.032581374
0.0016034603,0.140625,2494.18,12.87,0.8335531502962112,892,2468,1.2655534,-0.010147803,315904,2775.697738170624,2527232,0.02048565
0.002154543,0.1472168,2494.18,12.87,0.7226855754852295,909,2469,1.2166321,-0.009435149,316032,2776.8240175247192,2528256,0.024340045
0.001999884,0.1459961,2494.18,12.87,0.8392812609672546,930,2470,1.2594476,-0.010592951,316160,2777.9257531166077,2529280,0.014614325
0.0018365054,0.14990234,2498.18,12.8,0.8390699476003647,917,2471,1.289835,-0.010597189,316288,2779.042744398117,2530304,0.014933004
0.002089873,0.13916016,2498.18,12.8,0.7728779017925262,925,2472,1.2676314,-0.009301324,316416,2780.149665117264,2531328,0.028207574
0.0025808997,0.18310547,2500.13,12.8,0.6405668556690216,910,2473,1.2746649,-0.01151587,316544,2781.275155067444,2532352,0.042329427
0.0026291076,0.18261719,2500.13,12.8,0.7752388566732407,899,2474,1.2366223,-0.010888753,316672,2782.414406776428,2533376,0.022167947
0.0021071227,0.14160156,2498.62,12.82,0.7328375279903412,896,2475,1.2156467,-0.011376293,316800,2783.557784318924,2534400,0.031151151
0.0017600467,0.12597656,2498.62,12.82,0.8166391104459763,894,2476,1.2719333,-0.010611322,316928,2784.703563451767,2535424,0.019482333
0.002401345,0.1743164,2497.47,12.81,0.8067491352558136,898,2477,1.2465136,-0.010878544,317056,2785.8434460163116,2536448,0.019818243
0.0017545406,0.14575195,2498.4,12.79,0.7703474909067154,885,2478,1.259865,-0.011100978,317184,2787.0007536411285,2537472,0.025693916
0.0017396864,0.13012695,2498.4,12.79,0.8834164142608643,912,2479,1.2256795,-0.01081721,317312,2788.1236040592194,2538496,0.0136626465
0.0021272749,0.15234375,2490.19,12.87,0.9022346064448357,885,2480,1.2810651,-0.011942829,317440,2789.280442714691,2539520,0.0079608075
0.002104888,0.13891602,2490.19,12.87,0.6731483638286591,908,2481,1.246898,-0.010769463,317568,2790.408257961273,2540544,0.037820928
0.0018055346,0.1574707,2490.19,12.87,0.8300902992486954,908,2482,1.2748694,-0.010550836,317696,2791.5365130901337,2541568,0.014769944
0.0021293769,0.1616211,2490.19,12.87,0.7548495531082153,910,2483,1.2878218,-0.009493255,317824,2792.6613359451294,2542592,0.023348212
0.002358154,0.13720703,2479.44,12.97,0.8722891956567764,883,2484,1.2594928,-0.010825446,317952,2793.821031332016,2543616,0.011411054
0.0020359876,0.15649414,2479.44,12.97,0.7438782751560211,895,2485,1.2758898,-0.010567645,318080,2794.9654767513275,2544640,0.02998351
0.0023256107,0.15454102,2479.44,12.97,0.8264385163784027,901,2486,1.2725863,-0.010244326,318208,2796.1023800373077,2545664,0.025509667
0.00239006,0.15258789,2474.85,12.99,0.6968419253826141,898,2487,1.3039106,-0.010536459,318336,2797.242243051529,2546688,0.040372107
0.0021612307,0.14990234,2474.85,12.99,0.7654700130224228,896,2488,1.3029255,-0.010642881,318464,2798.384839296341,2547712,0.025382986
0.0031106037,0.20092773,2474.85,12.99,0.7219436764717102,913,2489,1.2398459,-0.011425923,318592,2799.506064891815,2548736,0.037265163
0.001998769,0.14697266,2471.26,13.0,0.7107820212841034,896,2490,1.297026,-0.011600805,318720,2800.649146080017,2549760,0.03199077
0.0017169305,0.14697266,2471.26,13.0,0.732191264629364,917,2491,1.2813025,-0.010146491,318848,2801.765643596649,2550784,0.040837135
0.0017449544,0.13378906,2471.26,13.0,0.8111663162708282,915,2492,1.2616819,-0.0107694585,318976,2802.8856229782104,2551808,0.024181983
0.0025428317,0.140625,2471.26,13.0,0.7973997741937637,904,2493,1.2410507,-0.009458667,319104,2804.018621444702,2552832,0.036032554
0.002520496,0.1772461,2463.82,13.04,0.7860031723976135,894,2494,1.2447942,-0.013705972,319232,2805.1646053791046,2553856,0.03518609
0.0020893083,0.14086914,2463.82,13.04,0.7273772656917572,909,2495,1.2954224,-0.009626744,319360,2806.2906334400177,2554880,0.033126846
0.0019481978,0.13549805,2463.82,13.04,0.7900798171758652,895,2496,1.2600421,-0.008572382,319488,2807.4348266124725,2555904,0.018509947
0.001650598,0.11303711,2462.22,13.08,0.7633902877569199,918,2497,1.2376647,-0.009225067,319616,2808.5509157180786,2556928,0.01898227
0.0021241577,0.13916016,2462.22,13.08,0.8006844967603683,912,2498,1.2914169,-0.011742261,319744,2809.6733491420746,2557952,0.02288113
0.0025000959,0.19213867,2469.61,12.81,0.777709111571312,892,2499,1.2146096,-0.0104603125,319872,2810.821098804474,2558976,0.02817612
0.0017284711,0.118896484,2469.61,12.81,0.8518038094043732,897,2500,1.2317867,-0.009550117,320000,2811.9622242450714,2560000,0.01248118
0.0021647708,0.16333008,2469.61,12.81,0.6704172194004059,919,2501,1.2688857,-0.007758122,320128,2813.076737642288,2561024,0.03050551
0.001510966,0.12402344,2469.61,12.81,0.8268638998270035,897,2502,1.2244899,-0.009864934,320256,2814.218486070633,2562048,0.020286264
0.0021704054,0.16479492,2467.61,12.83,0.7474106550216675,890,2503,1.232483,-0.0116483215,320384,2815.3696398735046,2563072,0.02605213
0.001640432,0.119628906,2470.75,12.77,0.7967413514852524,883,2504,1.2837048,-0.011208653,320512,2816.529802083969,2564096,0.022792282
0.0015669839,0.13671875,2470.75,12.77,0.6382558643817902,904,2505,1.2417424,-0.008680104,320640,2817.6630086898804,2565120,0.05377468
0.0015363357,0.12231445,2470.75,12.77,0.8766787424683571,924,2506,1.2554243,-0.008864239,320768,2818.772143125534,2566144,0.009579553
0.0017203595,0.11279297,2470.75,12.77,0.8002522140741348,916,2507,1.2969875,-0.0081036445,320896,2819.889625310898,2567168,0.020561283
0.0016900398,0.12719727,2470.75,12.77,0.750357136130333,895,2508,1.2480952,-0.010007586,321024,2821.0335545539856,2568192,0.026277715
0.002144718,0.125,2471.97,12.76,0.762362539768219,909,2509,1.2049918,-0.008830593,321152,2822.159590482712,2569216,0.034884177
0.0025400422,0.14453125,2471.68,12.77,0.7931553870439529,896,2510,1.293304,-0.01097243,321280,2823.30189204216,2570240,0.024730261
0.002802716,0.16992188,2471.68,12.77,0.6794076561927795,907,2511,1.2333663,-0.007981496,321408,2824.4307475090027,2571264,0.03408369
0.0019576196,0.14916992,2471.68,12.77,0.7512646615505219,909,2512,1.2773203,-0.009447374,321536,2825.5574939250946,2572288,0.016846957
0.0022635513,0.13720703,2471.73,12.76,0.7945008128881454,907,2513,1.2659688,-0.00992555,321664,2826.6859979629517,2573312,0.028204123
0.002170226,0.16455078,2467.19,12.76,0.825440913438797,912,2514,1.2594204,-0.01016136,321792,2827.8089385032654,2574336,0.018216988
0.0019135957,0.13891602,2454.99,12.86,0.7888896316289902,892,2515,1.2768214,-0.0078004813,321920,2828.9573209285736,2575360,0.016581565
0.0024496815,0.14013672,2454.99,12.86,0.7583488523960114,911,2516,1.2538337,-0.008521814,322048,2830.082085132599,2576384,0.02837885
0.0018659936,0.122802734,2454.99,12.86,0.7464549243450165,904,2517,1.2718973,-0.0103326375,322176,2831.2144043445587,2577408,0.030109677
0.0020690374,0.13208008,2454.99,12.86,0.6939848959445953,934,2518,1.2614473,-0.00996323,322304,2832.311148405075,2578432,0.035405636
0.0017860874,0.14477539,2455.19,12.84,0.7981804609298706,898,2519,1.2824693,-0.01073057,322432,2833.4521124362946,2579456,0.02661304
0.0013533204,0.10058594,2455.19,12.84,0.6682148277759552,906,2520,1.2929324,-0.007262353,322560,2834.582588672638,2580480,0.03016382
0.0015990098,0.119140625,2455.19,12.84,0.6962223052978516,897,2521,1.2987536,-0.007004442,322688,2835.724745988846,2581504,0.027268833
0.00267853,0.16040039,2455.19,12.84,0.71568763256073,909,2522,1.2770593,-0.010316262,322816,2836.851427078247,2582528,0.042257253
0.0025757109,0.16796875,2445.14,12.8,0.811170756816864,879,2523,1.2174292,-0.012416208,322944,2838.016787290573,2583552,0.024820179
0.0018117109,0.12524414,2445.14,12.8,0.7269104421138763,912,2524,1.2516164,-0.010056864,323072,2839.1391496658325,2584576,0.026750244
0.0016973385,0.10424805,2445.14,12.8,0.8114963322877884,906,2525,1.3578445,-0.0097785685,323200,2840.269983768463,2585600,0.020563591
0.0023196442,0.18359375,2445.14,12.8,0.7887524217367172,917,2526,1.295658,-0.010351042,323328,2841.3862822055817,2586624,0.02220013
0.0020393925,0.14379883,2445.14,12.8,0.664277970790863,887,2527,1.2947116,-0.010622285,323456,2842.5407803058624,2587648,0.044813186
0.002515368,0.15917969,2445.14,12.8,0.8385870009660721,916,2528,1.2657772,-0.012339752,323584,2843.6589822769165,2588672,0.023985371
0.0020560801,0.15429688,2427.15,12.93,0.734815776348114,884,2529,1.2249731,-0.011744674,323712,2844.8170082569122,2589696,0.031128062
0.0016624666,0.13134766,2427.78,12.9,0.7195684611797333,907,2530,1.3340085,-0.0092118895,323840,2845.945921421051,2590720,0.033566274
0.0014996092,0.11743164,2427.78,12.9,0.70850670337677,906,2531,1.2788352,-0.0119341705,323968,2847.076297044754,2591744,0.03849025
0.002190768,0.17944336,2428.86,12.87,0.8023252636194229,901,2532,1.3100322,-0.01100255,324096,2848.21320271492,2592768,0.019309755
0.0016260762,0.1472168,2428.86,12.87,0.6915877461433411,897,2533,1.272799,-0.009532413,324224,2849.354992389679,2593792,0.020207904
0.0021589566,0.17773438,2430.15,12.75,0.782831534743309,903,2534,1.2990068,-0.009550505,324352,2850.48956489563,2594816,0.021752728
0.0018690745,0.14794922,2419.47,12.89,0.7639339715242386,899,2535,1.2775786,-0.009977092,324480,2851.6282663345337,2595840,0.024322582
0.002647457,0.17333984,2419.47,12.89,0.7900435924530029,895,2536,1.2587295,-0.010917036,324608,2852.772663831711,2596864,0.02672554
0.002389712,0.1394043,2419.47,12.89,0.7003585398197174,901,2537,1.2714542,-0.012795109,324736,2853.908996105194,2597888,0.03461391
0.0021604132,0.14770508,2419.47,12.89,0.655748188495636,911,2538,1.2682525,-0.012496694,324864,2855.033708333969,2598912,0.042335104
0.0021843659,0.16455078,2416.57,12.91,0.7430952191352844,896,2539,1.2586988,-0.010875241,324992,2856.177227973938,2599936,0.034522627
0.0018708607,0.13378906,2407.61,12.95,0.829727292060852,903,2540,1.275355,-0.011633107,325120,2857.311901807785,2600960,0.022431985
0.0022781263,0.16064453,2407.61,12.95,0.8531218618154526,901,2541,1.2479601,-0.011569347,325248,2858.448590517044,2601984,0.015857138
0.0023613365,0.17041016,2407.61,12.95,0.8342395126819611,912,2542,1.2886345,-0.012237906,325376,2859.5715045928955,2603008,0.012651686
0.0026794658,0.1538086,2407.61,12.95,0.8155252933502197,898,2543,1.3139635,-0.012605079,325504,2860.711380958557,2604032,0.030884264
0.0031850082,0.15209961,2407.61,12.95,0.8129800111055374,909,2544,1.225374,-0.011843903,325632,2861.837979078293,2605056,0.027766794
0.0018990531,0.14111328,2404.35,12.98,0.8236431628465652,890,2545,1.2150006,-0.013319903,325760,2862.9882111549377,2606080,0.026356306
0.0019241644,0.14355469,2404.35,12.98,0.7476153075695038,932,2546,1.2819098,-0.010720786,325888,2864.0873432159424,2607104,0.028442338
0.0029887536,0.1586914,2395.47,13.05,0.851934552192688,929,2547,1.2151909,-0.012537084,326016,2865.1902153491974,2608128,0.02256691
0.0014784688,0.11303711,2395.39,13.04,0.7240194082260132,927,2548,1.2751744,-0.00982562,326144,2866.2949845790863,2609152,0.027929232
0.0019805352,0.122802734,2395.39,13.04,0.8125766962766647,901,2549,1.282301,-0.011781662,326272,2867.431132555008,2610176,0.02898206
0.0030503634,0.16796875,2388.7,13.08,0.7801585793495178,903,2550,1.2487724,-0.0111527,326400,2868.565258741379,2611200,0.033150177
0.0017537661,0.11645508,2388.7,13.08,0.8274557441473007,911,2551,1.2394468,-0.009119789,326528,2869.6888222694397,2612224,0.022882244
0.0018722148,0.140625,2386.27,13.09,0.8683755695819855,905,2552,1.2998945,-0.008628335,326656,2870.8200566768646,2613248,0.009575732
0.0019488411,0.13500977,2386.27,13.09,0.7015224099159241,893,2553,1.2598039,-0.008554253,326784,2871.9672005176544,2614272,0.034333106
0.0020373869,0.15527344,2387.49,13.05,0.7875672429800034,898,2554,1.2494699,-0.009783424,326912,2873.108455181122,2615296,0.019527715
0.002340197,0.16186523,2387.49,13.05,0.756511852145195,892,2555,1.2896308,-0.009200833,327040,2874.257101535797,2616320,0.02488186
0.0021329077,0.15649414,2387.49,13.05,0.8131098300218582,911,2556,1.2176325,-0.009114824,327168,2875.380910396576,2617344,0.025139213
0.0019639155,0.14038086,2385.7,13.06,0.7496358752250671,894,2557,1.234627,-0.009916815,327296,2876.5263521671295,2618368,0.03567772
0.0024298786,0.1538086,2385.7,13.06,0.7678910791873932,921,2558,1.2182822,-0.010948759,327424,2877.6389701366425,2619392,0.03561685
0.0042408486,0.14404297,2385.7,13.06,0.8147650212049484,899,2559,1.2677355,-0.010407794,327552,2878.777718067169,2620416,0.024747284
0.0020602702,0.15844727,2385.7,13.06,0.8327230364084244,907,2560,1.2593082,-0.01220048,327680,2879.907123565674,2621440,0.0225355
0.0024481812,0.14526367,2385.7,13.06,0.7922850102186203,892,2561,1.2918608,-0.011374023,327808,2881.0553896427155,2622464,0.031416994
0.0023266715,0.1508789,2392.61,13.01,0.7195277214050293,925,2562,1.2421561,-0.011308776,327936,2882.1625802516937,2623488,0.038490575
0.002023821,0.12841797,2392.61,13.01,0.7067664563655853,915,2563,1.2634846,-0.009846184,328064,2883.2818689346313,2624512,0.030241318
0.0020674781,0.1484375,2397.77,12.94,0.7593372464179993,906,2564,1.2446904,-0.0113256015,328192,2884.4118177890778,2625536,0.027619872
0.0016330294,0.12084961,2397.77,12.94,0.8097068220376968,902,2565,1.280697,-0.009710137,328320,2885.54669380188,2626560,0.017319689
0.0023842035,0.18359375,2394.58,12.97,0.8347247987985611,896,2566,1.2578262,-0.010466484,328448,2886.690288066864,2627584,0.011765488
0.0024657156,0.19067383,2394.58,12.97,0.8243973553180695,921,2567,1.2786266,-0.010384314,328576,2887.802065372467,2628608,0.02220993
0.0014881289,0.1105957,2397.0,12.91,0.7176867127418518,887,2568,1.3129867,-0.010570104,328704,2888.956319332123,2629632,0.028285487
0.0016870614,0.1274414,2397.0,12.91,0.6711395084857941,899,2569,1.30889,-0.009960156,328832,2890.095958471298,2630656,0.02293778
0.0019240724,0.14355469,2391.96,12.96,0.8600886911153793,922,2570,1.2445818,-0.010597629,328960,2891.2062618732452,2631680,0.014106925
0.0016987958,0.119628906,2391.96,12.96,0.8907226324081421,932,2571,1.3222779,-0.010834002,329088,2892.3054258823395,2632704,0.0065015866
0.0020782088,0.14550781,2391.96,12.96,0.8018220663070679,902,2572,1.2546736,-0.009298544,329216,2893.4411392211914,2633728,0.022503942
0.0018312045,0.14746094,2383.44,12.99,0.8878257945179939,881,2573,1.2632318,-0.010930757,329344,2894.6036636829376,2634752,0.011997079
0.0025106275,0.15356445,2383.44,12.99,0.8049676269292831,901,2574,1.2716413,-0.009614138,329472,2895.7401642799377,2635776,0.018963918
0.0016717666,0.11987305,2383.44,12.99,0.8156066536903381,892,2575,1.2852591,-0.008425902,329600,2896.8887922763824,2636800,0.015791293
0.001838105,0.14697266,2383.44,12.99,0.797284871339798,901,2576,1.2763668,-0.009861492,329728,2898.0256447792053,2637824,0.018524585
0.0013813323,0.122558594,2383.44,12.99,0.8752780333161354,908,2577,1.2994277,-0.009143749,329856,2899.1535255908966,2638848,0.011962796
0.0024427709,0.1616211,2369.32,13.1,0.760654479265213,909,2578,1.2239642,-0.011079018,329984,2900.280378103256,2639872,0.032651376
0.0020537896,0.15112305,2369.32,13.1,0.7019787430763245,895,2579,1.2172426,-0.012596444,330112,2901.424815893173,2640896,0.040737577
0.002417304,0.15527344,2369.32,13.1,0.7235609292984009,912,2580,1.216443,-0.009063877,330240,2902.5479316711426,2641920,0.0423634
0.0025907834,0.15405273,2369.32,13.1,0.8687600195407867,903,2581,1.2590848,-0.011501328,330368,2903.6819553375244,2642944,0.014951147
0.0021745649,0.15478516,2361.86,13.1,0.802765354514122,903,2582,1.237962,-0.011155981,330496,2904.8166403770447,2643968,0.021641059
0.002073143,0.1628418,2361.86,13.1,0.6761575043201447,901,2583,1.2117124,-0.011614545,330624,2905.9528222084045,2644992,0.03965145
0.0029388415,0.14428711,2361.86,13.1,0.8142533302307129,972,2584,1.2942477,-0.010824675,330752,2907.006432533264,2646016,0.02304218
0.0020097098,0.12719727,2357.66,13.11,0.8019347488880157,947,2585,1.2626926,-0.009867846,330880,2908.0876936912537,2647040,0.02364418
0.0018906303,0.1574707,2357.66,13.11,0.8556565046310425,965,2586,1.2471359,-0.010605615,331008,2909.1495294570923,2648064,0.021691928
0.0018486307,0.14282227,2351.33,13.15,0.872742235660553,942,2587,1.2651275,-0.0116534745,331136,2910.237067461014,2649088,0.013182365
0.0019892259,0.1262207,2346.3,13.19,0.8251811563968658,935,2588,1.2973913,-0.009726321,331264,2911.332028388977,2650112,0.02043245
0.0016520654,0.12841797,2346.3,13.19,0.8031367659568787,895,2589,1.2912126,-0.009312161,331392,2912.4763193130493,2651136,0.024585675
0.0022762532,0.1743164,2346.3,13.19,0.793862834572792,908,2590,1.2970847,-0.008124431,331520,2913.603970527649,2652160,0.01754899
0.001994518,0.17041016,2347.46,13.13,0.7626990526914597,952,2591,1.254541,-0.0103500215,331648,2914.6798136234283,2653184,0.02678167
0.0020956923,0.16040039,2347.46,13.13,0.7997004240751266,973,2592,1.2604426,-0.011657672,331776,2915.732171535492,2654208,0.023178145
0.0017022237,0.12963867,2347.46,13.13,0.7968194782733917,956,2593,1.3038983,-0.008288918,331904,2916.8037333488464,2655232,0.022892643
0.0015813255,0.119140625,2350.53,13.07,0.6925924122333527,932,2594,1.2778713,-0.010054227,332032,2917.9030418395996,2656256,0.039029416
0.002016913,0.15527344,2350.53,13.07,0.7486678659915924,957,2595,1.2831278,-0.010535002,332160,2918.9732506275177,2657280,0.037374467
0.0015496826,0.115478516,2350.53,13.07,0.7706588953733444,973,2596,1.2678035,-0.011100484,332288,2920.0263674259186,2658304,0.034125302
0.0016791177,0.1340332,2345.23,13.08,0.7763798534870148,903,2597,1.2411691,-0.010904217,332416,2921.161530971527,2659328,0.02908336
0.0026860163,0.20458984,2345.23,13.08,0.837388277053833,947,2598,1.2728089,-0.010706297,332544,2922.2428834438324,2660352,0.024574209
0.0021931685,0.17797852,2345.23,13.08,0.8050072640180588,942,2599,1.2534093,-0.011444651,332672,2923.3296978473663,2661376,0.014622427
0.0028341506,0.20703125,2346.39,13.08,0.7979059964418411,927,2600,1.2614871,-0.012015995,332800,2924.434488296509,2662400,0.023488931
0.0015510903,0.10131836,2346.39,13.08,0.781952753663063,900,2601,1.2876407,-0.008959993,332928,2925.572471857071,2663424,0.03204663
0.0019279475,0.15405273,2346.39,13.08,0.733026385307312,909,2602,1.2860903,-0.010474503,333056,2926.6992082595825,2664448,0.029790048
0.0021713783,0.13354492,2343.77,13.1,0.8150266855955124,913,2603,1.2880536,-0.012095809,333184,2927.8213245868683,2665472,0.027902678
0.0018870989,0.17578125,2347.8,13.06,0.6353943943977356,963,2604,1.2718729,-0.0111018,333312,2928.8853199481964,2666496,0.038381428
0.002120944,0.16064453,2347.8,13.06,0.8569629192352295,930,2605,1.3107252,-0.014000378,333440,2929.987117290497,2667520,0.018801117
0.0014587527,0.12231445,2347.73,13.08,0.6491561830043793,903,2606,1.3065505,-0.0063402113,333568,2931.1212651729584,2668544,0.04841738
0.0016399238,0.10961914,2343.77,13.12,0.8186352103948593,938,2607,1.2271622,-0.011341687,333696,2932.3128995895386,2669568,0.024040755
0.0015429958,0.12548828,2343.77,13.12,0.8285773396492004,969,2608,1.3108113,-0.010766224,333824,2933.370274782181,2670592,0.021843536
0.0018176266,0.13232422,2343.77,13.12,0.8761043772101402,925,2609,1.3032261,-0.011713315,333952,2934.4770064353943,2671616,0.016412988
0.0019585057,0.17016602,2343.77,13.12,0.8165587335824966,906,2610,1.2616123,-0.0119522475,334080,2935.6069769859314,2672640,0.0257404
0.0020369324,0.15185547,2343.77,13.12,0.7627181559801102,909,2611,1.2731681,-0.012051695,334208,2936.733289718628,2673664,0.028849442
0.0023396942,0.13378906,2343.77,13.12,0.8498309403657913,920,2612,1.304404,-0.011299051,334336,2937.846704483032,2674688,0.0148501145
0.0016169082,0.1315918,2343.77,13.12,0.7969435304403305,900,2613,1.299466,-0.009530175,334464,2938.9845826625824,2675712,0.019369995
0.00153219,0.10839844,2344.87,13.09,0.8076081722974777,902,2614,1.304114,-0.010099778,334592,2940.1204245090485,2676736,0.023399344
0.0017731155,0.1262207,2344.87,13.09,0.6919089555740356,967,2615,1.3169572,-0.011127755,334720,2941.179614543915,2677760,0.03793352
0.002154417,0.14013672,2344.87,13.09,0.7795099467039108,970,2616,1.284663,-0.012006784,334848,2942.2353959083557,2678784,0.028656669
0.0026098783,0.1706543,2337.22,13.15,0.6109978258609772,942,2617,1.2683543,-0.013977142,334976,2943.322993993759,2679808,0.03866742
0.0016943824,0.111572266,2337.22,13.15,0.6733101308345795,933,2618,1.2934791,-0.009668278,335104,2944.421019077301,2680832,0.040208608
0.0024276325,0.1772461,2337.22,13.15,0.6099157333374023,883,2619,1.2684704,-0.012623224,335232,2945.580720424652,2681856,0.046755087
0.002173812,0.12060547,2339.4,13.16,0.7734829783439636,910,2620,1.2632469,-0.010210112,335360,2946.7056238651276,2682880,0.027427392
0.0018536563,0.14453125,2339.4,13.16,0.8543925434350967,933,2621,1.3339571,-0.0119496295,335488,2947.8029425144196,2683904,0.01730169
0.0019145202,0.13110352,2339.4,13.16,0.732022762298584,919,2622,1.2575772,-0.012379319,335616,2948.9177870750427,2684928,0.027506582
0.0026898964,0.15820312,2344.54,13.11,0.6695911288261414,896,2623,1.2682275,-0.010913963,335744,2950.0606696605682,2685952,0.038813952
0.0022379584,0.16381836,2347.61,13.08,0.7779943943023682,958,2624,1.3129318,-0.012183695,335872,2951.1292769908905,2686976,0.019984478
0.0021256092,0.14282227,2355.51,13.02,0.8045046925544739,958,2625,1.2846637,-0.010474892,336000,2952.197869539261,2688000,0.02432029
0.0025213482,0.15625,2361.02,12.97,0.7736985683441162,908,2626,1.2347617,-0.010948077,336128,2953.3251786231995,2689024,0.033920873
0.0017234194,0.1328125,2361.02,12.97,0.8285094797611237,909,2627,1.2600284,-0.01203936,336256,2954.451533794403,2690048,0.015827388
0.0021829703,0.12939453,2369.03,12.91,0.7159290313720703,947,2628,1.2340384,-0.0082233315,336384,2955.532517194748,2691072,0.035271924
0.0024649552,0.15893555,2369.03,12.91,0.7760909497737885,906,2629,1.2388842,-0.012066177,336512,2956.6627657413483,2692096,0.027517496
0.002764491,0.14770508,2369.03,12.91,0.8436259180307388,971,2630,1.2717398,-0.008864574,336640,2957.7171721458435,2693120,0.017762622
0.0017869738,0.115478516,2369.03,12.91,0.7810718566179276,916,2631,1.251347,-0.009819094,336768,2958.8352563381195,2694144,0.027340123
0.0021307804,0.15649414,2367.54,12.94,0.8525551557540894,899,2632,1.2389375,-0.011622639,336896,2959.9744865894318,2695168,0.01341958
0.0016770016,0.12524414,2367.54,12.94,0.8226885348558426,920,2633,1.2695943,-0.010927636,337024,2961.0880539417267,2696192,0.022767426
0.002120978,0.1550293,2358.09,13.03,0.721628874540329,948,2634,1.276823,-0.0110074915,337152,2962.1688215732574,2697216,0.028998284
0.0023640161,0.15722656,2358.09,13.03,0.8277231007814407,934,2635,1.2642895,-0.011989674,337280,2963.264965772629,2698240,0.019138059
0.00210532,0.14428711,2358.09,13.03,0.8370788246393204,929,2636,1.2938548,-0.011527101,337408,2964.3679525852203,2699264,0.022239769
0.002895038,0.14941406,2358.09,13.03,0.8010165244340897,920,2637,1.2294754,-0.011326383,337536,2965.4808156490326,2700288,0.030047312
0.001906431,0.14526367,2358.09,13.03,0.8059344589710236,911,2638,1.2492688,-0.01265872,337664,2966.6052589416504,2701312,0.027881328
0.0015870156,0.12475586,2358.09,13.03,0.7231717109680176,964,2639,1.2852728,-0.009231509,337792,2967.667528152466,2702336,0.02883927
0.0022225801,0.13647461,2360.69,13.02,0.6291460990905762,962,2640,1.3117554,-0.009217693,337920,2968.731954097748,2703360,0.030237664
0.001959798,0.16503906,2365.59,12.98,0.8500464558601379,934,2641,1.2981086,-0.009488938,338048,2969.828192949295,2704384,0.010234228
0.001875388,0.15795898,2361.08,13.03,0.8428681194782257,968,2642,1.2902623,-0.011419881,338176,2970.8861935138702,2705408,0.015943993
0.0018616209,0.13671875,2362.29,12.99,0.8012850880622864,945,2643,1.2906432,-0.010493963,338304,2971.9697077274323,2706432,0.02246702
0.0021287145,0.1315918,2362.29,12.99,0.8532236069440842,973,2644,1.301437,-0.01128527,338432,2973.022011756897,2707456,0.017732108
0.001697158,0.13916016,2362.29,12.99,0.8503310084342957,917,2645,1.3154182,-0.010946704,338560,2974.1387226581573,2708480,0.015282167
0.0017626768,0.13989258,2362.29,12.99,0.8258056491613388,916,2646,1.3148086,-0.011586084,338688,2975.256381034851,2709504,0.022151306
0.001911726,0.11791992,2362.29,12.99,0.7946344017982483,919,2647,1.2851802,-0.009982939,338816,2976.3709301948547,2710528,0.024767227
0.0020493807,0.15258789,2356.08,13.06,0.8108080327510834,936,2648,1.2913673,-0.012059719,338944,2977.4653096199036,2711552,0.021969104
0.0030515697,0.1496582,2365.58,13.0,0.8270044475793839,946,2649,1.3283719,-0.012102177,339072,2978.54735827446,2712576,0.021119135
0.0017326102,0.122802734,2365.58,13.0,0.8000301569700241,970,2650,1.2792203,-0.011115789,339200,2979.603746652603,2713600,0.026609832
0.001793945,0.119628906,2370.97,12.96,0.8357542902231216,951,2651,1.2914174,-0.010320439,339328,2980.680173397064,2714624,0.021993732
0.0020292928,0.15551758,2370.97,12.96,0.826168492436409,975,2652,1.270712,-0.012307033,339456,2981.731350183487,2715648,0.02099239
0.0021502567,0.14916992,2370.97,12.96,0.8210237175226212,900,2653,1.3187709,-0.010552024,339584,2982.8686327934265,2716672,0.02046519
0.0018630689,0.15429688,2370.97,12.96,0.8471829742193222,950,2654,1.2664536,-0.011464926,339712,2983.9469635486603,2717696,0.01669368
0.002370027,0.14282227,2364.05,13.04,0.8202434927225113,899,2655,1.2811005,-0.012064966,339840,2985.0861163139343,2718720,0.030883534
0.0021058049,0.13208008,2353.57,13.33,0.8917178139090538,920,2656,1.2830123,-0.011274395,339968,2986.1998205184937,2719744,0.013314983
0.0027697529,0.10986328,2357.13,13.36,0.6803488731384277,952,2657,1.2793392,-0.010622409,340096,2987.276049375534,2720768,0.026627189
0.00217026,0.1628418,2357.13,13.36,0.8508532792329788,980,2658,1.3024385,-0.009922773,340224,2988.3209421634674,2721792,0.021370454
0.001610134,0.12084961,2357.13,13.36,0.842608705163002,967,2659,1.2736247,-0.009571705,340352,2989.379818916321,2722816,0.023857113
0.002578698,0.21972656,2357.13,13.36,0.8255484700202942,960,2660,1.2867442,-0.012528071,340480,2990.44669175148,2723840,0.029934421
0.0018673885,0.14404297,2362.82,13.28,0.8644292950630188,886,2661,1.3344523,-0.011559474,340608,2991.6019234657288,2724864,0.017983302
0.0020082558,0.1394043,2362.82,13.28,0.8705886751413345,949,2662,1.2433368,-0.009710592,340736,2992.681310415268,2725888,0.015317809
0.0017936536,0.14672852,2362.82,13.28,0.8280593752861023,929,2663,1.3185251,-0.008802545,340864,2993.783834695816,2726912,0.009021301
0.0017804228,0.13183594,2361.08,13.31,0.7962124198675156,896,2664,1.3351161,-0.009984942,340992,2994.9273269176483,2727936,0.02131121
0.0017366098,0.13183594,2361.08,13.31,0.7627924829721451,894,2665,1.2294978,-0.0100601,341120,2996.072390794754,2728960,0.038314894
0.002434741,0.14135742,2361.08,13.31,0.8615047931671143,958,2666,1.3073225,-0.010877296,341248,2997.1415519714355,2729984,0.01196019
0.0022824272,0.14892578,2360.57,13.33,0.817680761218071,903,2667,1.2487161,-0.0112516275,341376,2998.275923013687,2731008,0.022570098
0.0014888991,0.095947266,2360.57,13.33,0.8349731713533401,933,2668,1.313081,-0.006732858,341504,2999.373473882675,2732032,0.017923634
0.0016275381,0.12060547,2361.99,13.35,0.8482561707496643,898,2669,1.2385987,-0.009400322,341632,3000.5143337249756,2733056,0.017634856
0.0017998461,0.1472168,2352.58,13.42,0.7371952533721924,894,2670,1.3366654,-0.010159722,341760,3001.65936088562,2734080,0.027134161
0.0020593454,0.13476562,2344.87,13.48,0.8432932943105698,908,2671,1.2805678,-0.011333543,341888,3002.7868044376373,2735104,0.018831952
0.0024413147,0.16821289,2344.87,13.48,0.8362861424684525,961,2672,1.2535006,-0.011516585,342016,3003.853040456772,2736128,0.026220119
0.0016903757,0.13012695,2338.04,13.55,0.7739913612604141,916,2673,1.2822807,-0.009024223,342144,3004.9710309505463,2737152,0.024900768
0.0018269899,0.1484375,2338.04,13.55,0.8142220377922058,951,2674,1.2596112,-0.010265447,342272,3006.0485656261444,2738176,0.031012224
0.002499476,0.12988281,2338.04,13.55,0.8066763430833817,972,2675,1.2354739,-0.008964192,342400,3007.102649450302,2739200,0.029986115
0.0017695976,0.1394043,2338.04,13.55,0.7869345545768738,927,2676,1.2913084,-0.010343877,342528,3008.2077066898346,2740224,0.028524283
0.0017672132,0.12451172,2338.04,13.55,0.780282661318779,902,2677,1.239216,-0.009160244,342656,3009.3440973758698,2741248,0.029310893
0.00158144,0.17407227,2338.04,13.55,0.7394621074199677,905,2678,1.3333476,-0.008020739,342784,3010.475334882736,2742272,0.01594046
0.0020747127,0.15576172,2338.04,13.55,0.8970520198345184,901,2679,1.3335619,-0.009895788,342912,3011.6122007369995,2743296,0.010898416
0.002295929,0.18676758,2339.05,13.53,0.7819612324237823,967,2680,1.2655561,-0.009246163,343040,3012.6718883514404,2744320,0.026679162
0.0022751496,0.12939453,2339.05,13.53,0.7788658887147903,971,2681,1.255955,-0.007900816,343168,3013.7268357276917,2745344,0.03364886
0.0019455223,0.118896484,2322.14,13.72,0.8773557767271996,961,2682,1.2612579,-0.010070685,343296,3014.7923126220703,2746368,0.015447131
0.0019111246,0.13989258,2316.24,13.76,0.837771087884903,961,2683,1.2898992,-0.012125736,343424,3015.857837200165,2747392,0.014285646
0.0012292569,0.100097656,2316.24,13.76,0.8258735239505768,982,2684,1.2923753,-0.008128503,343552,3016.9010875225067,2748416,0.0170984
0.0021114836,0.14404297,2316.24,13.76,0.7844727635383606,953,2685,1.3053167,-0.011492361,343680,3017.9758281707764,2749440,0.029734954
0.0021061946,0.1430664,2316.24,13.76,0.6956428587436676,907,2686,1.2857232,-0.0097729275,343808,3019.104944229126,2750464,0.031513322
0.0018690757,0.12841797,2315.13,13.76,0.8091198354959488,895,2687,1.2453214,-0.009587879,343936,3020.2487099170685,2751488,0.021733375
0.0015396022,0.12817383,2315.13,13.76,0.7641572952270508,911,2688,1.2485342,-0.009411722,344064,3021.3730940818787,2752512,0.034444768
0.002072963,0.15820312,2315.13,13.76,0.6183892488479614,906,2689,1.2832519,-0.008941086,344192,3022.504072904587,2753536,0.027593175
0.0018652726,0.16381836,2328.24,13.62,0.7530961781740189,886,2690,1.2852843,-0.010862061,344320,3023.6605863571167,2754560,0.01813002
0.0026125577,0.14233398,2327.24,13.64,0.8158750236034393,881,2691,1.2226295,-0.009380551,344448,3024.822754383087,2755584,0.02177162
0.0015163368,0.13916016,2327.24,13.64,0.6956053078174591,966,2692,1.2377071,-0.008782269,344576,3025.882498025894,2756608,0.029881444
0.0016551045,0.16015625,2327.24,13.64,0.8106283694505692,955,2693,1.2990549,-0.008213649,344704,3026.9550590515137,2757632,0.01782904
0.0016534961,0.1262207,2327.24,13.64,0.7283179759979248,916,2694,1.2465371,-0.008325955,344832,3028.072902202606,2758656,0.03085866
0.0025054736,0.15356445,2323.53,13.68,0.7400109767913818,932,2695,1.2781048,-0.009626596,344960,3029.1715438365936,2759680,0.032070883
0.0019258414,0.14453125,2323.53,13.68,0.6874487698078156,968,2696,1.1847761,-0.008687329,345088,3030.22962808609,2760704,0.033229113
0.0021785642,0.1586914,2323.53,13.68,0.8049222081899643,972,2697,1.2632072,-0.01091897,345216,3031.2834906578064,2761728,0.0238421
0.0025596104,0.15576172,2323.53,13.68,0.7297961711883545,975,2698,1.2754126,-0.008699035,345344,3032.3342201709747,2762752,0.038363792
0.0016333614,0.1418457,2316.86,13.75,0.8760891184210777,943,2699,1.2416818,-0.010165703,345472,3033.4205493927,2763776,0.014168829
0.0028781774,0.14770508,2316.86,13.75,0.7325316071510315,934,2700,1.25487,-0.007975127,345600,3034.5166687965393,2764800,0.03723757
0.001917837,0.17700195,2318.05,13.74,0.7937819361686707,957,2701,1.3079801,-0.010654928,345728,3035.587291955948,2765824,0.031359892
0.0017312763,0.12524414,2318.05,13.74,0.770252987742424,964,2702,1.2555867,-0.009348798,345856,3036.6500017642975,2766848,0.029790582
0.0016110382,0.13696289,2310.42,13.81,0.7767477035522461,913,2703,1.2807264,-0.01054183,345984,3037.771867990494,2767872,0.039666697
0.002029867,0.1652832,2317.75,13.72,0.8276940882205963,921,2704,1.2946244,-0.011533998,346112,3038.883430957794,2768896,0.025922315
0.002037245,0.13110352,2320.1,13.68,0.730279266834259,911,2705,1.2161628,-0.011209491,346240,3040.0071074962616,2769920,0.039821733
0.0017959692,0.12573242,2320.1,13.68,0.6995274126529694,966,2706,1.339135,-0.0074063,346368,3041.0667910575867,2770944,0.037114263
0.002249383,0.14233398,2320.1,13.68,0.7862802594900131,907,2707,1.2707404,-0.01091112,346496,3042.196348428726,2771968,0.03129252
0.0013616023,0.125,2320.1,13.68,0.8021294176578522,915,2708,1.2560722,-0.009778228,346624,3043.315127849579,2772992,0.028051056
0.0021363548,0.18164062,2320.1,13.68,0.7749301046133041,911,2709,1.3225101,-0.010197234,346752,3044.4391334056854,2774016,0.02730033
0.0022490865,0.16821289,2317.3,13.65,0.8493741154670715,907,2710,1.2262261,-0.011188697,346880,3045.568546295166,2775040,0.019571578
0.0034296312,0.15844727,2314.58,13.66,0.7667196989059448,905,2711,1.2340158,-0.010040632,347008,3046.699801683426,2776064,0.029630192
0.0018734189,0.12939453,2314.58,13.66,0.7460401356220245,970,2712,1.2674224,-0.008994576,347136,3047.7559008598328,2777088,0.025581408
0.0017816151,0.17211914,2314.58,13.66,0.7727268487215042,967,2713,1.3076625,-0.009108485,347264,3048.814631462097,2778112,0.018169219
0.0021917408,0.1640625,2314.58,13.66,0.7551528215408325,978,2714,1.3087785,-0.010970533,347392,3049.8618924617767,2779136,0.02200053
0.0017724416,0.10644531,2315.18,13.65,0.8146297782659531,966,2715,1.2823099,-0.008087354,347520,3050.922126054764,2780160,0.026968304
0.0019035428,0.1237793,2328.94,13.41,0.8046770989894867,961,2716,1.2921828,-0.0111041125,347648,3051.987580537796,2781184,0.026435688
0.0018673949,0.1652832,2328.94,13.41,0.843507930636406,935,2717,1.3028598,-0.010318458,347776,3053.08256816864,2782208,0.015274066
0.00210402,0.19067383,2328.33,13.41,0.806630864739418,881,2718,1.3231322,-0.010490319,347904,3054.2448093891144,2783232,0.021087348
0.0018412136,0.13354492,2328.33,13.41,0.730890154838562,965,2719,1.2623807,-0.010819592,348032,3055.3066594600677,2784256,0.029759847
0.001696241,0.13793945,2328.33,13.41,0.7624920308589935,964,2720,1.2384151,-0.009469667,348160,3056.3686122894287,2785280,0.030683283
0.0017409449,0.15527344,2328.33,13.41,0.6716756224632263,927,2721,1.2975893,-0.009833984,348288,3057.473340034485,2786304,0.038257934
0.0018215941,0.11401367,2330.05,13.41,0.7096015810966492,906,2722,1.2530309,-0.011124761,348416,3058.603373527527,2787328,0.02916575
0.0019036155,0.12695312,2330.05,13.41,0.7070268392562866,957,2723,1.256539,-0.012429636,348544,3059.673194169998,2788352,0.043339238
0.0019882694,0.1586914,2344.75,13.21,0.6842660903930664,917,2724,1.2785277,-0.012356732,348672,3060.790492773056,2789376,0.040778186
0.0015874036,0.119140625,2344.75,13.21,0.7595618367195129,942,2725,1.3126014,-0.009482895,348800,3061.8785893917084,2790400,0.026588015
0.002316235,0.17285156,2348.69,13.17,0.7431434094905853,898,2726,1.2249875,-0.011718981,348928,3063.0184864997864,2791424,0.035317108
0.0021778462,0.16577148,2348.69,13.17,0.8126605749130249,921,2727,1.3283223,-0.0117181875,349056,3064.130965948105,2792448,0.016523814
0.0017276017,0.14575195,2348.69,13.17,0.8890423998236656,958,2728,1.2760794,-0.009450922,349184,3065.1995017528534,2793472,0.009104431
0.0019593874,0.1550293,2348.69,13.17,0.7085564732551575,912,2729,1.3052962,-0.009474349,349312,3066.322449207306,2794496,0.027815433
0.002860811,0.19750977,2346.32,13.38,0.8870106488466263,929,2730,1.267273,-0.011109703,349440,3067.4252541065216,2795520,0.013834729
0.0021568583,0.15625,2346.32,13.38,0.7258443832397461,899,2731,1.2988346,-0.00959776,349568,3068.5644385814667,2796544,0.027113952
0.0019024641,0.15283203,2346.32,13.38,0.8243794292211533,903,2732,1.3273323,-0.009145611,349696,3069.698050737381,2797568,0.020903591
0.0017242093,0.15551758,2341.7,13.43,0.8493475764989853,899,2733,1.2609771,-0.009857042,349824,3070.8378138542175,2798592,0.023790423
0.0020686009,0.15698242,2341.7,13.43,0.8170480281114578,979,2734,1.3031293,-0.010522047,349952,3071.884346485138,2799616,0.026192605
0.0020290795,0.12890625,2350.57,13.41,0.6426825225353241,893,2735,1.2361329,-0.010936942,350080,3073.0309460163116,2800640,0.057895735
0.0020326052,0.1574707,2348.64,13.41,0.7721215486526489,908,2736,1.2864015,-0.011462594,350208,3074.1592559814453,2801664,0.0323065
0.0016874841,0.13745117,2348.64,13.41,0.7837441265583038,897,2737,1.277369,-0.010095172,350336,3075.301407814026,2802688,0.03248515
0.0021067767,0.15356445,2348.64,13.41,0.8441697806119919,927,2738,1.2436548,-0.010014764,350464,3076.406498670578,2803712,0.026546262
0.001997657,0.14160156,2348.64,13.41,0.8866894841194153,957,2739,1.267094,-0.011703134,350592,3077.476660966873,2804736,0.017547797
0.0017807251,0.15234375,2346.98,13.4,0.7749688625335693,957,2740,1.2484181,-0.010767188,350720,3078.54647231102,2805760,0.032912333
0.0024255984,0.13012695,2350.88,13.32,0.7182303071022034,885,2741,1.2757194,-0.010940749,350848,3079.7030642032623,2806784,0.03243624
0.0024511635,0.14794922,2350.88,13.32,0.6727646291255951,912,2742,1.2064098,-0.0094572455,350976,3080.825647830963,2807808,0.04280547
0.002202758,0.17236328,2350.88,13.32,0.8063040375709534,901,2743,1.2774386,-0.0118413195,351104,3081.9625635147095,2808832,0.02523194
0.0017471269,0.14770508,2347.95,13.36,0.8363109976053238,931,2744,1.2445042,-0.010082051,351232,3083.063102722168,2809856,0.026002
0.0021193407,0.1652832,2347.95,13.36,0.7573058307170868,976,2745,1.28617,-0.012150588,351360,3084.112401485443,2810880,0.033229962
0.0019439446,0.13793945,2347.95,13.36,0.7322733402252197,975,2746,1.2526903,-0.009652147,351488,3085.1627852916718,2811904,0.046502434
0.0016435904,0.13867188,2347.95,13.36,0.7330940365791321,963,2747,1.2682317,-0.010557456,351616,3086.225869178772,2812928,0.031630374
0.0019086194,0.15014648,2347.95,13.36,0.7701645046472549,969,2748,1.2732939,-0.00974257,351744,3087.283388376236,2813952,0.03403887
0.002021287,0.13012695,2347.95,13.36,0.798531100153923,965,2749,1.2843169,-0.009763969,351872,3088.344852209091,2814976,0.027094254
0.0025054778,0.1340332,2361.07,13.21,0.720479816198349,960,2750,1.2687867,-0.008384349,352000,3089.412167787552,2816000,0.032799542
0.0017501425,0.11791992,2361.07,13.21,0.7755129933357239,960,2751,1.2890368,-0.009403201,352128,3090.4788377285004,2817024,0.03829839
0.0019425587,0.12475586,2361.07,13.21,0.7304053008556366,981,2752,1.2789832,-0.0102138445,352256,3091.5233838558197,2818048,0.035121363
0.0020247647,0.12866211,2365.02,13.15,0.7278605401515961,920,2753,1.2958864,-0.010035708,352384,3092.6372017860413,2819072,0.032251704
0.0016755272,0.12060547,2364.47,13.2,0.7783875912427902,937,2754,1.2450559,-0.009090649,352512,3093.730250597,2820096,0.026521852
0.001691058,0.13989258,2364.47,13.2,0.7655495405197144,901,2755,1.2857125,-0.011291929,352640,3094.866264104843,2821120,0.031701446
0.0017435552,0.12158203,2367.79,13.14,0.7704745680093765,976,2756,1.3122375,-0.009278517,352768,3095.915282011032,2822144,0.031148236
0.002009861,0.16674805,2367.79,13.14,0.780113086104393,971,2757,1.2856743,-0.010738782,352896,3096.9701375961304,2823168,0.024324521
0.0016468299,0.13232422,2376.6,13.04,0.7672573924064636,970,2758,1.3396872,-0.010965714,353024,3098.025993824005,2824192,0.020393522
0.0016294222,0.103271484,2376.6,13.04,0.7765612304210663,911,2759,1.2839369,-0.010159179,353152,3099.1507205963135,2825216,0.023800557
0.0020506498,0.15014648,2376.6,13.04,0.8451133221387863,966,2760,1.2849456,-0.009824967,353280,3100.21058177948,2826240,0.016204126
0.0021534406,0.13793945,2379.17,13.01,0.8803395181894302,953,2761,1.3250571,-0.0105535565,353408,3101.285110473633,2827264,0.008750818
0.0035030702,0.1899414,2380.18,12.97,0.9189517721533775,953,2762,1.228409,-0.011683499,353536,3102.3596861362457,2828288,0.00970604
0.0017823903,0.12524414,2380.18,12.97,0.7478314340114594,979,2763,1.2753484,-0.011344247,353664,3103.4053606987,2829312,0.030451138
0.0015032552,0.12670898,2380.18,12.97,0.8348272740840912,983,2764,1.2643431,-0.011450906,353792,3104.4473083019257,2830336,0.023715287
0.0019456471,0.12158203,2380.18,12.97,0.767373114824295,962,2765,1.2715656,-0.010997847,353920,3105.5122451782227,2831360,0.028900607
0.0019070527,0.15600586,2380.18,12.97,0.751642182469368,958,2766,1.338972,-0.011006661,354048,3106.5811648368835,2832384,0.022274017
0.0024488852,0.14868164,2374.69,13.08,0.7837717980146408,943,2767,1.2576388,-0.009392455,354176,3107.6667778491974,2833408,0.024449663
0.0020598348,0.13867188,2374.69,13.08,0.7825012356042862,966,2768,1.2726935,-0.010684967,354304,3108.726772069931,2834432,0.030181281
0.0018691957,0.13745117,2374.79,13.06,0.7822752892971039,945,2769,1.30255,-0.01064677,354432,3109.8101375102997,2835456,0.026318366
0.0016104234,0.13574219,2374.79,13.06,0.8177076131105423,973,2770,1.3063362,-0.009860831,354560,3110.8627276420593,2836480,0.02246207
0.0014638355,0.10668945,2374.79,13.06,0.8707361221313477,958,2771,1.3638496,-0.011246749,354688,3111.9318380355835,2837504,0.013906089
0.0020183956,0.14941406,2374.79,13.06,0.78529854118824,919,2772,1.3221871,-0.012625363,354816,3113.046139717102,2838528,0.036001977
0.0017333314,0.13623047,2374.79,13.06,0.8497358858585358,896,2773,1.3110652,-0.0118557215,354944,3114.1885232925415,2839552,0.019036362
0.0023927607,0.18896484,2381.9,13.0,0.7674319744110107,904,2774,1.3491412,-0.012763197,355072,3115.322436571121,2840576,0.028626736
0.0017797868,0.114990234,2381.9,13.0,0.5805496573448181,916,2775,1.2972832,-0.0106234085,355200,3116.4405941963196,2841600,0.048791245
0.0020008232,0.13256836,2381.9,13.0,0.661086916923523,908,2776,1.2945976,-0.010942968,355328,3117.5684518814087,2842624,0.05114936
0.0021603638,0.13720703,2381.9,13.0,0.7276675999164581,958,2777,1.3394492,-0.011173183,355456,3118.6377925872803,2843648,0.03200375
0.0017375548,0.14672852,2385.06,12.99,0.6775845885276794,955,2778,1.3119577,-0.011677351,355584,3119.7107269763947,2844672,0.029711077
0.0023129883,0.17675781,2392.29,12.98,0.7635664939880371,907,2779,1.3173043,-0.01372771,355712,3120.8407559394836,2845696,0.024700837
0.0022516244,0.17700195,2392.29,12.98,0.8475461155176163,911,2780,1.2876174,-0.012352741,355840,3121.9645857810974,2846720,0.019282073
0.0019542794,0.16699219,2392.29,12.98,0.7626917064189911,894,2781,1.3139486,-0.010368925,355968,3123.110026359558,2847744,0.0277674
0.00185875,0.15551758,2392.29,12.98,0.739826500415802,944,2782,1.3583462,-0.010574324,356096,3124.1954069137573,2848768,0.024916464
0.002190466,0.16088867,2392.29,12.98,0.7110925316810608,903,2783,1.3629943,-0.013188383,356224,3125.32976269722,2849792,0.034259748
0.0017082682,0.14916992,2392.29,12.98,0.8321998417377472,974,2784,1.3611909,-0.012894802,356352,3126.381435394287,2850816,0.019329892
0.0017990551,0.13500977,2398.01,12.94,0.7647915333509445,966,2785,1.297687,-0.01048708,356480,3127.4420416355133,2851840,0.027191127
0.0019139252,0.13916016,2407.16,12.9,0.5726262331008911,968,2786,1.29322,-0.010706259,356608,3128.500160217285,2852864,0.040463425
0.0018703743,0.15283203,2407.16,12.9,0.6859082579612732,968,2787,1.2987565,-0.011318936,356736,3129.5584433078766,2853888,0.0399473
0.001978062,0.15209961,2407.16,12.9,0.749904453754425,949,2788,1.3474137,-0.013459078,356864,3130.63707447052,2854912,0.028985858
0.0023187518,0.1430664,2413.59,12.86,0.7446649372577667,885,2789,1.3571079,-0.011181348,356992,3131.7951278686523,2855936,0.031063884
0.0022716147,0.15185547,2413.59,12.86,0.7876588702201843,921,2790,1.2949924,-0.0098394,357120,3132.906810283661,2856960,0.030618006
0.0015304787,0.13110352,2413.59,12.86,0.750216007232666,934,2791,1.3609672,-0.011127666,357248,3134.0028755664825,2857984,0.028699059
0.0016455888,0.12890625,2413.59,12.86,0.6594259440898895,976,2792,1.3579675,-0.009541832,357376,3135.0521216392517,2859008,0.036649305
0.00193716,0.15234375,2413.59,12.86,0.7136753797531128,967,2793,1.3534468,-0.009004813,357504,3136.1110553741455,2860032,0.029177528
0.0019866768,0.14208984,2413.59,12.86,0.6540693044662476,968,2794,1.3182188,-0.012016709,357632,3137.1690871715546,2861056,0.028758036
0.001452669,0.13061523,2413.77,12.86,0.6916030049324036,960,2795,1.357833,-0.009679851,357760,3138.2357795238495,2862080,0.039058734
0.001304023,0.125,2413.77,12.86,0.7546386271715164,973,2796,1.3157655,-0.011164843,357888,3139.288792848587,2863104,0.025439678
0.0018132783,0.118652344,2413.77,12.86,0.8171139657497406,965,2797,1.3308702,-0.012193768,358016,3140.350520849228,2864128,0.019365495
0.001513452,0.122558594,2413.77,12.86,0.7742919623851776,970,2798,1.3356439,-0.009889177,358144,3141.4068863391876,2865152,0.025596451
0.0019564729,0.13696289,2410.48,12.85,0.7809552252292633,920,2799,1.3466246,-0.011607297,358272,3142.5195128917694,2866176,0.030437786
0.0015199706,0.12060547,2419.3,12.76,0.7006724774837494,916,2800,1.3514404,-0.009571915,358400,3143.637875556946,2867200,0.032981202
0.0016812098,0.1159668,2419.3,12.76,0.8344770520925522,903,2801,1.3501048,-0.011664323,358528,3144.772068977356,2868224,0.01738828
0.0014538325,0.11254883,2428.77,12.7,0.7617361694574356,957,2802,1.2850641,-0.009937329,358656,3145.8422062397003,2869248,0.02922923
0.0016744125,0.14648438,2428.77,12.7,0.7171421349048615,969,2803,1.3591076,-0.010694313,358784,3146.8995542526245,2870272,0.041417982
0.0019291816,0.14428711,2428.77,12.7,0.8300021141767502,982,2804,1.3472587,-0.0111870365,358912,3147.9426176548004,2871296,0.024621151
0.0016061951,0.14477539,2426.81,12.73,0.7393715679645538,952,2805,1.2967612,-0.010628899,359040,3149.018343448639,2872320,0.044387374
0.0016836533,0.1394043,2426.81,12.73,0.8125979751348495,976,2806,1.3227679,-0.011515976,359168,3150.0673427581787,2873344,0.024053501
0.0017952783,0.15405273,2426.81,12.73,0.670354425907135,966,2807,1.3123341,-0.0107035255,359296,3151.1276202201843,2874368,0.04276676
0.0014285969,0.11206055,2426.81,12.73,0.7607057839632034,962,2808,1.3544036,-0.0096409395,359424,3152.192260980606,2875392,0.03210841
0.0020058928,0.12597656,2432.38,12.67,0.7362963855266571,954,2809,1.3579134,-0.011251458,359552,3153.2659873962402,2876416,0.031952642
0.0017340694,0.15771484,2432.38,12.67,0.718652606010437,968,2810,1.350642,-0.012882864,359680,3154.3239080905914,2877440,0.033155758
0.0019609546,0.14916992,2429.94,12.72,0.7945509850978851,947,2811,1.2837824,-0.0105701685,359808,3155.4057941436768,2878464,0.034080993
0.0017680753,0.16210938,2438.42,12.64,0.7023807168006897,948,2812,1.3551717,-0.008240703,359936,3156.486189842224,2879488,0.03092155
0.0021045774,0.15698242,2444.91,12.46,0.7796891778707504,953,2813,1.3224444,-0.010324001,360064,3157.560421705246,2880512,0.02573415
0.0016483424,0.17504883,2444.91,12.46,0.8753618597984314,930,2814,1.3608031,-0.011542589,360192,3158.661689043045,2881536,0.015430823
0.0018556075,0.123046875,2444.91,12.46,0.7688695937395096,961,2815,1.2859228,-0.011414502,360320,3159.727595090866,2882560,0.029634004
0.0022494725,0.13769531,2444.91,12.46,0.6763093173503876,966,2816,1.2960511,-0.010017005,360448,3160.7872726917267,2883584,0.03817134
0.002039708,0.1538086,2444.91,12.46,0.7768308073282242,967,2817,1.3322493,-0.010850573,360576,3161.846317768097,2884608,0.032627895
0.0015193126,0.11767578,2444.91,12.46,0.8652568161487579,964,2818,1.3036938,-0.01197036,360704,3162.908575773239,2885632,0.017445723
0.001622601,0.14990234,2444.91,12.46,0.8659207820892334,965,2819,1.3655318,-0.01132741,360832,3163.970480442047,2886656,0.015648894
0.0015811883,0.12792969,2451.06,12.41,0.5757240653038025,942,2820,1.2665504,-0.011896921,360960,3165.0580172538757,2887680,0.05117378
0.00223107,0.14648438,2453.67,12.38,0.7836682498455048,950,2821,1.2832034,-0.012962552,361088,3166.136318922043,2888704,0.03322367
0.0022929881,0.1586914,2453.67,12.38,0.7413059771060944,955,2822,1.3284276,-0.012801289,361216,3167.2088935375214,2889728,0.0337813
0.0015264989,0.123046875,2453.67,12.38,0.6685235500335693,946,2823,1.358097,-0.010713903,361344,3168.291095972061,2890752,0.037151378
0.0018151108,0.15551758,2459.37,12.31,0.7362664937973022,955,2824,1.2640691,-0.011418364,361472,3169.3645668029785,2891776,0.028528325
0.0019817872,0.1616211,2459.37,12.31,0.8494583666324615,968,2825,1.3158004,-0.009748421,361600,3170.422268629074,2892800,0.015625516
0.0019220607,0.15112305,2459.37,12.31,0.7331605851650238,964,2826,1.337337,-0.009765984,361728,3171.4850709438324,2893824,0.021389717
0.0020995007,0.16308594,2459.37,12.31,0.8624395281076431,919,2827,1.2911044,-0.012226518,361856,3172.5997927188873,2894848,0.011313763
0.0020012658,0.13647461,2458.61,12.33,0.8137421905994415,902,2828,1.319088,-0.01004468,361984,3173.734573841095,2895872,0.021991897
0.0026831958,0.1899414,2458.61,12.33,0.6636788249015808,974,2829,1.2960767,-0.012586828,362112,3174.786976337433,2896896,0.035398107
0.0019452728,0.140625,2461.4,12.3,0.8009558171033859,965,2830,1.3356572,-0.011441477,362240,3175.848174571991,2897920,0.018696677
0.002268645,0.15429688,2458.51,12.35,0.6981947124004364,939,2831,1.2688183,-0.011407755,362368,3176.9385797977448,2898944,0.032062635
0.0022861548,0.1538086,2458.51,12.35,0.7055875062942505,943,2832,1.2899103,-0.011725861,362496,3178.0246348381042,2899968,0.03697033
0.0017574052,0.1352539,2459.22,12.39,0.8224412500858307,891,2833,1.3331442,-0.01232884,362624,3179.173530817032,2900992,0.018445736
0.0019070462,0.15063477,2459.22,12.39,0.7529629170894623,960,2834,1.3774252,-0.011771857,362752,3180.24050116539,2902016,0.027264293
0.0026082494,0.23876953,2459.22,12.39,0.7913902699947357,934,2835,1.3309664,-0.009160049,362880,3181.337468147278,2903040,0.024096966
0.0015982081,0.13696289,2453.63,12.45,0.8421013802289963,900,2836,1.3670635,-0.010772566,363008,3182.475665807724,2904064,0.0112214675
0.0016184375,0.1352539,2453.24,12.46,0.8056962937116623,888,2837,1.2632072,-0.009347094,363136,3183.6291782855988,2905088,0.02773281
0.0021130273,0.15063477,2453.24,12.46,0.7718666940927505,911,2838,1.3308569,-0.0116816815,363264,3184.753268480301,2906112,0.026711673
0.0023945733,0.16772461,2453.24,12.46,0.7010721564292908,900,2839,1.3268015,-0.010270897,363392,3185.8912308216095,2907136,0.03955637
0.0024584702,0.15454102,2453.24,12.46,0.7656772136688232,935,2840,1.2750939,-0.009942048,363520,3186.986294031143,2908160,0.035610154
0.0017174361,0.1418457,2457.7,12.37,0.7187652885913849,905,2841,1.3469021,-0.010536755,363648,3188.117570877075,2909184,0.037610285
0.001732728,0.13012695,2461.05,12.38,0.8347189873456955,941,2842,1.2785742,-0.010225258,363776,3189.206065416336,2910208,0.020264825
0.0018074054,0.15649414,2461.05,12.38,0.8098665326833725,964,2843,1.3343875,-0.011093397,363904,3190.2682995796204,2911232,0.025266567
0.002596199,0.19604492,2461.05,12.38,0.7888666838407516,962,2844,1.3695757,-0.011916101,364032,3191.3329372406006,2912256,0.018028598
0.0021608407,0.14111328,2461.05,12.38,0.793149471282959,950,2845,1.2729803,-0.011884944,364160,3192.411099910736,2913280,0.030043432
0.0017378199,0.14233398,2461.05,12.38,0.7831950485706329,963,2846,1.320831,-0.010743015,364288,3193.4748315811157,2914304,0.03064719
0.0019307468,0.1508789,2461.05,12.38,0.599847674369812,956,2847,1.2487555,-0.013123839,364416,3194.546131372452,2915328,0.039950892
0.0017913296,0.13378906,2461.05,12.38,0.644708514213562,963,2848,1.2693473,-0.009939938,364544,3195.609159231186,2916352,0.053410713
0.0012828023,0.123291016,2456.95,12.42,0.8096743077039719,900,2849,1.3644829,-0.0100985095,364672,3196.747912168503,2917376,0.023568612
0.0021393239,0.14501953,2459.9,12.4,0.8173725605010986,964,2850,1.3298091,-0.011881459,364800,3197.8105676174164,2918400,0.02101381
0.0017312645,0.13916016,2465.7,12.34,0.7297095954418182,953,2851,1.3548787,-0.008878304,364928,3198.8857016563416,2919424,0.033954285
0.0025907236,0.18408203,2465.7,12.34,0.7439764440059662,973,2852,1.3148508,-0.010657648,365056,3199.937903404236,2920448,0.032615878
0.0017665715,0.12036133,2465.7,12.34,0.7450566589832306,923,2853,1.3862298,-0.009507887,365184,3201.047993659973,2921472,0.02485787
0.0013986764,0.12548828,2472.37,12.33,0.7985614389181137,944,2854,1.3549294,-0.010270487,365312,3202.133500814438,2922496,0.028673664
0.0018502378,0.114990234,2472.37,12.33,0.7700670957565308,903,2855,1.3348786,-0.010745467,365440,3203.2681307792664,2923520,0.030829307
0.0018786956,0.12841797,2470.23,12.35,0.8471276611089706,894,2856,1.3471733,-0.010087421,365568,3204.4135031700134,2924544,0.023261325
0.0017011334,0.15625,2470.23,12.35,0.833591878414154,905,2857,1.3356282,-0.01038168,365696,3205.5451588630676,2925568,0.025796607
0.0021406861,0.18847656,2470.23,12.35,0.8640559017658234,909,2858,1.3460832,-0.012325914,365824,3206.6723935604095,2926592,0.024046058
0.0015616206,0.1430664,2468.05,12.35,0.8063313663005829,900,2859,1.3202374,-0.010664253,365952,3207.810314178467,2927616,0.018879093
0.0019286154,0.12792969,2468.92,12.32,0.884962908923626,893,2860,1.3142155,-0.010660126,366080,3208.9568819999695,2928640,0.016290616
0.0019420094,0.1418457,2468.92,12.32,0.888183020055294,907,2861,1.3452281,-0.014337864,366208,3210.086212873459,2929664,0.014766883
0.002828001,0.15771484,2469.4,12.07,0.8183621317148209,899,2862,1.2926623,-0.011440949,366336,3211.225254058838,2930688,0.030201336
0.0016401135,0.14379883,2469.4,12.07,0.7706232517957687,959,2863,1.3425958,-0.011852849,366464,3212.293995141983,2931712,0.03722155
0.0018312819,0.13256836,2469.4,12.07,0.7735158205032349,972,2864,1.2729616,-0.011297514,366592,3213.3482089042664,2932736,0.032244474
0.0023716986,0.1809082,2469.4,12.07,0.7421626150608063,958,2865,1.3784446,-0.010451797,366720,3214.4174950122833,2933760,0.032119088
0.0022614093,0.17236328,2462.2,12.12,0.8507088869810104,914,2866,1.2895473,-0.012119539,366848,3215.538486480713,2934784,0.019340008
0.002032488,0.17773438,2462.2,12.12,0.6913039088249207,911,2867,1.3041096,-0.01090448,366976,3216.662063598633,2935808,0.029170642
0.002097454,0.13745117,2458.16,12.18,0.8564533442258835,975,2868,1.311208,-0.010605325,367104,3217.7276639938354,2936832,0.01902928
0.0016997522,0.1538086,2458.16,12.18,0.8440527468919754,963,2869,1.304844,-0.011929577,367232,3218.791295528412,2937856,0.020938216
0.0028798124,0.20654297,2455.03,12.22,0.8315212279558182,964,2870,1.3050807,-0.013251619,367360,3219.8533506393433,2938880,0.024282262
0.0024659971,0.14282227,2454.14,12.24,0.6434190273284912,953,2871,1.215282,-0.012004679,367488,3220.92809176445,2939904,0.047133613
0.001573855,0.13549805,2454.14,12.24,0.770431250333786,971,2872,1.254266,-0.010546007,367616,3221.9834744930267,2940928,0.04095472
0.0018214474,0.15722656,2454.14,12.24,0.7983108013868332,943,2873,1.3623902,-0.012086136,367744,3223.0700554847717,2941952,0.031354565
0.0019892384,0.12548828,2459.59,12.17,0.7692055255174637,898,2874,1.2401152,-0.011207299,367872,3224.210294485092,2942976,0.031887986
0.0017743444,0.16210938,2459.59,12.17,0.780010923743248,913,2875,1.3494741,-0.011124915,368000,3225.331741809845,2944000,0.02018882
0.0015397565,0.16552734,2459.59,12.17,0.8291679620742798,946,2876,1.3601536,-0.010582089,368128,3226.4146749973297,2945024,0.012456939
0.0019233356,0.17236328,2459.59,12.17,0.8573919236660004,935,2877,1.3250176,-0.011550113,368256,3227.5102260112762,2946048,0.01473236
0.0017207303,0.13647461,2459.59,12.17,0.8001270890235901,939,2878,1.3875109,-0.010121166,368384,3228.601466655731,2947072,0.018908063
0.0014890841,0.14331055,2459.59,12.17,0.8386655300855637,919,2879,1.2918044,-0.0122194905,368512,3229.716336965561,2948096,0.026184987
0.001840229,0.1418457,2463.62,12.13,0.8652094453573227,895,2880,1.3439292,-0.012708347,368640,3230.8607156276703,2949120,0.019377675
0.0019021202,0.15795898,2463.62,12.13,0.7341638505458832,951,2881,1.343182,-0.010260491,368768,3231.9376051425934,2950144,0.03796481
0.0021897142,0.16845703,2463.62,12.13,0.6869324147701263,901,2882,1.3702034,-0.011145713,368896,3233.0743973255157,2951168,0.030193428
0.0025148198,0.17456055,2453.8,12.23,0.7731770575046539,888,2883,1.3323388,-0.009187494,369024,3234.2271540164948,2952192,0.022849042
0.0018316604,0.14501953,2464.43,12.15,0.8253484070301056,911,2884,1.3326447,-0.01111432,369152,3235.3519558906555,2953216,0.023547005
0.0020825977,0.17993164,2462.48,12.18,0.8043290823698044,893,2885,1.3155566,-0.011462723,369280,3236.498742580414,2954240,0.024662636
0.0014074025,0.12963867,2462.48,12.18,0.7175290286540985,967,2886,1.3418049,-0.009553455,369408,3237.5580065250397,2955264,0.033586767
0.0015056648,0.13696289,2469.68,12.1,0.74772047996521,935,2887,1.3223829,-0.011255594,369536,3238.652830839157,2956288,0.03335368
0.0016741821,0.13500977,2459.9,12.16,0.826322928071022,955,2888,1.3463885,-0.011357523,369664,3239.725332736969,2957312,0.024478324
0.0025091523,0.12866211,2461.52,12.14,0.7503727227449417,912,2889,1.2737298,-0.01067506,369792,3240.848389863968,2958336,0.021777375
0.0017151806,0.14624023,2461.52,12.14,0.7771833389997482,917,2890,1.3354148,-0.009356416,369920,3241.9655685424805,2959360,0.019047488
0.001579249,0.12792969,2461.52,12.14,0.7463091015815735,937,2891,1.3567609,-0.0100246,370048,3243.058286190033,2960384,0.029568182
0.0019119862,0.14648438,2461.52,12.14,0.826043039560318,987,2892,1.3015265,-0.011139337,370176,3244.0962188243866,2961408,0.02054536
0.0014127761,0.12597656,2461.52,12.14,0.6934938132762909,970,2893,1.3085995,-0.011069508,370304,3245.152065038681,2962432,0.039937124
0.0018929831,0.12597656,2461.52,12.14,0.7420279383659363,954,2894,1.3492371,-0.008405753,370432,3246.2252190113068,2963456,0.040716782
0.0022741326,0.14160156,2461.52,12.14,0.7791257798671722,963,2895,1.2997891,-0.012341593,370560,3247.288763999939,2964480,0.031755768
0.0019094314,0.17211914,2461.52,12.14,0.7283763289451599,974,2896,1.3741003,-0.010438925,370688,3248.33993434906,2965504,0.026182415
0.0018538513,0.15722656,2461.52,12.14,0.5966271460056305,970,2897,1.2942096,-0.012364077,370816,3249.395573616028,2966528,0.03847654
0.0017486044,0.16674805,2461.52,12.14,0.8091660887002945,957,2898,1.3277831,-0.011795926,370944,3250.4652576446533,2967552,0.024671283
0.0018019683,0.15283203,2461.52,12.14,0.8443727940320969,923,2899,1.3313485,-0.012289187,371072,3251.5748376846313,2968576,0.017871853
0.0020622243,0.15942383,2471.11,12.04,0.7463702857494354,959,2900,1.296873,-0.010331333,371200,3252.6424231529236,2969600,0.035197627
0.0015131845,0.122802734,2471.11,12.04,0.7992552667856216,935,2901,1.2873256,-0.01039477,371328,3253.7380344867706,2970624,0.025293656
0.0018234132,0.12084961,2471.11,12.04,0.6929422914981842,926,2902,1.3347558,-0.010615787,371456,3254.8442606925964,2971648,0.045717157
0.0015713387,0.14428711,2471.11,12.04,0.81547412276268,900,2903,1.3179494,-0.011289769,371584,3255.982776403427,2972672,0.022120172
0.0017860878,0.14453125,2471.11,12.04,0.7758197486400604,909,2904,1.2994511,-0.010215825,371712,3257.1094081401825,2973696,0.026477462
0.0017686955,0.1574707,2462.35,12.08,0.8250888288021088,904,2905,1.3347664,-0.009681422,371840,3258.242392539978,2974720,0.019465106
0.0022835613,0.1574707,2458.37,12.14,0.8497859537601471,956,2906,1.2596334,-0.0103779975,371968,3259.3133165836334,2975744,0.021562517
0.0020900788,0.15893555,2474.12,12.02,0.7837927341461182,936,2907,1.2261316,-0.011719727,372096,3260.407726764679,2976768,0.02631099
0.0015038284,0.12817383,2474.12,12.02,0.7954601794481277,978,2908,1.3165252,-0.009805427,372224,3261.4550421237946,2977792,0.020005975
0.0013892618,0.10986328,2487.54,11.9,0.7178801000118256,953,2909,1.3146952,-0.009447652,372352,3262.529892683029,2978816,0.0372213
0.0015865423,0.13964844,2487.54,11.9,0.8701131492853165,960,2910,1.3129337,-0.011136804,372480,3263.596503019333,2979840,0.015853705
0.0018810007,0.1652832,2487.54,11.9,0.8032336384057999,922,2911,1.3129909,-0.009471865,372608,3264.7075304985046,2980864,0.019637816
0.0018699073,0.14160156,2487.54,11.9,0.8475227952003479,923,2912,1.3200881,-0.010104632,372736,3265.8172607421875,2981888,0.018220186
0.0016487985,0.14941406,2487.54,11.9,0.7768123149871826,910,2913,1.3331715,-0.009668546,372864,3266.9430384635925,2982912,0.028758915
0.0014766039,0.14086914,2487.54,11.9,0.8058502525091171,907,2914,1.3577886,-0.00988466,372992,3268.0722212791443,2983936,0.015688512
0.0016320576,0.1394043,2487.54,11.9,0.869987890124321,895,2915,1.3675239,-0.010534261,373120,3269.2159197330475,2984960,0.011471317
0.0018646206,0.17700195,2487.54,11.9,0.7887447029352188,967,2916,1.3257585,-0.010227716,373248,3270.2749638557434,2985984,0.029181613
0.0020925659,0.14501953,2487.59,11.88,0.8351566791534424,941,2917,1.2965155,-0.01076002,373376,3271.3634219169617,2987008,0.023146218
0.0016953347,0.14990234,2487.59,11.88,0.7978049516677856,968,2918,1.2911434,-0.012050195,373504,3272.4217920303345,2988032,0.03252268
0.0021731,0.16796875,2487.59,11.88,0.8469902724027634,952,2919,1.2988554,-0.010038428,373632,3273.4975855350494,2989056,0.01936653
0.002178777,0.20361328,2487.59,11.88,0.6056458652019501,965,2920,1.3951796,-0.0086728,373760,3274.5590081214905,2990080,0.050870758
0.0017766131,0.14160156,2487.59,11.88,0.8299695551395416,972,2921,1.3157278,-0.009722664,373888,3275.612169981003,2991104,0.023519296
0.0015653181,0.13183594,2482.31,11.93,0.8128294050693512,904,2922,1.336797,-0.011831619,374016,3276.7455158233643,2992128,0.021603055
0.0016276492,0.15185547,2482.31,11.93,0.7560650855302811,935,2923,1.3504617,-0.011982331,374144,3277.8408868312836,2993152,0.032415397
0.0016948774,0.13330078,2481.45,11.91,0.5838943719863892,911,2924,1.3140537,-0.010626292,374272,3278.964610338211,2994176,0.039627463
0.0015832393,0.15039062,2486.0,11.85,0.8127589374780655,911,2925,1.3004637,-0.009570115,374400,3280.08934879303,2995200,0.024372129
0.0016663163,0.11279297,2490.16,11.81,0.7537491023540497,913,2926,1.2930651,-0.01004769,374528,3281.2111196517944,2996224,0.03547189
0.0016418115,0.13989258,2490.16,11.81,0.7620912939310074,904,2927,1.3162103,-0.011882041,374656,3282.3435084819794,2997248,0.02233537
0.0016472529,0.12231445,2490.16,11.81,0.8516267985105515,939,2928,1.3140646,-0.01028923,374784,3283.433842897415,2998272,0.022632867
0.0023302876,0.18408203,2490.16,11.81,0.7489576935768127,958,2929,1.3329524,-0.009725359,374912,3284.502964735031,2999296,0.029888501
0.0013949401,0.1315918,2490.16,11.81,0.8029525727033615,971,2930,1.3759865,-0.011145849,375040,3285.5575757026672,3000320,0.011303802
0.0015632529,0.13867188,2490.16,11.81,0.8218832314014435,905,2931,1.3720268,-0.008763687,375168,3286.688980102539,3001344,0.009879936
0.0015665716,0.1352539,2490.16,11.81,0.6268813610076904,920,2932,1.346134,-0.009834845,375296,3287.802387714386,3002368,0.030362943
0.0014897089,0.13085938,2490.16,11.81,0.753494456410408,931,2933,1.3313608,-0.009952336,375424,3288.902122735977,3003392,0.042179465
0.0016478621,0.14672852,2490.16,11.81,0.6738378703594208,933,2934,1.3660105,-0.0075481273,375552,3289.999350786209,3004416,0.020969253
0.0015337956,0.1352539,2490.16,11.81,0.7962558418512344,937,2935,1.3509805,-0.010221626,375680,3291.0919618606567,3005440,0.021226628
0.001805764,0.122802734,2486.91,11.8,0.8277685940265656,903,2936,1.3530276,-0.011199159,375808,3292.2264473438263,3006464,0.015577992
0.0016981891,0.14135742,2486.91,11.8,0.797210156917572,931,2937,1.389785,-0.009586974,375936,3293.3262832164764,3007488,0.016059611
0.0014106641,0.14501953,2486.91,11.8,0.899360366165638,904,2938,1.3514886,-0.013028522,376064,3294.4596588611603,3008512,0.010375453
0.0020567211,0.18310547,2478.94,11.88,0.8792264461517334,891,2939,1.3696871,-0.011079627,376192,3295.609154701233,3009536,0.017779246
0.0016700727,0.13134766,2480.85,11.85,0.8131714910268784,945,2940,1.3147118,-0.011812682,376320,3296.6933014392853,3010560,0.022643516
0.0015711137,0.13647461,2473.27,11.94,0.7446950376033783,960,2941,1.3807596,-0.010836101,376448,3297.7599182128906,3011584,0.032211658
0.0016439102,0.14941406,2473.27,11.94,0.8557484447956085,985,2942,1.3218458,-0.010983149,376576,3298.799490213394,3012608,0.015847353
0.0017711844,0.15185547,2473.27,11.94,0.8129496425390244,935,2943,1.331725,-0.012099722,376704,3299.8948080539703,3013632,0.02219619
0.0016000166,0.13549805,2473.27,11.94,0.8374131619930267,965,2944,1.3310442,-0.012725269,376832,3300.95565867424,3014656,0.018652752
0.002291411,0.18408203,2475.45,11.93,0.750232145190239,941,2945,1.3483081,-0.009618351,376960,3302.044498205185,3015680,0.020723507
0.0014261157,0.119628906,2475.45,11.93,0.7195125222206116,936,2946,1.3097048,-0.009727082,377088,3303.1385219097137,3016704,0.044938795
0.0020785925,0.16308594,2475.45,11.93,0.7282645106315613,910,2947,1.2494211,-0.010491602,377216,3304.2645444869995,3017728,0.041912515
0.0014797375,0.15771484,2475.45,11.93,0.8057662099599838,974,2948,1.38789,-0.010070935,377344,3305.3164324760437,3018752,0.022864468
0.0016926687,0.15454102,2475.45,11.93,0.8383346199989319,904,2949,1.3630146,-0.011282122,377472,3306.4496133327484,3019776,0.01929332
0.002058654,0.16503906,2475.45,11.93,0.7330915629863739,924,2950,1.3524634,-0.012754064,377600,3307.5585033893585,3020800,0.029724397
0.0019006747,0.16503906,2475.45,11.93,0.7592276632785797,902,2951,1.3769016,-0.0111905895,377728,3308.6940972805023,3021824,0.028974712
0.0015457859,0.12841797,2475.45,11.93,0.6633169949054718,909,2952,1.3336622,-0.012866022,377856,3309.8209624290466,3022848,0.042006247
0.0015495225,0.12866211,2475.45,11.93,0.732471376657486,962,2953,1.373028,-0.0113815395,377984,3310.886024951935,3023872,0.035284784
0.0016430558,0.13061523,2475.45,11.93,0.6412602066993713,972,2954,1.3180836,-0.011125347,378112,3311.9399507045746,3024896,0.035380967
0.0022311688,0.171875,2475.1,11.96,0.4279986023902893,949,2955,1.3707738,-0.013727929,378240,3313.019408941269,3025920,0.044197306
0.0021343546,0.1508789,2475.02,11.95,0.7553591281175613,943,2956,1.3578343,-0.013632114,378368,3314.1056427955627,3026944,0.02693438
0.0019582054,0.14477539,2468.1,12.14,0.7283612787723541,906,2957,1.2906517,-0.010047522,378496,3315.2370359897614,3027968,0.029322146
0.0018559077,0.15551758,2468.1,12.14,0.770755335688591,958,2958,1.3046343,-0.0095985355,378624,3316.3061718940735,3028992,0.023801861
0.0012650944,0.115478516,2471.67,12.11,0.7363801002502441,933,2959,1.3482454,-0.011633867,378752,3317.4040863513947,3030016,0.04000043
0.0012911692,0.114746094,2465.93,12.21,0.4809649586677551,963,2960,1.3338552,-0.011648896,378880,3318.4676265716553,3031040,0.060327094
0.0011856405,0.09863281,2465.93,12.21,0.8109181523323059,952,2961,1.3678231,-0.010233742,379008,3319.5432879924774,3032064,0.020771364
0.001499596,0.15551758,2465.93,12.21,0.8139777183532715,915,2962,1.3687812,-0.010975869,379136,3320.663070201874,3033088,0.016894992
0.0018811796,0.1496582,2462.41,12.25,0.7642253935337067,882,2963,1.3578632,-0.010142983,379264,3321.8241374492645,3034112,0.028437342
0.0016231663,0.13183594,2462.41,12.25,0.808622419834137,919,2964,1.3936768,-0.0122249015,379392,3322.9388365745544,3035136,0.023412533
0.0012428053,0.122802734,2462.41,12.25,0.7565886676311493,946,2965,1.3367894,-0.01081991,379520,3324.02118062973,3036160,0.03313895
0.0015310342,0.15014648,2462.41,12.25,0.7908471822738647,975,2966,1.3659041,-0.009828384,379648,3325.0713410377502,3037184,0.018396243
0.001824426,0.14648438,2462.41,12.25,0.8675167411565781,963,2967,1.3484528,-0.011426741,379776,3326.134780406952,3038208,0.0159257
0.0016756748,0.1496582,2462.41,12.25,0.7813969701528549,979,2968,1.354136,-0.009772573,379904,3327.1811351776123,3039232,0.024925387
0.0014617356,0.1381836,2457.7,12.3,0.7152708470821381,963,2969,1.3474524,-0.0101688625,380032,3328.245094537735,3040256,0.040625237
0.002057982,0.14135742,2457.7,12.3,0.8925256207585335,984,2970,1.3587857,-0.011631319,380160,3329.2861185073853,3041280,0.011689991
0.0017617655,0.16796875,2457.7,12.3,0.8031630665063858,959,2971,1.3021079,-0.011523962,380288,3330.353893518448,3042304,0.024779167
0.0025026987,0.16992188,2457.7,12.3,0.7997419983148575,971,2972,1.3545957,-0.010959596,380416,3331.4089794158936,3043328,0.028743267
0.0012498703,0.1171875,2460.62,12.27,0.7885791212320328,949,2973,1.299266,-0.010919201,380544,3332.488018989563,3044352,0.028922252
0.0021555235,0.12817383,2460.62,12.27,0.7660623490810394,976,2974,1.3518121,-0.010472357,380672,3333.5377502441406,3045376,0.025627568
0.0019096512,0.13989258,2445.32,12.37,0.8101126253604889,940,2975,1.2872069,-0.009667834,380800,3334.6276314258575,3046400,0.016093347
0.0019841702,0.1706543,2445.32,12.37,0.8572843372821808,971,2976,1.3401124,-0.013386815,380928,3335.6820726394653,3047424,0.013818977
0.0016830377,0.15014648,2451.61,12.3,0.8697012811899185,962,2977,1.3731618,-0.010899788,381056,3336.746793270111,3048448,0.009263082
0.0023080616,0.16040039,2459.9,12.19,0.7554523199796677,973,2978,1.292895,-0.0119650075,381184,3337.799429178238,3049472,0.03641147
0.0019423957,0.14233398,2456.32,12.24,0.6769619584083557,953,2979,1.3109605,-0.012559622,381312,3338.8736023902893,3050496,0.045906924
0.001445218,0.12475586,2460.54,12.19,0.7306175231933594,953,2980,1.3066885,-0.011189022,381440,3339.9479808807373,3051520,0.036397677
0.0020681168,0.13549805,2460.54,12.19,0.7446218729019165,937,2981,1.2563527,-0.01135925,381568,3341.0412633419037,3052544,0.044972263
0.0022512516,0.13598633,2460.54,12.19,0.7707742601633072,965,2982,1.2448109,-0.010404641,381696,3342.102486848831,3053568,0.031281296
0.0014435613,0.12988281,2460.54,12.19,0.7748560160398483,952,2983,1.3414433,-0.008703206,381824,3343.1778721809387,3054592,0.021688726
0.0019545527,0.16357422,2460.54,12.19,0.7384723722934723,955,2984,1.3758981,-0.010338198,381952,3344.2504589557648,3055616,0.029858194
0.0019244123,0.1328125,2460.54,12.19,0.7593648284673691,937,2985,1.3354504,-0.011057956,382080,3345.343605518341,3056640,0.034198802
0.0019917309,0.17333984,2460.54,12.19,0.777674674987793,897,2986,1.3371183,-0.01092298,382208,3346.485857486725,3057664,0.03212945
0.0017072898,0.109375,2460.54,12.19,0.8122999519109726,963,2987,1.3542688,-0.009774745,382336,3347.5488979816437,3058688,0.018118937
0.0019452416,0.15209961,2460.54,12.19,0.8971407935023308,915,2988,1.3625491,-0.011509503,382464,3348.6684119701385,3059712,0.014908957
0.0016138328,0.13891602,2451.92,12.3,0.78825244307518,896,2989,1.3470166,-0.010064337,382592,3349.8115792274475,3060736,0.025985135
0.0014913599,0.123291016,2451.92,12.3,0.8042756915092468,974,2990,1.3355782,-0.011785468,382720,3350.862934112549,3061760,0.027345646
0.0015658177,0.15283203,2451.92,12.3,0.8181153535842896,910,2991,1.3599561,-0.010792441,382848,3351.9890909194946,3062784,0.019742029
0.0017053297,0.14038086,2451.92,12.3,0.83897764980793,909,2992,1.3132463,-0.010696029,382976,3353.1155531406403,3063808,0.019652894
0.0014699274,0.11035156,2451.92,12.3,0.8456333577632904,908,2993,1.3097317,-0.010184208,383104,3354.2441143989563,3064832,0.02061337
0.0021489463,0.1665039,2444.96,12.39,0.8745651841163635,894,2994,1.3096261,-0.011751513,383232,3355.389947414398,3065856,0.016124476
0.0017371275,0.15673828,2437.13,12.5,0.7892241030931473,908,2995,1.2921486,-0.013105858,383360,3356.517842054367,3066880,0.033062395
0.0017002391,0.12084961,2436.48,12.53,0.7850827574729919,917,2996,1.2385614,-0.01098066,383488,3357.6346361637115,3067904,0.03514906
0.0015166146,0.15405273,2436.48,12.53,0.7639893591403961,922,2997,1.3142246,-0.010940891,383616,3358.745634317398,3068928,0.048146106
0.0019122,0.17089844,2438.71,12.52,0.754073441028595,931,2998,1.3462605,-0.010702811,383744,3359.845500946045,3069952,0.042844176
0.0020074777,0.19116211,2438.71,12.52,0.661877453327179,974,2999,1.3677799,-0.007850119,383872,3360.896795272827,3070976,0.022786546
0.0014483097,0.16210938,2438.71,12.52,0.7788133323192596,983,3000,1.3450111,-0.00894673,384000,3361.9391906261444,3072000,0.016793737
0.0020856315,0.14038086,2441.7,12.48,0.8773380145430565,956,3001,1.3357171,-0.011441727,384128,3363.011952161789,3073024,0.01518259
0.0021395902,0.14648438,2441.7,12.48,0.7424708902835846,975,3002,1.2811866,-0.010379636,384256,3364.062087535858,3074048,0.03847009
0.001343102,0.111816406,2441.7,12.48,0.7809663265943527,963,3003,1.2810489,-0.011521406,384384,3365.12548995018,3075072,0.026589513
0.0016363355,0.14697266,2440.62,12.49,0.8665196746587753,964,3004,1.3300081,-0.010536404,384512,3366.187607526779,3076096,0.01645617
0.0018641803,0.15771484,2440.62,12.49,0.6507601141929626,944,3005,1.27926,-0.011307454,384640,3367.2724390029907,3077120,0.045662396
0.0020201032,0.15625,2440.62,12.49,0.7333488762378693,908,3006,1.3302546,-0.013105838,384768,3368.400156021118,3078144,0.03148687
0.0012414,0.12036133,2440.62,12.49,0.771782323718071,920,3007,1.3168813,-0.009667329,384896,3369.5131125450134,3079168,0.0281902
0.0017208162,0.13378906,2440.62,12.49,0.7171083390712738,897,3008,1.3360043,-0.010778555,385024,3370.654340982437,3080192,0.019341603
0.001611247,0.17138672,2440.62,12.49,0.8764433488249779,968,3009,1.3762894,-0.010525809,385152,3371.712619781494,3081216,0.0053220945
0.0010684428,0.11669922,2440.62,12.49,0.8212853223085403,906,3010,1.3618451,-0.0074355323,385280,3372.843299627304,3082240,0.015395847
0.001734067,0.15576172,2432.21,12.54,0.8312905877828598,890,3011,1.2264506,-0.010845193,385408,3373.993933200836,3083264,0.020077853
0.0016291953,0.15161133,2432.21,12.54,0.7556713372468948,957,3012,1.3606311,-0.008747967,385536,3375.0639283657074,3084288,0.022379285
0.0018036691,0.15722656,2427.16,12.56,0.6769144833087921,894,3013,1.3098736,-0.008083135,385664,3376.209460735321,3085312,0.02991832
0.0021732682,0.1352539,2427.16,12.56,0.7881647795438766,911,3014,1.2780277,-0.010971525,385792,3377.3332517147064,3086336,0.029582381
0.0015658678,0.14379883,2419.06,12.61,0.8384091556072235,951,3015,1.2912451,-0.011830946,385920,3378.4103269577026,3087360,0.014640377
0.0017644744,0.14794922,2419.06,12.61,0.883999228477478,976,3016,1.3275893,-0.010862902,386048,3379.459454059601,3088384,0.015618128
0.002254138,0.16723633,2419.06,12.61,0.8489675968885422,958,3017,1.3305608,-0.011408611,386176,3380.5283794403076,3089408,0.015121878
0.0013227328,0.13769531,2419.06,12.61,0.8210240751504898,963,3018,1.3306165,-0.009596859,386304,3381.5919761657715,3090432,0.022229448
0.0014902417,0.12866211,2410.89,12.63,0.8433120846748352,909,3019,1.3516537,-0.010002914,386432,3382.718176841736,3091456,0.010891594
0.0019392255,0.13183594,2410.89,12.63,0.7452832758426666,944,3020,1.2782221,-0.010705173,386560,3383.8032977581024,3092480,0.03619632
0.00198569,0.12475586,2410.89,12.63,0.7565800845623016,912,3021,1.2963463,-0.009240745,386688,3384.9259083271027,3093504,0.030204713
0.0013228264,0.12158203,2407.99,12.65,0.8125440031290054,948,3022,1.327846,-0.008698135,386816,3386.005833387375,3094528,0.021791711
0.0014675863,0.11645508,2407.99,12.65,0.7891923934221268,918,3023,1.2850211,-0.008860107,386944,3387.1214458942413,3095552,0.026773637
0.0016281342,0.15893555,2407.99,12.65,0.8415692001581192,947,3024,1.3810391,-0.010377057,387072,3388.2034952640533,3096576,0.010598701
0.0022812772,0.17041016,2407.99,12.65,0.7551141083240509,903,3025,1.2881565,-0.008339257,387200,3389.3380677700043,3097600,0.031594962
0.0018660019,0.16357422,2398.16,12.74,0.7649590820074081,893,3026,1.2880367,-0.01067354,387328,3390.48455786705,3098624,0.025509112
0.0014292743,0.13647461,2398.16,12.74,0.805970311164856,905,3027,1.3301312,-0.009920402,387456,3391.6166410446167,3099648,0.01884353
0.0018266861,0.13330078,2398.14,12.75,0.8692710846662521,955,3028,1.3022038,-0.010999945,387584,3392.688912630081,3100672,0.01684083
0.0023760684,0.1628418,2398.14,12.75,0.7507838755846024,969,3029,1.2094586,-0.011777898,387712,3393.745404958725,3101696,0.037157115
0.0018628069,0.14868164,2398.14,12.75,0.8128677159547806,970,3030,1.2985046,-0.009412339,387840,3394.801493167877,3102720,0.023921894
0.0015519278,0.14819336,2398.14,12.75,0.7424964606761932,968,3031,1.3364443,-0.0096618505,387968,3395.8595082759857,3103744,0.030069733
0.0016242652,0.13696289,2384.97,12.92,0.7444763779640198,949,3032,1.2598075,-0.008817274,388096,3396.939167022705,3104768,0.031949006
0.0017682945,0.14501953,2380.38,12.96,0.7639675289392471,945,3033,1.3175068,-0.012316085,388224,3398.0225806236267,3105792,0.030699244
0.0017981506,0.16040039,2368.68,13.12,0.7780399769544601,936,3034,1.291087,-0.011617875,388352,3399.116952419281,3106816,0.02766648
0.0014856982,0.118652344,2368.68,13.12,0.7150621712207794,952,3035,1.2855574,-0.010291759,388480,3400.192723751068,3107840,0.031452715
0.0013552951,0.11743164,2368.68,13.12,0.8824315816164017,923,3036,1.3157535,-0.010358691,388608,3401.3031210899353,3108864,0.013428358
0.00160068,0.15795898,2368.68,13.12,0.7761514782905579,937,3037,1.3134817,-0.011313101,388736,3402.3959999084473,3109888,0.02697324
0.0011385066,0.1171875,2369.66,13.09,0.8303486406803131,899,3038,1.3748935,-0.009923993,388864,3403.535399913788,3110912,0.014367608
0.0015003947,0.13476562,2369.66,13.09,0.7953006625175476,904,3039,1.3080747,-0.010114115,388992,3404.668752193451,3111936,0.023311727
0.0014033415,0.11767578,2369.66,13.09,0.7700047343969345,931,3040,1.3356723,-0.009746419,389120,3405.7692193984985,3112960,0.02621301
0.0014318165,0.13354492,2369.66,13.09,0.6940556764602661,915,3041,1.2942843,-0.011351213,389248,3406.8886580467224,3113984,0.02555528
0.0017522502,0.16040039,2369.66,13.09,0.781117632985115,961,3042,1.319017,-0.01113331,389376,3407.95445561409,3115008,0.014617358
0.0017356107,0.14501953,2369.66,13.09,0.7566927373409271,896,3043,1.3173466,-0.011764586,389504,3409.097293138504,3116032,0.027061913
0.0017147099,0.14428711,2369.66,13.09,0.8519449234008789,966,3044,1.3003397,-0.009768312,389632,3410.1574618816376,3117056,0.018715234
0.0017177053,0.14355469,2364.84,13.14,0.7406050860881805,967,3045,1.2785435,-0.01088224,389760,3411.2172813415527,3118080,0.025965836
0.0019896897,0.16772461,2364.84,13.14,0.7928057909011841,982,3046,1.295027,-0.011090208,389888,3412.26025390625,3119104,0.026848573
0.0016596796,0.1616211,2364.84,13.14,0.8563134968280792,971,3047,1.3545479,-0.011153495,390016,3413.315532684326,3120128,0.010916448
0.0020121015,0.1340332,2353.34,13.39,0.7711787670850754,960,3048,1.3346993,-0.011580936,390144,3414.382116794586,3121152,0.024502477
0.0017811968,0.15551758,2355.49,13.38,0.775328055024147,966,3049,1.3237662,-0.011511642,390272,3415.442701816559,3122176,0.022505015
0.002255734,0.1472168,2354.48,13.39,0.704538494348526,947,3050,1.3380278,-0.011401913,390400,3416.5243537425995,3123200,0.034999453
0.0017567147,0.14428711,2351.29,13.44,0.582982063293457,958,3051,1.2991977,-0.012013165,390528,3417.5942945480347,3124224,0.03885006
0.0015813289,0.13623047,2351.29,13.44,0.8102955520153046,960,3052,1.270975,-0.009720832,390656,3418.6609251499176,3125248,0.022117695
0.0019068269,0.15112305,2351.55,13.43,0.6929320991039276,962,3053,1.2824028,-0.011264036,390784,3419.7255618572235,3126272,0.03212963
0.001881033,0.15795898,2349.63,13.43,0.8031673580408096,954,3054,1.2474838,-0.011809066,390912,3420.798751592636,3127296,0.02091722
0.0018715678,0.1484375,2349.63,13.43,0.8488039523363113,973,3055,1.3090422,-0.009976816,391040,3421.85174536705,3128320,0.017270802
0.0016126481,0.15527344,2349.63,13.43,0.688764750957489,919,3056,1.3364131,-0.010630716,391168,3422.9663577079773,3129344,0.0232243
0.0017156213,0.14794922,2349.63,13.43,0.8360471874475479,938,3057,1.3328125,-0.010191355,391296,3424.057677268982,3130368,0.016706217
0.0015572091,0.14282227,2349.63,13.43,0.6908542811870575,903,3058,1.32295,-0.010347488,391424,3425.1921079158783,3131392,0.020210482
0.0017228283,0.12719727,2349.63,13.43,0.7538585662841797,929,3059,1.2683209,-0.007815421,391552,3426.2940590381622,3132416,0.027074791
0.002263189,0.13647461,2349.63,13.43,0.6357409656047821,904,3060,1.2078481,-0.010314231,391680,3427.4263594150543,3133440,0.04639759
0.0018283153,0.16113281,2349.63,13.43,0.8445334881544113,975,3061,1.2859577,-0.011434503,391808,3428.4769921302795,3134464,0.014173636
0.0015586284,0.14257812,2347.8,13.44,0.795265719294548,964,3062,1.2801318,-0.009806554,391936,3429.539328813553,3135488,0.021277495
0.0015106865,0.15112305,2347.8,13.44,0.7163683176040649,970,3063,1.2952905,-0.00974281,392064,3430.594963312149,3136512,0.027190842
0.0019757533,0.15625,2347.8,13.44,0.8173408061265945,953,3064,1.3361858,-0.011326602,392192,3431.6692233085632,3137536,0.020586153
0.002147391,0.19189453,2347.8,13.44,0.7536467015743256,963,3065,1.2792504,-0.013490296,392320,3432.733183860779,3138560,0.030829817
0.0022753763,0.16210938,2344.67,13.49,0.8554081171751022,941,3066,1.2811939,-0.013145745,392448,3433.8220398426056,3139584,0.017415574
0.0016288459,0.14746094,2344.67,13.49,0.7012597024440765,948,3067,1.2633637,-0.010658398,392576,3434.902737379074,3140608,0.045060974
0.002475488,0.13330078,2338.7,13.56,0.701905220746994,897,3068,1.3037816,-0.009496995,392704,3436.044252872467,3141632,0.033042476
0.002266172,0.13256836,2338.7,13.56,0.8668780773878098,911,3069,1.2610593,-0.011123008,392832,3437.1686844825745,3142656,0.017488489
0.0019525087,0.1809082,2338.7,13.56,0.8097626119852066,969,3070,1.2820907,-0.009869953,392960,3438.2256331443787,3143680,0.027878758
0.0021318195,0.14160156,2341.38,13.55,0.7717806845903397,900,3071,1.2931126,-0.009440757,393088,3439.3644897937775,3144704,0.0141718825
0.0016147945,0.1340332,2341.38,13.55,0.6770119667053223,984,3072,1.2708467,-0.009907658,393216,3440.4054822921753,3145728,0.032880828
0.0018792786,0.16894531,2341.38,13.55,0.8203908354043961,975,3073,1.2840936,-0.010521316,393344,3441.4557468891144,3146752,0.015640223
0.0021702456,0.1809082,2341.38,13.55,0.8677199333906174,902,3074,1.3524758,-0.010017321,393472,3442.591055393219,3147776,0.00720745
0.0019965812,0.17358398,2341.38,13.55,0.8067170977592468,956,3075,1.2863501,-0.009634873,393600,3443.6625595092773,3148800,0.009394216
0.0019040738,0.17456055,2341.38,13.55,0.7658558487892151,959,3076,1.3054241,-0.010194434,393728,3444.7314109802246,3149824,0.026798887
0.0026200817,0.20678711,2341.38,13.55,0.7677621394395828,963,3077,1.3258762,-0.010036737,393856,3445.7954313755035,3150848,0.021403404
0.0023182407,0.17382812,2341.38,13.55,0.7924295216798782,911,3078,1.2728982,-0.010867583,393984,3446.9194147586823,3151872,0.025697142
0.0015311379,0.11743164,2341.38,13.55,0.7686844170093536,916,3079,1.2915366,-0.01025965,394112,3448.0369164943695,3152896,0.022412837
0.001843373,0.14794922,2341.38,13.55,0.8101246058940887,920,3080,1.2583613,-0.0105431415,394240,3449.150683403015,3153920,0.016459014
0.0013065891,0.104003906,2325.09,13.71,0.7479668855667114,950,3081,1.2924346,-0.010585414,394368,3450.2282435894012,3154944,0.027141752
0.0016335675,0.1262207,2317.39,13.79,0.7810984402894974,908,3082,1.2787097,-0.008639084,394496,3451.3557555675507,3155968,0.015850592
0.0015833506,0.17993164,2307.43,13.88,0.7354872524738312,965,3083,1.2886925,-0.009319061,394624,3452.417064666748,3156992,0.018377982
0.0016195322,0.13110352,2307.43,13.88,0.7554845958948135,968,3084,1.263374,-0.009728635,394752,3453.475451231003,3158016,0.03093024
0.0019124933,0.14160156,2296.48,14.22,0.7595495134592056,960,3085,1.2117932,-0.011190013,394880,3454.5423312187195,3159040,0.032234736
0.0023318827,0.16015625,2296.48,14.22,0.8163027465343475,973,3086,1.2226118,-0.010043957,395008,3455.595882177353,3160064,0.018591179
0.0023973458,0.15698242,2296.87,14.2,0.8103293478488922,963,3087,1.2093395,-0.010650485,395136,3456.6597356796265,3161088,0.019725299
0.0022787228,0.17822266,2296.87,14.2,0.8167611658573151,950,3088,1.246928,-0.009658935,395264,3457.7383506298065,3162112,0.01869581
0.001900549,0.16967773,2296.87,14.2,0.7627197951078415,920,3089,1.2587552,-0.009580006,395392,3458.851307153702,3163136,0.030527908
0.0017436092,0.14404297,2296.87,14.2,0.7660600394010544,960,3090,1.2378001,-0.0114403255,395520,3459.9176967144012,3164160,0.022107767
0.0016843072,0.15942383,2296.87,14.2,0.728348046541214,968,3091,1.2919854,-0.010411592,395648,3460.976136445999,3165184,0.02513614
0.0026488476,0.1665039,2296.87,14.2,0.8031772524118423,965,3092,1.2314237,-0.009660285,395776,3462.0371737480164,3166208,0.024626227
0.0022605073,0.1640625,2296.87,14.2,0.8556606620550156,962,3093,1.2671455,-0.010992128,395904,3463.1016643047333,3167232,0.013454389
0.0017722626,0.16577148,2296.87,14.2,0.8439227193593979,943,3094,1.2797742,-0.0114432685,396032,3464.1874260902405,3168256,0.017453954
0.0019382203,0.1586914,2296.87,14.2,0.7423083186149597,903,3095,1.2486366,-0.011551311,396160,3465.3210232257843,3169280,0.033448093
0.003141539,0.18579102,2296.87,14.2,0.6851795613765717,971,3096,1.2440093,-0.01158401,396288,3466.376111268997,3170304,0.03372406
0.0017806732,0.14697266,2290.34,14.24,0.8825113773345947,956,3097,1.3080251,-0.010507676,396416,3467.447420358658,3171328,0.012622314
0.0015987977,0.14282227,2290.34,14.24,0.8523318767547607,960,3098,1.2774028,-0.009955803,396544,3468.514128446579,3172352,0.015162048
0.0017068953,0.114990234,2290.67,14.22,0.6586499810218811,953,3099,1.2524829,-0.007916208,396672,3469.5885937213898,3173376,0.04293699
0.0019773624,0.15795898,2291.31,14.24,0.8378365188837051,941,3100,1.2631714,-0.012344615,396800,3470.6765575408936,3174400,0.020432372
0.0016140719,0.119628906,2291.31,14.24,0.7509446442127228,934,3101,1.3020678,-0.008155449,396928,3471.773127555847,3175424,0.02204715
0.0015867301,0.16088867,2291.33,14.24,0.7367965579032898,945,3102,1.2835634,-0.010387619,397056,3472.857114315033,3176448,0.030611506
0.0017539428,0.14770508,2291.33,14.24,0.78048475086689,934,3103,1.3069533,-0.012062135,397184,3473.9531128406525,3177472,0.024848167
0.0018701622,0.14770508,2290.19,14.27,0.6727034747600555,919,3104,1.2550882,-0.008935563,397312,3475.06693482399,3178496,0.034567885
0.0014814804,0.14013672,2290.19,14.27,0.7469148933887482,983,3105,1.270438,-0.007893993,397440,3476.1092808246613,3179520,0.037955526
0.0018148974,0.1694336,2290.19,14.27,0.7801872789859772,960,3106,1.2500755,-0.0091892015,397568,3477.176232814789,3180544,0.023439137
0.0015875399,0.16064453,2284.52,14.3,0.7820930480957031,914,3107,1.3042221,-0.009217226,397696,3478.296562433243,3181568,0.02077737
0.0020725592,0.17333984,2284.52,14.3,0.8015092313289642,925,3108,1.2758206,-0.00907675,397824,3479.403685092926,3182592,0.021784304
0.0021511654,0.1730957,2284.52,14.3,0.7601998448371887,915,3109,1.289957,-0.0076426566,397952,3480.522405385971,3183616,0.02433557
0.002118579,0.1862793,2284.52,14.3,0.7964956760406494,966,3110,1.2899626,-0.010990077,398080,3481.5825481414795,3184640,0.023853382
0.0019302251,0.16015625,2284.52,14.3,0.7087561786174774,914,3111,1.2986771,-0.011529945,398208,3482.703356027603,3185664,0.027602497
0.0018208337,0.15209961,2284.52,14.3,0.7560130506753922,939,3112,1.3050084,-0.010701617,398336,3483.7938330173492,3186688,0.027948186
0.00237597,0.14282227,2284.52,14.3,0.8140212297439575,929,3113,1.236496,-0.012200531,398464,3484.8961052894592,3187712,0.021967996
0.0020824973,0.17333984,2284.52,14.3,0.7977442890405655,959,3114,1.3358983,-0.010064261,398592,3485.963746547699,3188736,0.022707699
0.001813677,0.12133789,2285.64,14.29,0.763260543346405,968,3115,1.2995119,-0.010907117,398720,3487.0222504138947,3189760,0.030821107
0.0016882332,0.12719727,2285.64,14.29,0.7276512682437897,932,3116,1.262866,-0.009162165,398848,3488.120589494705,3190784,0.030982288
0.0022180858,0.1706543,2285.64,14.29,0.8590614795684814,893,3117,1.2835364,-0.013650277,398976,3489.2678894996643,3191808,0.019985516
0.0014339132,0.15258789,2285.64,14.29,0.7467637360095978,965,3118,1.3523341,-0.009456546,399104,3490.329306125641,3192832,0.02250295
0.0017746786,0.15283203,2284.99,14.28,0.7929546982049942,954,3119,1.3267287,-0.012585366,399232,3491.403351545334,3193856,0.020631483
0.001925076,0.16601562,2283.07,14.3,0.824997141957283,946,3120,1.283026,-0.009906623,399360,3492.4860632419586,3194880,0.018997822
0.0022080308,0.1809082,2283.07,14.3,0.7030406296253204,979,3121,1.3036723,-0.012354391,399488,3493.5327277183533,3195904,0.0334925
0.0019186884,0.12988281,2283.07,14.3,0.7948578000068665,965,3122,1.2707365,-0.009771948,399616,3494.5942437648773,3196928,0.028912645
0.0015651012,0.14648438,2285.16,14.27,0.6923521161079407,925,3123,1.3141038,-0.010424676,399744,3495.7015521526337,3197952,0.027062422
0.001678522,0.13232422,2285.16,14.27,0.7272358536720276,944,3124,1.3128256,-0.008568823,399872,3496.78644156456,3198976,0.0413223
0.0016401319,0.15429688,2292.39,14.21,0.613368421792984,959,3125,1.3092239,-0.009215135,400000,3497.85391330719,3200000,0.041926775
0.0018583013,0.16479492,2292.39,14.21,0.8464280813932419,960,3126,1.3453562,-0.011167701,400128,3498.92054271698,3201024,0.015791202
0.0019358365,0.13305664,2292.39,14.21,0.8217919766902924,965,3127,1.3469318,-0.010520837,400256,3499.9823718070984,3202048,0.017912863
0.0020856976,0.17163086,2292.39,14.21,0.7625629007816315,916,3128,1.3132572,-0.01266041,400384,3501.0998027324677,3203072,0.030217117
0.002380373,0.15136719,2289.38,14.19,0.729159027338028,895,3129,1.2819158,-0.012033463,400512,3502.2438735961914,3204096,0.025773257
0.0019338018,0.14501953,2285.59,14.2,0.7914051562547684,897,3130,1.3654737,-0.010972353,400640,3503.3854060173035,3205120,0.024461463
0.002122452,0.16503906,2285.59,14.2,0.7612363994121552,939,3131,1.3296932,-0.009889768,400768,3504.4765667915344,3206144,0.020690732
0.0020114775,0.14819336,2285.59,14.2,0.8325803875923157,904,3132,1.3694972,-0.009147377,400896,3505.6094024181366,3207168,0.01178701
0.002139039,0.16552734,2285.59,14.2,0.6437846720218658,900,3133,1.3272693,-0.011415549,401024,3506.7468676567078,3208192,0.03744343
0.0018927902,0.122802734,2285.59,14.2,0.7976352870464325,968,3134,1.3203046,-0.010221149,401152,3507.8053584098816,3209216,0.021589417
0.0018716004,0.15063477,2285.59,14.2,0.844934344291687,980,3135,1.3919668,-0.011975451,401280,3508.8513634204865,3210240,0.02091583
0.002115912,0.17260742,2278.1,14.28,0.6853325963020325,960,3136,1.2736696,-0.0113956835,401408,3509.91796207428,3211264,0.035230845
0.0022334633,0.18945312,2270.79,14.36,0.6855146586894989,959,3137,1.351438,-0.011649935,401536,3510.9857404232025,3212288,0.038850144
0.0015820407,0.1328125,2270.79,14.36,0.8090261518955231,969,3138,1.3554379,-0.011201411,401664,3512.0429804325104,3213312,0.02395162
0.0015856002,0.1262207,2270.79,14.36,0.8563887625932693,969,3139,1.3915303,-0.010406253,401792,3513.0999960899353,3214336,0.012799214
0.0016009461,0.13427734,2270.79,14.36,0.7805546671152115,956,3140,1.3761364,-0.008618926,401920,3514.1715795993805,3215360,0.021030253
0.0019643903,0.15063477,2280.74,14.22,0.6327728629112244,949,3141,1.3415374,-0.01075247,402048,3515.251130580902,3216384,0.037203968
0.0016211753,0.14331055,2280.74,14.22,0.7226373255252838,959,3142,1.3090776,-0.01205896,402176,3516.319167613983,3217408,0.03400473
0.0015998861,0.14282227,2281.41,14.2,0.757765382528305,921,3143,1.3751816,-0.0118920505,402304,3517.430640220642,3218432,0.022892132
0.0019640436,0.1706543,2281.41,14.2,0.7979647070169449,960,3144,1.3315492,-0.010666705,402432,3518.49787068367,3219456,0.022810062
0.001629252,0.17285156,2281.41,14.2,0.8248780369758606,971,3145,1.3976532,-0.009699188,402560,3519.5530757904053,3220480,0.013222803
0.0013003851,0.12988281,2280.0,14.23,0.8063100278377533,926,3146,1.3994977,-0.009756217,402688,3520.659195423126,3221504,0.019099817
0.0017731714,0.16235352,2280.0,14.23,0.8178465366363525,959,3147,1.3529208,-0.00915093,402816,3521.726786136627,3222528,0.019513968
0.0017022694,0.1640625,2280.0,14.23,0.8138644397258759,959,3148,1.3339813,-0.01074302,402944,3522.7945172786713,3223552,0.026167467
0.0016337935,0.15893555,2280.0,14.23,0.7241312265396118,959,3149,1.3539572,-0.01361609,403072,3523.8621594905853,3224576,0.03199387
0.0019933982,0.15844727,2281.67,14.19,0.7550292164087296,931,3150,1.3404989,-0.010075234,403200,3524.962662220001,3225600,0.027604178
0.0020463113,0.18603516,2281.67,14.19,0.8155597299337387,959,3151,1.3615541,-0.014638967,403328,3526.030435562134,3226624,0.019712644
0.0015415199,0.1381836,2281.67,14.19,0.559406191110611,920,3152,1.3155109,-0.012891461,403456,3527.1441597938538,3227648,0.053159542
0.0023965286,0.171875,2276.1,14.24,0.786647841334343,904,3153,1.3407288,-0.013603579,403584,3528.276849746704,3228672,0.026896454
0.0017109542,0.15966797,2276.1,14.24,0.7399396896362305,914,3154,1.3519067,-0.009762256,403712,3529.3971059322357,3229696,0.04127789
0.0026182632,0.18237305,2274.76,14.26,0.6084255576133728,897,3155,1.3137294,-0.0099960165,403840,3530.53884100914,3230720,0.044145662
0.0016146754,0.1508789,2274.76,14.26,0.7513974905014038,962,3156,1.3407407,-0.009944276,403968,3531.6038410663605,3231744,0.021979857
0.0014039353,0.12719727,2274.76,14.26,0.7456744015216827,919,3157,1.3610214,-0.00983824,404096,3532.718857049942,3232768,0.038401034
0.0018724441,0.14160156,2274.76,14.26,0.7821155488491058,957,3158,1.3330882,-0.010914484,404224,3533.788671731949,3233792,0.030660775
0.0016222226,0.15283203,2277.94,14.24,0.7618416249752045,962,3159,1.3332479,-0.010923922,404352,3534.852963447571,3234816,0.028266395
0.0018027799,0.1459961,2282.8,14.2,0.6786136031150818,960,3160,1.3481402,-0.010482394,404480,3535.920172929764,3235840,0.037759207
0.0023140921,0.17333984,2282.8,14.2,0.7629135400056839,977,3161,1.3507707,-0.012113294,404608,3536.968502521515,3236864,0.026355952
0.0020226957,0.16333008,2282.8,14.2,0.7985852360725403,965,3162,1.3351434,-0.01149421,404736,3538.0294423103333,3237888,0.027708545
0.0016835133,0.1472168,2282.8,14.2,0.8009188324213028,974,3163,1.3631604,-0.009119859,404864,3539.0806715488434,3238912,0.02118976
0.0016461253,0.1538086,2282.4,14.2,0.822417214512825,926,3164,1.3632123,-0.011716387,404992,3540.1864020824432,3239936,0.019351233
0.0021170378,0.18652344,2282.4,14.2,0.8580590188503265,978,3165,1.3548126,-0.012257082,405120,3541.2342801094055,3240960,0.016649459
0.0021132827,0.1850586,2282.4,14.2,0.7567747682332993,971,3166,1.3009644,-0.012268703,405248,3542.2887868881226,3241984,0.030039318
0.0014980886,0.14038086,2282.4,14.2,0.8236720860004425,932,3167,1.3166672,-0.011800085,405376,3543.38782286644,3243008,0.02113044
0.0018848749,0.17333984,2283.37,14.19,0.8142925053834915,911,3168,1.3415605,-0.011588467,405504,3544.511389017105,3244032,0.023632288
0.0022933206,0.16235352,2288.32,14.12,0.781714603304863,916,3169,1.3226919,-0.012052413,405632,3545.629026412964,3245056,0.031908475
0.0013120609,0.1171875,2288.32,14.12,0.69058758020401,906,3170,1.3200829,-0.009304607,405760,3546.7602093219757,3246080,0.034981098
0.0013358654,0.13500977,2283.64,14.18,0.830012321472168,898,3171,1.3326477,-0.01053885,405888,3547.901237487793,3247104,0.022976067
0.0021287675,0.16235352,2283.64,14.18,0.7712689340114594,907,3172,1.2893022,-0.009752329,406016,3549.030945301056,3248128,0.029868782
0.0018684433,0.1340332,2283.64,14.18,0.6772436499595642,918,3173,1.3300256,-0.007910114,406144,3550.1461930274963,3249152,0.033742722
0.0015514926,0.13647461,2286.79,14.12,0.7772761434316635,958,3174,1.3113487,-0.011143336,406272,3551.214851140976,3250176,0.02969848
0.0015028733,0.13842773,2286.79,14.12,0.8570347726345062,965,3175,1.3147479,-0.008071578,406400,3552.275906562805,3251200,0.013985378
0.0016856267,0.140625,2286.28,14.11,0.8627443164587021,909,3176,1.3376615,-0.011545196,406528,3553.402495622635,3252224,0.020075176
0.001729864,0.16137695,2286.66,14.1,0.7389476597309113,967,3177,1.3476026,-0.010701194,406656,3554.461270093918,3253248,0.029056542
0.0014600183,0.15893555,2286.66,14.1,0.8298710882663727,974,3178,1.3357143,-0.011594663,406784,3555.512764930725,3254272,0.02436663
0.0017704812,0.18408203,2286.66,14.1,0.733846515417099,978,3179,1.3422346,-0.011333172,406912,3556.5601921081543,3255296,0.03360563
0.0016325816,0.16674805,2286.66,14.1,0.7590577304363251,956,3180,1.3578836,-0.01136781,407040,3557.631761074066,3256320,0.028761277
0.0015789313,0.15966797,2286.66,14.1,0.8595685213804245,964,3181,1.4044284,-0.009857854,407168,3558.694283246994,3257344,0.007340665
0.0016974519,0.16918945,2287.31,14.05,0.8833800405263901,955,3182,1.3711162,-0.011216469,407296,3559.7666902542114,3258368,0.005660915
0.0015154532,0.16748047,2284.0,14.1,0.8253023028373718,955,3183,1.3651125,-0.010777008,407424,3560.839805841446,3259392,0.023084968
0.0018211028,0.16772461,2284.0,14.1,0.81532321870327,959,3184,1.2472122,-0.011474894,407552,3561.9075932502747,3260416,0.029736971
0.0018348487,0.15576172,2276.95,14.19,0.7992085814476013,970,3185,1.376217,-0.010457682,407680,3562.9640996456146,3261440,0.021363134
0.0021548474,0.15185547,2276.95,14.19,0.803912416100502,967,3186,1.3411732,-0.010629135,407808,3564.0231320858,3262464,0.01728744
0.001542683,0.1418457,2276.95,14.19,0.774938628077507,972,3187,1.3302205,-0.010376183,407936,3565.077093601227,3263488,0.031297885
0.0015560893,0.13085938,2276.95,14.19,0.7730313539505005,961,3188,1.3394247,-0.009524616,408064,3566.1432740688324,3264512,0.025333034
0.0023660907,0.18115234,2276.95,14.19,0.793117955327034,965,3189,1.323048,-0.008604277,408192,3567.2041704654694,3265536,0.020853255
0.0022692448,0.17822266,2280.85,14.1,0.7766136527061462,891,3190,1.2907729,-0.011355774,408320,3568.3541176319122,3266560,0.027592922
0.0016408553,0.15258789,2278.11,14.13,0.7892018109560013,952,3191,1.3369099,-0.012129438,408448,3569.4303834438324,3267584,0.0217256
0.0018161647,0.17016602,2278.11,14.13,0.7933221906423569,970,3192,1.3384393,-0.011453798,408576,3570.4865307807922,3268608,0.020758584
0.0015808734,0.13549805,2278.11,14.13,0.6786009967327118,969,3193,1.3086206,-0.009273847,408704,3571.5434205532074,3269632,0.027791495
0.0018022106,0.17993164,2278.11,14.13,0.8128239661455154,958,3194,1.371572,-0.0120644625,408832,3572.6129717826843,3270656,0.018236687
0.0016015877,0.14526367,2284.0,14.09,0.7840027064085007,924,3195,1.2971462,-0.009147435,408960,3573.7211747169495,3271680,0.023206297
0.0017331099,0.14038086,2284.0,14.09,0.7653859555721283,962,3196,1.2965866,-0.010559284,409088,3574.786115884781,3272704,0.030445741
0.001973559,0.14282227,2288.59,14.04,0.8004380017518997,925,3197,1.2478403,-0.01154479,409216,3575.89302110672,3273728,0.028939452
0.002148096,0.19042969,2285.44,14.08,0.8307525664567947,953,3198,1.3107139,-0.011983322,409344,3576.967793226242,3274752,0.017345084
0.0016714603,0.14257812,2285.44,14.08,0.8951953873038292,976,3199,1.3666887,-0.012205433,409472,3578.017385482788,3275776,0.009048697
0.0016348668,0.17016602,2279.17,14.19,0.8575472086668015,966,3200,1.3071764,-0.010816336,409600,3579.078595161438,3276800,0.017638398
0.0018868666,0.16357422,2279.17,14.19,0.8020570278167725,974,3201,1.2938222,-0.011169534,409728,3580.1306285858154,3277824,0.0249382
0.0028072475,0.18237305,2271.62,14.28,0.9181950017809868,935,3202,1.285054,-0.012793406,409856,3581.225858449936,3278848,0.011125278
0.0016553949,0.16723633,2271.62,14.28,0.838878720998764,962,3203,1.302637,-0.011197436,409984,3582.290670156479,3279872,0.01677225
0.002097799,0.15893555,2271.62,14.28,0.747368723154068,913,3204,1.3053241,-0.008986319,410112,3583.4125413894653,3280896,0.018040575
0.0021661096,0.17407227,2271.62,14.28,0.8367344886064529,916,3205,1.3158231,-0.011849016,410240,3584.5305919647217,3281920,0.01729398
0.0018777455,0.15795898,2271.62,14.28,0.7166230380535126,970,3206,1.2935483,-0.009219655,410368,3585.5865726470947,3282944,0.02790274
0.0024205649,0.17919922,2267.62,14.35,0.7919843196868896,958,3207,1.2472504,-0.01282612,410496,3586.6556313037872,3283968,0.02402254
0.0021208916,0.17260742,2267.62,14.35,0.604467511177063,963,3208,1.2526965,-0.009267318,410624,3587.7193989753723,3284992,0.047976423
0.002438491,0.2006836,2269.15,14.36,0.8448100984096527,956,3209,1.313291,-0.013453791,410752,3588.7908828258514,3286016,0.01817575
0.001508641,0.1694336,2269.15,14.36,0.6575232744216919,961,3210,1.3008353,-0.00839328,410880,3589.8571400642395,3287040,0.0291496
0.0014816518,0.15112305,2269.15,14.36,0.8000433892011642,966,3211,1.3394115,-0.0103742415,411008,3590.9169750213623,3288064,0.024684258
0.0017145192,0.15161133,2269.15,14.36,0.7993625998497009,941,3212,1.3000969,-0.008530555,411136,3592.0057475566864,3289088,0.020247934
0.0018674715,0.19042969,2269.15,14.36,0.859279215335846,918,3213,1.2846911,-0.013112548,411264,3593.120960712433,3290112,0.019661563
0.0016534782,0.13476562,2269.15,14.36,0.8086930364370346,946,3214,1.2948664,-0.011571899,411392,3594.2032895088196,3291136,0.030199856
0.0014782932,0.14550781,2274.08,14.33,0.8384034186601639,899,3215,1.3373797,-0.010709548,411520,3595.3433315753937,3292160,0.027907833
0.00218149,0.1862793,2271.33,14.32,0.8045503199100494,906,3216,1.2859529,-0.013101673,411648,3596.4732654094696,3293184,0.028655922
0.0019996979,0.171875,2271.33,14.32,0.854144424200058,935,3217,1.3448596,-0.010802628,411776,3597.5686807632446,3294208,0.020579858
0.0018044051,0.17260742,2265.74,14.39,0.8024015724658966,935,3218,1.3512547,-0.008927974,411904,3598.664246082306,3295232,0.019440778
0.0018342275,0.14331055,2265.74,14.39,0.8867915645241737,962,3219,1.3060504,-0.011430491,412032,3599.7292993068695,3296256,0.013166667
0.0019027094,0.18334961,2262.77,14.45,0.7051762342453003,955,3220,1.3622313,-0.011224182,412160,3600.8022305965424,3297280,0.019031268
0.0019084358,0.12475586,2254.47,14.58,0.8258754163980484,954,3221,1.30189,-0.008683747,412288,3601.875409603119,3298304,0.016125891
0.001886522,0.15551758,2254.92,14.56,0.5716237723827362,935,3222,1.2577432,-0.011188798,412416,3602.971072912216,3299328,0.050649703
0.0014410324,0.1237793,2254.92,14.56,0.8372119963169098,916,3223,1.2880963,-0.011364211,412544,3604.088796377182,3300352,0.020803602
0.0019197243,0.17504883,2254.92,14.56,0.805367961525917,957,3224,1.2930012,-0.01218337,412672,3605.1586689949036,3301376,0.024439134
0.0018690481,0.16796875,2254.92,14.56,0.8676363229751587,937,3225,1.254909,-0.013010094,412800,3606.251520395279,3302400,0.016791185
0.0013516214,0.13671875,2256.75,14.52,0.7608921676874161,884,3226,1.2793206,-0.010035109,412928,3607.409927368164,3303424,0.036226727
0.0024854476,0.14331055,2256.75,14.52,0.7597835212945938,907,3227,1.3173393,-0.010284182,413056,3608.5396494865417,3304448,0.014275706
0.0021105553,0.1616211,2256.75,14.52,0.8101726323366165,962,3228,1.3186557,-0.009886147,413184,3609.6042773723602,3305472,0.017763363
0.001620203,0.17504883,2256.75,14.52,0.8083092123270035,972,3229,1.2959796,-0.0105538145,413312,3610.657777786255,3306496,0.022849476
0.00152468,0.15527344,2256.75,14.52,0.7895377427339554,954,3230,1.2647225,-0.01074818,413440,3611.7311992645264,3307520,0.020941526
0.0021640607,0.18969727,2256.75,14.52,0.8508314937353134,962,3231,1.3331573,-0.010634831,413568,3612.796282052994,3308544,0.017129734
0.0022040077,0.1665039,2256.97,14.53,0.8672621697187424,923,3232,1.2690845,-0.01197769,413696,3613.9064106941223,3309568,0.014481507
0.0013951523,0.13476562,2256.97,14.53,0.7447924315929413,908,3233,1.3051255,-0.009360413,413824,3615.033979177475,3310592,0.013126218
0.0013701037,0.14379883,2257.79,14.56,0.8340881317853928,907,3234,1.3041432,-0.013155738,413952,3616.163557291031,3311616,0.022685045
0.001377878,0.1315918,2257.79,14.56,0.8075556010007858,972,3235,1.2823027,-0.009890183,414080,3617.2193133831024,3312640,0.03308087
0.0016896881,0.15161133,2257.67,14.52,0.7991200238466263,949,3236,1.2988245,-0.012163754,414208,3618.298581600189,3313664,0.027392648
0.001530562,0.1574707,2258.02,14.57,0.8929872214794159,899,3237,1.2924359,-0.01210199,414336,3619.437250852585,3314688,0.011936867
0.002169912,0.16821289,2262.36,14.54,0.7111409306526184,920,3238,1.2230086,-0.011552947,414464,3620.550710916519,3315712,0.036699317
0.001683071,0.15112305,2262.36,14.54,0.833666667342186,976,3239,1.2722076,-0.011529398,414592,3621.6000185012817,3316736,0.021600721
0.0017029791,0.14941406,2261.75,14.56,0.8753768652677536,938,3240,1.2256727,-0.009149887,414720,3622.692695379257,3317760,0.013781347
0.0017664459,0.17602539,2261.75,14.56,0.772967666387558,968,3241,1.3078775,-0.010882537,414848,3623.750241279602,3318784,0.01307389
0.0018457588,0.15258789,2263.23,14.56,0.8400290161371231,943,3242,1.3424244,-0.00918654,414976,3624.836006164551,3319808,0.015082842
0.0023651214,0.17895508,2263.23,14.56,0.8192633986473083,973,3243,1.2413336,-0.013862163,415104,3625.888658761978,3320832,0.023596337
0.0018157974,0.15405273,2263.23,14.56,0.8054734468460083,958,3244,1.2912449,-0.013513366,415232,3626.958067417145,3321856,0.026308995
0.0015553086,0.14282227,2263.23,14.56,0.8573889881372452,958,3245,1.1999512,-0.010696506,415360,3628.027531862259,3322880,0.020051546
0.0020720768,0.17822266,2263.23,14.56,0.874032586812973,901,3246,1.2503211,-0.011307695,415488,3629.164773464203,3323904,0.013821737
0.0018218645,0.16381836,2263.23,14.56,0.7870974093675613,921,3247,1.3129154,-0.009500074,415616,3630.2772941589355,3324928,0.023644386
0.0019141003,0.17333984,2263.23,14.56,0.7829774916172028,900,3248,1.2853519,-0.011093715,415744,3631.4150743484497,3325952,0.023050748
0.0021084794,0.19262695,2263.23,14.56,0.7624173909425735,902,3249,1.2813078,-0.0100252,415872,3632.55011177063,3326976,0.026085317
0.0019536978,0.12158203,2263.23,14.56,0.715254545211792,904,3250,1.2609159,-0.00876273,416000,3633.682915210724,3328000,0.029423669
0.0017824641,0.15673828,2263.72,14.57,0.7260312438011169,910,3251,1.2577027,-0.009290463,416128,3634.80850481987,3329024,0.03346566
0.001635895,0.15234375,2267.88,14.54,0.7858892232179642,883,3252,1.235472,-0.010142174,416256,3635.9686653614044,3330048,0.028631186
0.001973262,0.16088867,2267.88,14.54,0.8582012206315994,961,3253,1.2497501,-0.0076412326,416384,3637.0344536304474,3331072,0.016158313
0.0016335517,0.14648438,2258.25,14.62,0.6985779702663422,886,3254,1.2959414,-0.010076476,416512,3638.1897542476654,3332096,0.029614335
0.0019249071,0.1772461,2258.25,14.62,0.8125095367431641,913,3255,1.251075,-0.011872798,416640,3639.310988664627,3333120,0.026563495
0.0017309376,0.14550781,2258.25,14.62,0.7773931473493576,922,3256,1.3085009,-0.009073932,416768,3640.421256542206,3334144,0.023200635
0.0014010202,0.13720703,2260.24,14.57,0.7855071127414703,958,3257,1.2693053,-0.010351281,416896,3641.4903020858765,3335168,0.02435191
0.0016021725,0.15820312,2265.18,14.54,0.8144007623195648,973,3258,1.2842579,-0.01136911,417024,3642.5429923534393,3336192,0.023399107
0.0016955287,0.16040039,2265.18,14.54,0.7597435414791107,973,3259,1.3044502,-0.009993812,417152,3643.5952529907227,3337216,0.031540625
0.0015279031,0.123046875,2265.18,14.54,0.8407098650932312,948,3260,1.2591498,-0.008952016,417280,3644.675311088562,3338240,0.02023785
0.0018727067,0.11987305,2268.05,14.52,0.739829033613205,953,3261,1.2945503,-0.009125014,417408,3645.750403404236,3339264,0.025124976
0.0013322422,0.13769531,2268.05,14.52,0.7356846332550049,959,3262,1.3409086,-0.008945354,417536,3646.818909883499,3340288,0.023110744
0.0020903358,0.17822266,2268.05,14.52,0.8023365885019302,971,3263,1.3077899,-0.010452948,417664,3647.873613357544,3341312,0.022463333
0.0017245727,0.12182617,2268.05,14.52,0.7332583069801331,926,3264,1.2909676,-0.008310111,417792,3648.979099750519,3342336,0.025578422
0.0016581042,0.14501953,2268.05,14.52,0.840305283665657,962,3265,1.2806865,-0.008783152,417920,3650.044051170349,3343360,0.020620832
0.0015859698,0.15771484,2268.05,14.52,0.8128681182861328,953,3266,1.3230621,-0.008455321,418048,3651.1183366775513,3344384,0.016006026
0.0010804747,0.119384766,2268.05,14.52,0.7899259477853775,977,3267,1.3242737,-0.008059727,418176,3652.1669886112213,3345408,0.021422546
0.0016549045,0.1508789,2268.05,14.52,0.9150682762265205,965,3268,1.3155315,-0.011257509,418304,3653.228673219681,3346432,0.010766201
0.0015893163,0.15136719,2268.05,14.52,0.7677363902330399,938,3269,1.3138927,-0.01218101,418432,3654.320865392685,3347456,0.0323106
0.0013563487,0.13427734,2268.05,14.52,0.7664092928171158,900,3270,1.3378333,-0.010231927,418560,3655.459320783615,3348480,0.029354192
0.0015365703,0.13793945,2267.13,14.5,0.8311512172222137,888,3271,1.267059,-0.011549994,418688,3656.6121003627777,3349504,0.019439
0.0014020177,0.1303711,2267.13,14.5,0.813583105802536,898,3272,1.3436204,-0.009520904,418816,3657.7519335746765,3350528,0.021986067
0.0020793912,0.15649414,2267.13,14.5,0.7441100776195526,969,3273,1.296813,-0.010280698,418944,3658.80934214592,3351552,0.023056267
0.0017992262,0.14550781,2265.23,14.49,0.7477639615535736,949,3274,1.2585092,-0.012510446,419072,3659.8887140750885,3352576,0.039572716
0.0017899231,0.13964844,2265.26,14.47,0.7705116719007492,949,3275,1.3222339,-0.010121683,419200,3660.968147754669,3353600,0.030310065
0.0015148877,0.14819336,2275.3,14.4,0.7935004979372025,947,3276,1.2287899,-0.010276338,419328,3662.049782514572,3354624,0.029162552
0.0014082303,0.14233398,2275.3,14.4,0.779753252863884,982,3277,1.3031293,-0.010243688,419456,3663.093157052994,3355648,0.032546457
0.0014773345,0.14892578,2275.3,14.4,0.8738309442996979,961,3278,1.3420712,-0.010285021,419584,3664.159176826477,3356672,0.01124839
0.0016559073,0.17041016,2275.3,14.4,0.8327312022447586,968,3279,1.349136,-0.009577882,419712,3665.2176942825317,3357696,0.018232469
0.00182723,0.16308594,2275.3,14.4,0.7790509462356567,958,3280,1.3234131,-0.010998321,419840,3666.287116765976,3358720,0.026867738
0.0017265312,0.15258789,2275.3,14.4,0.7323073446750641,963,3281,1.2918562,-0.008891645,419968,3667.351297855377,3359744,0.02590872
0.0019198097,0.15356445,2275.3,14.4,0.8049561828374863,955,3282,1.3267595,-0.010555387,420096,3668.4238588809967,3360768,0.020752717
0.0011878391,0.1274414,2275.3,14.4,0.7926596701145172,953,3283,1.2896123,-0.011886506,420224,3669.4988107681274,3361792,0.028988238
0.0019863117,0.15893555,2275.3,14.4,0.7214080691337585,945,3284,1.2890048,-0.009720689,420352,3670.5824086666107,3362816,0.029902525
0.0013794238,0.1352539,2275.3,14.4,0.8016832619905472,981,3285,1.3202839,-0.010789972,420480,3671.62716960907,3363840,0.018879589
0.0012908708,0.15234375,2275.3,14.4,0.8722645491361618,920,3286,1.3220484,-0.008968391,420608,3672.7401814460754,3364864,0.008561017
0.0011166505,0.109375,2275.3,14.4,0.8289584368467331,959,3287,1.3283026,-0.009218719,420736,3673.807694911957,3365888,0.010097164
0.001850122,0.18164062,2275.36,14.39,0.801909402012825,911,3288,1.302619,-0.009254287,420864,3674.931971549988,3366912,0.023502663
0.0020641321,0.15625,2275.36,14.39,0.6960338056087494,914,3289,1.264245,-0.008042791,420992,3676.0520927906036,3367936,0.032545302
0.0014438846,0.13208008,2268.96,14.46,0.7814652621746063,891,3290,1.2932698,-0.011782566,421120,3677.2026188373566,3368960,0.027537633
0.001841428,0.14624023,2268.3,14.45,0.7801732569932938,962,3291,1.3068305,-0.011012251,421248,3678.2669801712036,3369984,0.028567225
0.0021886458,0.15673828,2268.3,14.45,0.7730904072523117,932,3292,1.3013822,-0.009492399,421376,3679.3654017448425,3371008,0.026102467
0.0017892398,0.18530273,2268.3,14.45,0.8584778308868408,917,3293,1.291361,-0.011064474,421504,3680.4822809696198,3372032,0.018383775
0.0013895831,0.1694336,2264.65,14.45,0.8428698480129242,939,3294,1.2896295,-0.01037323,421632,3681.5732095241547,3373056,0.01909202
0.0016114467,0.14404297,2265.98,14.4,0.7863745093345642,906,3295,1.2430575,-0.011363076,421760,3682.7029740810394,3374080,0.024472052
0.0027444672,0.17407227,2265.98,14.4,0.7551541179418564,960,3296,1.2512105,-0.008629361,421888,3683.770335674286,3375104,0.029306732
0.001668722,0.16259766,2265.98,14.4,0.7105603814125061,959,3297,1.344524,-0.010070398,422016,3684.8388607501984,3376128,0.026429346
0.0014528811,0.13842773,2265.98,14.4,0.77350714802742,901,3298,1.3035088,-0.009672114,422144,3685.975000858307,3377152,0.031401593
0.0013116424,0.12963867,2265.98,14.4,0.8589041233062744,977,3299,1.2784743,-0.009784017,422272,3687.0235466957092,3378176,0.0113784205
0.0010506256,0.11303711,2265.98,14.4,0.8734012395143509,943,3300,1.3137609,-0.006646486,422400,3688.109217643738,3379200,0.013491211
0.0015674437,0.16674805,2265.98,14.4,0.8244114369153976,910,3301,1.3284897,-0.008745375,422528,3689.234776496887,3380224,0.016407127
0.0009461602,0.08203125,2265.98,14.4,0.827916607260704,898,3302,1.2922678,-0.007870128,422656,3690.3750619888306,3381248,0.021690916
0.001490175,0.16040039,2265.98,14.4,0.7365725338459015,911,3303,1.3206651,-0.00943761,422784,3691.4986209869385,3382272,0.020702157
0.0019558128,0.13696289,2266.71,14.42,0.7488009035587311,944,3304,1.2655523,-0.010049883,422912,3692.583462715149,3383296,0.037431967
0.0019431696,0.1381836,2266.71,14.42,0.726290374994278,973,3305,1.2779293,-0.009872545,423040,3693.6365344524384,3384320,0.031176545
0.0017853513,0.15625,2267.02,14.41,0.8276254832744598,943,3306,1.2826203,-0.011282712,423168,3694.7223665714264,3385344,0.022383196
0.001410593,0.14379883,2267.02,14.41,0.6250947415828705,955,3307,1.2325932,-0.010264197,423296,3695.794211626053,3386368,0.04760136
0.001325039,0.13647461,2267.02,14.41,0.7197153270244598,906,3308,1.2683506,-0.008431446,423424,3696.924400806427,3387392,0.03936889
0.0016466107,0.15771484,2281.74,14.23,0.7910469025373459,926,3309,1.1932007,-0.009978474,423552,3698.0303041934967,3388416,0.028983433
0.0016045318,0.1328125,2281.74,14.23,0.834822952747345,917,3310,1.2937038,-0.010086667,423680,3699.1472058296204,3389440,0.017471908
0.00198291,0.18066406,2281.0,14.25,0.8896803855895996,897,3311,1.2822825,-0.008816375,423808,3700.28924036026,3390464,0.008895031
0.0017562632,0.16772461,2281.0,14.25,0.805176392197609,907,3312,1.2773693,-0.009207828,423936,3701.4179694652557,3391488,0.01566783
0.0018406638,0.1459961,2285.49,14.24,0.7151886820793152,906,3313,1.296746,-0.010444228,424064,3702.5481209754944,3392512,0.029888872
0.0016186708,0.14794922,2285.49,14.24,0.7687628120183945,905,3314,1.2639391,-0.010079002,424192,3703.679510831833,3393536,0.025814943
0.0020397177,0.15698242,2285.49,14.24,0.8198942989110947,940,3315,1.2746722,-0.009993601,424320,3704.7695500850677,3394560,0.022423692
0.0023536887,0.16430664,2285.49,14.24,0.7088896334171295,935,3316,1.2524154,-0.010720928,424448,3705.8650557994843,3395584,0.033430077
0.0017133077,0.15014648,2285.49,14.24,0.8344224542379379,891,3317,1.24326,-0.011211873,424576,3707.014705657959,3396608,0.01604716
0.0017312982,0.16772461,2285.49,14.24,0.8808916360139847,983,3318,1.2524024,-0.011734253,424704,3708.056634426117,3397632,0.009934194
0.0015909933,0.14233398,2285.49,14.24,0.8063184767961502,976,3319,1.3113313,-0.009474801,424832,3709.1063470840454,3398656,0.019174589
0.0015422525,0.16430664,2285.49,14.24,0.7505916655063629,931,3320,1.2885909,-0.010298014,424960,3710.206969022751,3399680,0.024734674
0.0016695549,0.14550781,2281.64,14.27,0.7514632642269135,887,3321,1.2447124,-0.010207793,425088,3711.361687898636,3400704,0.035996325
0.001487946,0.13452148,2281.64,14.27,0.8219428807497025,938,3322,1.2698956,-0.011640973,425216,3712.45295381546,3401728,0.02218811
0.0015465776,0.1484375,2281.64,14.27,0.8877497166395187,905,3323,1.2435131,-0.011784317,425344,3713.585031270981,3402752,0.013082695
0.0012927671,0.13354492,2274.6,14.33,0.804996058344841,907,3324,1.303264,-0.010121137,425472,3714.713743209839,3403776,0.021905497
0.0018835604,0.14111328,2274.6,14.33,0.8427634686231613,953,3325,1.283307,-0.010908954,425600,3715.7887806892395,3404800,0.019796679
0.0017200207,0.13476562,2274.39,14.3,0.7933911234140396,911,3326,1.2881824,-0.010627894,425728,3716.9135723114014,3405824,0.024389442
0.0016118248,0.14331055,2274.39,14.3,0.8181294351816177,896,3327,1.2770141,-0.008971673,425856,3718.0560994148254,3406848,0.028977752
0.0020899095,0.19018555,2273.11,14.3,0.8114859908819199,910,3328,1.2425166,-0.011194771,425984,3719.182004928589,3407872,0.0220025
0.0016093255,0.12426758,2273.11,14.3,0.7986864000558853,920,3329,1.2287072,-0.009247884,426112,3720.2951390743256,3408896,0.024771437
0.0011861303,0.13696289,2269.82,14.35,0.8172670751810074,913,3330,1.3042762,-0.009027631,426240,3721.416656732559,3409920,0.015553654
0.001701005,0.15454102,2274.57,14.31,0.8560666143894196,958,3331,1.2788286,-0.010903891,426368,3722.4858384132385,3410944,0.017698068
0.0020557623,0.11743164,2274.57,14.31,0.8183808028697968,924,3332,1.2622982,-0.009342533,426496,3723.5947663784027,3411968,0.020508725
0.0014877492,0.15185547,2274.57,14.31,0.8832321390509605,893,3333,1.295653,-0.01238339,426624,3724.741718530655,3412992,0.012558162
0.0013666662,0.15673828,2274.57,14.31,0.7945111095905304,909,3334,1.306999,-0.009213595,426752,3725.8681132793427,3414016,0.019160677
0.0015187305,0.13012695,2274.57,14.31,0.805709108710289,939,3335,1.306051,-0.009908102,426880,3726.9588418006897,3415040,0.019745931
0.0019784153,0.19311523,2274.57,14.31,0.8031090199947357,916,3336,1.2650919,-0.011091144,427008,3728.0773465633392,3416064,0.02972524
0.0020727885,0.18017578,2275.71,14.32,0.7109819948673248,891,3337,1.2684273,-0.010885425,427136,3729.2267167568207,3417088,0.045596097
0.0014442839,0.13330078,2275.71,14.32,0.7785557359457016,916,3338,1.2129874,-0.00940788,427264,3730.3450372219086,3418112,0.030705523
0.0022387318,0.15673828,2275.71,14.32,0.8628402203321457,916,3339,1.3219814,-0.009953067,427392,3731.463261604309,3419136,0.016884163
0.0016428402,0.1381836,2272.36,14.41,0.7853949517011642,914,3340,1.2503566,-0.0103230495,427520,3732.58322930336,3420160,0.027535837
0.0016372461,0.119384766,2272.36,14.41,0.8388233780860901,901,3341,1.2301142,-0.009449671,427648,3733.7203607559204,3421184,0.021665243
0.0017495007,0.16210938,2272.36,14.41,0.839169517159462,953,3342,1.3400588,-0.009441137,427776,3734.795446872711,3422208,0.019330904
0.0018531354,0.14331055,2270.86,14.4,0.753151997923851,945,3343,1.2697428,-0.011541561,427904,3735.878847837448,3423232,0.024768569
0.0014020895,0.15820312,2256.95,14.51,0.870620921254158,918,3344,1.3233595,-0.009964459,428032,3736.99493265152,3424256,0.011154141
0.001564003,0.15942383,2256.95,14.51,0.6703461110591888,961,3345,1.3149126,-0.0107757095,428160,3738.0608339309692,3425280,0.04320832
0.0015478621,0.14819336,2256.95,14.51,0.732881486415863,975,3346,1.2360281,-0.011833426,428288,3739.111559152603,3426304,0.04617373
0.0011821529,0.12963867,2251.0,14.55,0.8751059621572495,935,3347,1.345881,-0.010338538,428416,3740.2065267562866,3427328,0.008514598
0.0021409695,0.14672852,2251.0,14.55,0.8213777393102646,970,3348,1.3022542,-0.010406773,428544,3741.262189388275,3428352,0.021926647
0.001602356,0.15576172,2251.0,14.55,0.8031417280435562,917,3349,1.3384796,-0.010029823,428672,3742.378798723221,3429376,0.019438086
0.0015230889,0.13647461,2251.0,14.55,0.7626316845417023,959,3350,1.2810744,-0.010802379,428800,3743.446649312973,3430400,0.031774506
0.0017788188,0.13916016,2257.5,14.51,0.7173936665058136,955,3351,1.274724,-0.01058014,428928,3744.5190007686615,3431424,0.03251955
0.0013695925,0.13476562,2257.5,14.51,0.7593552619218826,969,3352,1.2772132,-0.009100405,429056,3745.575718164444,3432448,0.023509802
0.0018418125,0.1574707,2257.5,14.51,0.6816302239894867,950,3353,1.2815907,-0.01076803,429184,3746.6533584594727,3433472,0.03695202
0.001359099,0.1328125,2257.5,14.51,0.785184696316719,913,3354,1.2710865,-0.008131399,429312,3747.775167942047,3434496,0.02251592
0.0016247632,0.17773438,2257.5,14.51,0.765455812215805,934,3355,1.3269709,-0.0085541215,429440,3748.8714368343353,3435520,0.016641896
0.0020492743,0.18920898,2256.86,14.5,0.820453479886055,919,3356,1.2758161,-0.01129327,429568,3749.9855914115906,3436544,0.018121105
0.0018670183,0.16040039,2256.86,14.5,0.8979113474488258,942,3357,1.2696917,-0.011150977,429696,3751.073232650757,3437568,0.010677447
0.0018315521,0.13305664,2251.86,14.55,0.7727859169244766,898,3358,1.2630111,-0.008017633,429824,3752.213274002075,3438592,0.026339374
0.0017046406,0.1652832,2245.17,14.64,0.7474875748157501,890,3359,1.2962933,-0.010914579,429952,3753.3638610839844,3439616,0.024808032
0.001671251,0.16113281,2245.17,14.64,0.809229701757431,936,3360,1.3198636,-0.012714279,430080,3754.458336353302,3440640,0.023486871
0.0019485791,0.19238281,2245.17,14.64,0.8013264089822769,890,3361,1.3051088,-0.0128484145,430208,3755.609186887741,3441664,0.028482372
0.0025261138,0.16552734,2252.97,14.6,0.6715345084667206,888,3362,1.2403476,-0.010221662,430336,3756.762451171875,3442688,0.03766038
0.0019733869,0.16040039,2252.97,14.6,0.677981436252594,907,3363,1.2383811,-0.012179212,430464,3757.8920102119446,3443712,0.045275442
0.0014684908,0.15917969,2252.97,14.6,0.8315905034542084,908,3364,1.3090013,-0.010013101,430592,3759.020021677017,3444736,0.01570897
0.0014764423,0.14160156,2252.97,14.6,0.7877514064311981,924,3365,1.347503,-0.0064880187,430720,3760.128744840622,3445760,0.013851517
0.0014933683,0.15161133,2254.12,14.57,0.8055514395236969,904,3366,1.2760125,-0.009775005,430848,3761.261211156845,3446784,0.023904923
0.0016692971,0.15209961,2254.12,14.57,0.7749999016523361,945,3367,1.259542,-0.011105948,430976,3762.3448572158813,3447808,0.029883325
0.0016946198,0.14550781,2254.12,14.57,0.6980454325675964,906,3368,1.2673467,-0.011900007,431104,3763.4750125408173,3448832,0.037625104
0.0017252603,0.14624023,2254.12,14.57,0.6489473879337311,899,3369,1.1804844,-0.010203709,431232,3764.613971233368,3449856,0.046690576
0.0012483194,0.12524414,2254.12,14.57,0.7440452873706818,911,3370,1.3130339,-0.010616847,431360,3765.737816810608,3450880,0.02889787
0.0014506333,0.14697266,2254.12,14.57,0.8217797875404358,967,3371,1.2783269,-0.010760902,431488,3766.7980151176453,3451904,0.021354549
0.0011834888,0.12451172,2255.36,14.59,0.7770736515522003,908,3372,1.3120161,-0.009487987,431616,3767.926189184189,3452928,0.013920055
0.0013219194,0.14892578,2255.36,14.59,0.8437671810388565,953,3373,1.3224328,-0.007890024,431744,3769.000478744507,3453952,0.010364205
0.0015945745,0.17602539,2255.36,14.59,0.8454902917146683,907,3374,1.3160368,-0.010234298,431872,3770.1291978359222,3454976,0.016331512
0.0020928644,0.17285156,2257.89,14.6,0.8039125502109528,900,3375,1.2647234,-0.0113832215,432000,3771.2670810222626,3456000,0.029407494
0.0014481541,0.13574219,2260.64,14.61,0.757696270942688,910,3376,1.2956482,-0.01163371,432128,3772.392436027527,3457024,0.031762816
0.0016945085,0.14624023,2258.54,14.64,0.7831880897283554,876,3377,1.2559068,-0.010474819,432256,3773.5611131191254,3458048,0.026037501
0.0016939243,0.16235352,2260.44,14.6,0.7996030747890472,913,3378,1.2736074,-0.011131718,432384,3774.6832802295685,3459072,0.021855803
0.0016480869,0.1430664,2260.44,14.6,0.8553023487329483,959,3379,1.3223197,-0.010866077,432512,3775.7517647743225,3460096,0.014418733
0.0019691782,0.16723633,2260.44,14.6,0.734915018081665,974,3380,1.2762718,-0.009904101,432640,3776.8029193878174,3461120,0.03309044
0.0013849651,0.14013672,2260.44,14.6,0.806167870759964,974,3381,1.351033,-0.011490256,432768,3777.854678630829,3462144,0.01351637
0.0012139307,0.119628906,2262.39,14.56,0.9339978471398354,943,3382,1.347633,-0.011091437,432896,3778.9406926631927,3463168,0.0039115595
0.0018312794,0.13842773,2262.39,14.56,0.719476729631424,956,3383,1.3213922,-0.008287469,433024,3780.011949300766,3464192,0.016673872
0.0013531914,0.13671875,2262.39,14.56,0.7511938065290451,961,3384,1.3135519,-0.010953358,433152,3781.0771749019623,3465216,0.024210755
0.0014751086,0.119384766,2262.39,14.56,0.8173251450061798,951,3385,1.3265611,-0.009730712,433280,3782.154093503952,3466240,0.023146434
0.0012644026,0.13720703,2262.39,14.56,0.8302363604307175,934,3386,1.3064548,-0.009810803,433408,3783.2516775131226,3467264,0.02448916
0.0015158475,0.13305664,2262.39,14.56,0.875341959297657,930,3387,1.340824,-0.012321593,433536,3784.3532309532166,3468288,0.015453992
0.001858558,0.17919922,2262.39,14.56,0.7563443928956985,908,3388,1.3423648,-0.011316153,433664,3785.4814331531525,3469312,0.025056085
0.0018753526,0.18237305,2262.39,14.56,0.7910616844892502,971,3389,1.3014809,-0.009986138,433792,3786.5360684394836,3470336,0.02310717
0.0015670193,0.16259766,2260.55,14.62,0.8423128426074982,942,3390,1.3751961,-0.010560261,433920,3787.6238102912903,3471360,0.013698975
0.001561174,0.13427734,2268.94,14.59,0.7616177797317505,966,3391,1.2933862,-0.010965227,434048,3788.6847932338715,3472384,0.039675493
0.001128648,0.10961914,2270.97,14.56,0.7408445179462433,960,3392,1.2644174,-0.010455838,434176,3789.751783132553,3473408,0.03396118
0.0015761732,0.14233398,2262.76,14.68,0.8335567712783813,962,3393,1.2887592,-0.010735718,434304,3790.816437482834,3474432,0.021932632
0.0016639736,0.12988281,2262.76,14.68,0.6826793551445007,968,3394,1.2543676,-0.01056987,434432,3791.8741583824158,3475456,0.037833735
0.0016388671,0.13671875,2266.08,14.68,0.8224891275167465,943,3395,1.3081048,-0.009933221,434560,3792.9605877399445,3476480,0.02418775
0.0015336504,0.13696289,2266.08,14.68,0.8356858938932419,938,3396,1.3285482,-0.012520632,434688,3794.052295446396,3477504,0.023455143
0.0012665626,0.12841797,2266.08,14.68,0.8238410502672195,955,3397,1.3574392,-0.010846014,434816,3795.1245410442352,3478528,0.01654521
0.0015937452,0.1459961,2266.08,14.68,0.8327966034412384,959,3398,1.3092932,-0.010857008,434944,3796.1930000782013,3479552,0.021420328
0.0016964319,0.1274414,2266.08,14.68,0.7896821796894073,946,3399,1.2473838,-0.009947385,435072,3797.2758882045746,3480576,0.03278367
0.0017861999,0.16772461,2266.08,14.68,0.8589147478342056,966,3400,1.3365996,-0.01133105,435200,3798.336436986923,3481600,0.0124860415
0.0013950451,0.13867188,2266.08,14.68,0.7531142830848694,973,3401,1.3353505,-0.010094323,435328,3799.388784646988,3482624,0.030119412
0.0013773771,0.1459961,2266.08,14.68,0.7950108796358109,964,3402,1.3182517,-0.01072444,435456,3800.451744556427,3483648,0.02963848
0.0013940218,0.13452148,2266.08,14.68,0.8661452382802963,940,3403,1.2554029,-0.008752365,435584,3801.541374206543,3484672,0.018565305
0.0015452489,0.15429688,2271.3,14.66,0.8090168833732605,914,3404,1.3223104,-0.010309232,435712,3802.661478281021,3485696,0.025467144
0.0013711402,0.15039062,2265.29,14.73,0.7741954624652863,952,3405,1.3199261,-0.011449121,435840,3803.737405061722,3486720,0.030337293
0.0019188735,0.13964844,2265.29,14.73,0.7847274392843246,965,3406,1.3348017,-0.009754097,435968,3804.799563884735,3487744,0.029328294
0.0013657057,0.13208008,2265.29,14.73,0.8115529865026474,956,3407,1.3077329,-0.011738287,436096,3805.87078666687,3488768,0.028975086
0.0013856203,0.13891602,2266.35,14.73,0.795234277844429,960,3408,1.2892028,-0.011586435,436224,3806.937889099121,3489792,0.030918883
0.0017573142,0.1809082,2269.83,14.71,0.7549336403608322,959,3409,1.3318622,-0.012498129,436352,3808.0056352615356,3490816,0.01576462
0.0018338731,0.15039062,2274.24,14.66,0.8398844450712204,955,3410,1.3398442,-0.010340802,436480,3809.0782384872437,3491840,0.015143835
0.0016397315,0.15136719,2274.24,14.66,0.8372683078050613,978,3411,1.2756784,-0.0127345715,436608,3810.1265168190002,3492864,0.02467002
0.0014458476,0.14770508,2274.24,14.66,0.7392296493053436,937,3412,1.2885607,-0.010644927,436736,3811.2200667858124,3493888,0.034184277
0.0015672832,0.14575195,2274.24,14.66,0.784991517663002,969,3413,1.3562747,-0.012538876,436864,3812.2773563861847,3494912,0.016466169
0.0020329957,0.17163086,2274.71,14.73,0.8075910657644272,955,3414,1.2898083,-0.011649793,436992,3813.3501069545746,3495936,0.01746947
0.0017236754,0.14990234,2284.11,14.63,0.7098382413387299,944,3415,1.290861,-0.0112279765,437120,3814.4352753162384,3496960,0.035599608
0.0020598536,0.1352539,2284.11,14.63,0.8424877673387527,952,3416,1.2656592,-0.0088468045,437248,3815.51105260849,3497984,0.022640638
0.0019871013,0.17822266,2289.62,14.55,0.7409208416938782,956,3417,1.28156,-0.009109909,437376,3816.5823636054993,3499008,0.03104937
0.0013404984,0.13134766,2289.62,14.55,0.7613242566585541,926,3418,1.3105618,-0.010804618,437504,3817.68780374527,3500032,0.022935014
0.0015373228,0.16088867,2289.62,14.55,0.7872009873390198,912,3419,1.3600569,-0.009637693,437632,3818.810914039612,3501056,0.02806324
0.0014085689,0.13696289,2289.62,14.55,0.8364158421754837,953,3420,1.2981852,-0.010046871,437760,3819.885704755783,3502080,0.02283185
0.0014908671,0.103027344,2285.49,14.58,0.7807039171457291,956,3421,1.3279643,-0.0096467985,437888,3820.956977367401,3503104,0.021240387
0.0016467692,0.17016602,2285.49,14.58,0.7616429775953293,960,3422,1.3195302,-0.009638058,438016,3822.0237164497375,3504128,0.03261341
0.0015767852,0.1640625,2284.6,14.57,0.8463880568742752,946,3423,1.317992,-0.010883,438144,3823.1068692207336,3505152,0.019353548
0.0015052351,0.14990234,2284.6,14.57,0.7864157259464264,959,3424,1.309908,-0.010902886,438272,3824.174652814865,3506176,0.02524189
0.0014953578,0.15527344,2284.16,14.57,0.8203316032886505,961,3425,1.3059012,-0.009537172,438400,3825.24037027359,3507200,0.016165702
0.0013964926,0.14770508,2284.16,14.57,0.8310216814279556,970,3426,1.3675957,-0.010792644,438528,3826.2958431243896,3508224,0.009186797
0.0014656696,0.15161133,2285.49,14.55,0.8333467245101929,948,3427,1.3197455,-0.01050027,438656,3827.375992298126,3509248,0.020489857
0.0016071614,0.17211914,2285.49,14.55,0.7882087379693985,915,3428,1.2767922,-0.010765399,438784,3828.4947516918182,3510272,0.021570418
0.0021718242,0.15942383,2285.49,14.55,0.7740980684757233,908,3429,1.3110683,-0.0106730815,438912,3829.6224863529205,3511296,0.020916615
0.0015760231,0.15893555,2285.49,14.55,0.8038100302219391,961,3430,1.2817289,-0.010186767,439040,3830.6884727478027,3512320,0.018965468
0.0023516356,0.19726562,2284.05,14.56,0.8104168772697449,904,3431,1.2513338,-0.010701878,439168,3831.82129240036,3513344,0.02936629
0.0016590637,0.16430664,2284.05,14.56,0.808217465877533,900,3432,1.2774209,-0.0117447,439296,3832.9590187072754,3514368,0.026936525
0.001597737,0.16088867,2283.66,14.55,0.7926121801137924,928,3433,1.2725918,-0.010009719,439424,3834.0631082057953,3515392,0.022329425
0.0020369072,0.16186523,2279.78,14.57,0.7996801137924194,944,3434,1.2556974,-0.010708646,439552,3835.148299217224,3516416,0.02183838
0.0015080136,0.1538086,2279.78,14.57,0.724932461977005,972,3435,1.2499032,-0.00908872,439680,3836.2018332481384,3517440,0.044610623
0.0018311087,0.17504883,2279.78,14.57,0.851032167673111,962,3436,1.3422959,-0.012087924,439808,3837.266175031662,3518464,0.017447796
0.0012374014,0.104003906,2278.63,14.59,0.810886412858963,956,3437,1.2820401,-0.009267656,439936,3838.337970972061,3519488,0.016542217
0.0014913946,0.12792969,2278.63,14.59,0.7575383633375168,958,3438,1.2893345,-0.008746031,440064,3839.4071197509766,3520512,0.03179985
0.001677781,0.16601562,2277.39,14.62,0.7992262542247772,960,3439,1.3469604,-0.009691119,440192,3840.4737293720245,3521536,0.02561424
0.0018280973,0.18701172,2277.39,14.62,0.7059857845306396,956,3440,1.2585931,-0.009762661,440320,3841.544826745987,3522560,0.050342977
0.0013774275,0.14233398,2278.66,14.61,0.7564728111028671,927,3441,1.277163,-0.008606025,440448,3842.649190425873,3523584,0.026917167
0.0017618329,0.1472168,2274.73,14.65,0.8631341755390167,900,3442,1.3420935,-0.010978637,440576,3843.787757873535,3524608,0.010123976
0.0014503871,0.13793945,2276.44,14.63,0.6543161273002625,949,3443,1.2811513,-0.009478138,440704,3844.8667800426483,3525632,0.03926789
0.0018478628,0.1730957,2276.44,14.63,0.7557348608970642,963,3444,1.3268048,-0.0109817395,440832,3845.9299058914185,3526656,0.022077378
0.001483347,0.17553711,2276.44,14.63,0.7714672833681107,952,3445,1.3337089,-0.0101548545,440960,3847.005702495575,3527680,0.016076447
0.001491933,0.15112305,2276.62,14.63,0.8471832573413849,910,3446,1.3146173,-0.009669114,441088,3848.1315970420837,3528704,0.014806429
0.0017827782,0.13964844,2276.62,14.63,0.6693469285964966,934,3447,1.2798433,-0.008805328,441216,3849.228073835373,3529728,0.0352198
0.0014112664,0.12670898,2276.62,14.63,0.8461574018001556,943,3448,1.3334267,-0.008899633,441344,3850.313949108124,3530752,0.0106720915
0.0018746409,0.18774414,2276.62,14.63,0.6704247295856476,988,3449,1.3337375,-0.008371109,441472,3851.3509290218353,3531776,0.029728817
0.0014270958,0.15014648,2276.62,14.63,0.8612979799509048,952,3450,1.3031756,-0.010800618,441600,3852.4268324375153,3532800,0.018462073
0.0015584833,0.14404297,2278.27,14.63,0.8186882883310318,891,3451,1.2992363,-0.009840145,441728,3853.5756981372833,3533824,0.01863055
0.0011302093,0.11230469,2278.27,14.63,0.7346989810466766,952,3452,1.3188598,-0.009799584,441856,3854.6511821746826,3534848,0.02713994
0.0010520956,0.110839844,2278.27,14.63,0.7603969871997833,938,3453,1.3253224,-0.008944941,441984,3855.7431116104126,3535872,0.015706444
0.0017408333,0.15209961,2278.27,14.63,0.8601021766662598,897,3454,1.3759984,-0.011899675,442112,3856.8852117061615,3536896,0.011643588
0.001342735,0.15039062,2272.04,14.7,0.8276132345199585,980,3455,1.3143091,-0.009005978,442240,3857.9304478168488,3537920,0.013827205
0.0014109637,0.13330078,2272.04,14.7,0.7056802213191986,959,3456,1.3230546,-0.008748364,442368,3858.99831366539,3538944,0.022022706
0.0017838398,0.16455078,2268.84,14.71,0.8255844265222549,945,3457,1.3353244,-0.01098411,442496,3860.082197904587,3539968,0.015309266
0.0023316732,0.18969727,2262.35,14.8,0.8625490516424179,950,3458,1.3214648,-0.009912432,442624,3861.1607568264008,3540992,0.009272036
0.0020159122,0.18066406,2268.71,14.7,0.7640916258096695,966,3459,1.2972717,-0.0097486265,442752,3862.2205686569214,3542016,0.026115656
0.0014782664,0.15722656,2268.71,14.7,0.829648032784462,976,3460,1.3316953,-0.009946719,442880,3863.2704701423645,3543040,0.02407112
0.0019917057,0.15112305,2268.71,14.7,0.6373045444488525,977,3461,1.2515178,-0.010261903,443008,3864.318891763687,3544064,0.02987502
0.0015896709,0.14477539,2268.71,14.7,0.7332033812999725,961,3462,1.3378724,-0.008848362,443136,3865.3847091197968,3545088,0.015793247
0.0015020262,0.15844727,2268.71,14.7,0.8337792903184891,971,3463,1.3393121,-0.009487361,443264,3866.4389429092407,3546112,0.013349212
0.0017578703,0.1772461,2264.63,14.72,0.7795589417219162,944,3464,1.32243,-0.010798729,443392,3867.523334980011,3547136,0.021118585
0.0016048992,0.16381836,2264.63,14.72,0.8508064150810242,977,3465,1.3423504,-0.01035828,443520,3868.655344724655,3548160,0.01910477
0.00196431,0.19067383,2261.86,14.72,0.783426508307457,892,3466,1.3182558,-0.011455866,443648,3869.8039667606354,3549184,0.023095746
0.0015365005,0.14575195,2261.86,14.72,0.8046652674674988,987,3467,1.2994945,-0.009828748,443776,3870.8415100574493,3550208,0.022701617
0.0014341624,0.16064453,2253.84,14.8,0.7832848131656647,952,3468,1.3375227,-0.010418207,443904,3871.917213201523,3551232,0.028675899
0.001841616,0.19042969,2253.84,14.8,0.8357209861278534,982,3469,1.3523352,-0.0100733945,444032,3872.95973610878,3552256,0.012547653
0.0017180267,0.15771484,2253.84,14.8,0.6033069491386414,960,3470,1.3000958,-0.008644769,444160,3874.026377916336,3553280,0.040731892
0.0014555266,0.14453125,2253.84,14.8,0.7797901928424835,967,3471,1.3030249,-0.011574451,444288,3875.085458755493,3554304,0.026898177
0.0014707505,0.1340332,2253.84,14.8,0.7380786240100861,953,3472,1.3047857,-0.010549847,444416,3876.1600756645203,3555328,0.029319538
0.0013215629,0.12768555,2253.84,14.8,0.7748160809278488,959,3473,1.3478756,-0.010046851,444544,3877.228380918503,3556352,0.030695219
0.0014043758,0.13378906,2253.84,14.8,0.8159283697605133,963,3474,1.320603,-0.011088213,444672,3878.2924122810364,3557376,0.018732399
0.0019426477,0.15063477,2253.63,14.8,0.8656711578369141,962,3475,1.3252487,-0.010377715,444800,3879.3569886684418,3558400,0.016386086
0.0017070061,0.14575195,2257.42,14.76,0.7986450642347336,954,3476,1.3583821,-0.010142683,444928,3880.4306190013885,3559424,0.02199233
0.002025592,0.16455078,2264.11,14.71,0.7719368636608124,959,3477,1.2925066,-0.010969854,445056,3881.4982702732086,3560448,0.026802856
0.0015827843,0.12866211,2264.11,14.71,0.837139219045639,971,3478,1.3570638,-0.008755151,445184,3882.5535068511963,3561472,0.011884454
0.002015448,0.20458984,2264.11,14.71,0.8277718722820282,965,3479,1.3182111,-0.008638447,445312,3883.6153168678284,3562496,0.019202912
0.0013515257,0.13842773,2264.11,14.71,0.910297341644764,961,3480,1.3631835,-0.010905373,445440,3884.682285785675,3563520,0.010300589
0.001805434,0.17773438,2255.21,14.76,0.9286167845129967,947,3481,1.3187226,-0.013101605,445568,3885.7637317180634,3564544,0.006685288
0.0017603517,0.14477539,2248.47,14.83,0.7550377994775772,949,3482,1.3387173,-0.010165961,445696,3886.842763900757,3565568,0.032216825
0.0016867376,0.14575195,2243.14,14.9,0.8242137283086777,921,3483,1.2485008,-0.011015259,445824,3887.9545061588287,3566592,0.025929593
0.0013332068,0.13623047,2243.14,14.9,0.8336453586816788,929,3484,1.2734702,-0.01097356,445952,3889.056878566742,3567616,0.018699909
0.0014446004,0.16870117,2243.14,14.9,0.780339315533638,902,3485,1.3233416,-0.009605921,446080,3890.1923949718475,3568640,0.028120738
0.0021539445,0.20727539,2256.99,14.8,0.8229642510414124,896,3486,1.2986188,-0.010588126,446208,3891.335504770279,3569664,0.02144616
0.0016855261,0.13354492,2256.99,14.8,0.8095774799585342,954,3487,1.3129352,-0.009092166,446336,3892.409054994583,3570688,0.02290596
0.0015372597,0.12158203,2256.99,14.8,0.79903444647789,965,3488,1.3414035,-0.009606626,446464,3893.470182657242,3571712,0.028112078
0.0016925448,0.1887207,2256.99,14.8,0.819561168551445,921,3489,1.3755745,-0.012592068,446592,3894.5825481414795,3572736,0.021447046
0.002518223,0.15356445,2256.99,14.8,0.7363327741622925,912,3490,1.2819266,-0.009501974,446720,3895.7053349018097,3573760,0.031160899
0.0019532298,0.1628418,2255.72,14.84,0.7748422473669052,958,3491,1.3009926,-0.011182789,446848,3896.7743003368378,3574784,0.033776235
0.001423194,0.17895508,2244.42,14.97,0.8443047404289246,898,3492,1.3260688,-0.009465623,446976,3897.914925813675,3575808,0.021930432
0.001586665,0.1484375,2244.42,14.97,0.8207215368747711,897,3493,1.3174134,-0.009088416,447104,3899.0568804740906,3576832,0.017523695
0.0017602411,0.1784668,2244.42,14.97,0.849139615893364,900,3494,1.3480492,-0.009034376,447232,3900.1948704719543,3577856,0.018910455
0.0018208747,0.15991211,2246.9,14.93,0.7991001605987549,942,3495,1.3252233,-0.01031199,447360,3901.2831416130066,3578880,0.021880817
0.0019989188,0.20825195,2246.9,14.93,0.7287765443325043,981,3496,1.3108529,-0.010449762,447488,3902.3270773887634,3579904,0.038556274
0.0013036767,0.1472168,2249.17,14.92,0.7611248940229416,971,3497,1.3174175,-0.011165063,447616,3903.381678342819,3580928,0.028108202
0.0017219573,0.14331055,2249.17,14.92,0.6922354102134705,967,3498,1.24657,-0.010651674,447744,3904.4405047893524,3581952,0.040603243
0.0015420918,0.1550293,2249.17,14.92,0.8168286383152008,972,3499,1.3588943,-0.011253841,447872,3905.493885040283,3582976,0.022229496
0.0017105134,0.18383789,2249.17,14.92,0.7561936378479004,918,3500,1.3532276,-0.009313191,448000,3906.610148668289,3584000,0.021237025
0.001332465,0.13330078,2244.02,14.95,0.8133942037820816,950,3501,1.3650919,-0.010186785,448128,3907.68874835968,3585024,0.019546652
0.0015615439,0.12939453,2244.02,14.95,0.8039758205413818,966,3502,1.2594649,-0.008531307,448256,3908.74915766716,3586048,0.03083363
0.0013276109,0.15771484,2243.88,14.96,0.8412445783615112,919,3503,1.366013,-0.009867973,448384,3909.8634116649628,3587072,0.013409499
0.0013614969,0.15234375,2243.88,14.96,0.8465088903903961,964,3504,1.3519187,-0.010874585,448512,3910.9253771305084,3588096,0.019410001
0.0015612887,0.1586914,2251.95,14.92,0.7999550104141235,925,3505,1.2806892,-0.009938843,448640,3912.0319867134094,3589120,0.020083701
0.0017282666,0.15185547,2251.95,14.92,0.7714735567569733,952,3506,1.3607492,-0.010403134,448768,3913.1079342365265,3590144,0.019941747
0.001625822,0.15893555,2260.28,14.81,0.8366657644510269,926,3507,1.2983315,-0.010769976,448896,3914.2142372131348,3591168,0.021043736
0.0015020834,0.16333008,2266.03,14.72,0.7779338657855988,931,3508,1.2652471,-0.01134023,449024,3915.3145949840546,3592192,0.026234409
0.0016113545,0.14379883,2266.03,14.72,0.6566299796104431,924,3509,1.2687023,-0.010158943,449152,3916.423445224762,3593216,0.03789838
0.0012781204,0.12597656,2266.03,14.72,0.7575284093618393,962,3510,1.2622064,-0.009451256,449280,3917.488158941269,3594240,0.035074838
0.0013136216,0.14819336,2266.03,14.72,0.8087052702903748,966,3511,1.3436047,-0.010661686,449408,3918.5488288402557,3595264,0.012584891
0.0017404085,0.1850586,2266.03,14.72,0.7284707427024841,891,3512,1.3148203,-0.009429615,449536,3919.69819355011,3596288,0.031849578
0.0015009132,0.15014648,2266.03,14.72,0.7950592190027237,923,3513,1.2840323,-0.012102845,449664,3920.8080146312714,3597312,0.028766422
0.0014457583,0.15258789,2265.53,14.75,0.8080648630857468,962,3514,1.3697311,-0.01197294,449792,3921.872489452362,3598336,0.021592125
0.0018333191,0.16894531,2265.53,14.75,0.8126687705516815,981,3515,1.246801,-0.011421644,449920,3922.9173440933228,3599360,0.028234769
0.0017501838,0.15698242,2261.58,14.8,0.8228433728218079,961,3516,1.2960187,-0.012976533,450048,3923.982847213745,3600384,0.019574337
0.0026238055,0.21728516,2261.58,14.8,0.873903825879097,974,3517,1.3156788,-0.009840841,450176,3925.03418135643,3601408,0.011610861
0.0011743819,0.12695312,2261.58,14.8,0.7992656081914902,965,3518,1.3669158,-0.007562425,450304,3926.0953512191772,3602432,0.02436226
0.0016542436,0.14233398,2268.79,14.74,0.5710447430610657,958,3519,1.2578219,-0.011779067,450432,3927.1643602848053,3603456,0.051478587
0.0017216577,0.1652832,2268.79,14.74,0.8381105065345764,968,3520,1.3216189,-0.011420453,450560,3928.2226576805115,3604480,0.021821959
0.0020086358,0.20532227,2268.79,14.74,0.7429901957511902,973,3521,1.3010441,-0.010191858,450688,3929.2753291130066,3605504,0.023763344
0.0015608319,0.16357422,2266.75,14.78,0.6958690583705902,901,3522,1.3177251,-0.008960693,450816,3930.412456512451,3606528,0.031684164
0.001824395,0.16357422,2270.82,14.74,0.7670959532260895,927,3523,1.3304697,-0.009949444,450944,3931.5178101062775,3607552,0.015914245
0.0013608766,0.13500977,2270.82,14.74,0.8126244693994522,967,3524,1.2977083,-0.008191447,451072,3932.5773208141327,3608576,0.022862643
0.0014522831,0.1640625,2270.82,14.74,0.7770472466945648,944,3525,1.3402646,-0.011440139,451200,3933.6624772548676,3609600,0.017782776
0.001726408,0.15722656,2270.82,14.74,0.8108974099159241,957,3526,1.2939408,-0.011132271,451328,3934.732941389084,3610624,0.019973764
0.0020893177,0.16503906,2274.5,14.74,0.7001289427280426,950,3527,1.2712934,-0.01182332,451456,3935.810647249222,3611648,0.028398648
0.0018233425,0.13085938,2274.5,14.74,0.7315855026245117,960,3528,1.282127,-0.010475274,451584,3936.8780329227448,3612672,0.034465674
0.0017816606,0.1784668,2274.5,14.74,0.8448931723833084,982,3529,1.2727859,-0.011386856,451712,3937.9211938381195,3613696,0.020871084
0.0022383642,0.17382812,2274.5,14.74,0.7481583058834076,940,3530,1.3233963,-0.010036941,451840,3939.011241197586,3614720,0.024490757
0.0016103417,0.1550293,2274.5,14.74,0.7945897728204727,929,3531,1.3436443,-0.009381877,451968,3940.1141815185547,3615744,0.02172025
0.0015839356,0.18041992,2267.41,14.85,0.7312333881855011,887,3532,1.3128724,-0.010788246,452096,3941.268872976303,3616768,0.032328807
0.0015888477,0.14086914,2267.41,14.85,0.6802787482738495,958,3533,1.2283237,-0.010504344,452224,3942.3376955986023,3617792,0.039376855
0.0013326415,0.14746094,2273.26,14.79,0.7871618866920471,903,3534,1.3091545,-0.010820041,452352,3943.471382856369,3618816,0.023572393
0.0015122504,0.1508789,2273.26,14.79,0.7845902144908905,934,3535,1.3282776,-0.009290125,452480,3944.5683579444885,3619840,0.020988343
0.0014170001,0.15063477,2273.26,14.79,0.7419697940349579,901,3536,1.3220019,-0.009641754,452608,3945.704523086548,3620864,0.037043
0.001497744,0.12768555,2275.84,14.75,0.8007554411888123,920,3537,1.3060277,-0.012138722,452736,3946.8182113170624,3621888,0.018219031
0.0017219344,0.17114258,2275.84,14.75,0.8117821663618088,927,3538,1.2809461,-0.010516925,452864,3947.922919034958,3622912,0.023685986
0.0013708551,0.16040039,2275.84,14.75,0.8045579493045807,944,3539,1.3689488,-0.009173256,452992,3949.0077679157257,3623936,0.01878085
0.0015328105,0.15209961,2275.84,14.75,0.8270649760961533,971,3540,1.3569471,-0.010171885,453120,3950.0624117851257,3624960,0.026233504
0.0012133494,0.14013672,2275.84,14.75,0.8406558185815811,965,3541,1.3497608,-0.010572659,453248,3951.123685359955,3625984,0.016487382
0.0016364611,0.13720703,2278.28,14.73,0.8538662046194077,891,3542,1.3343518,-0.009262993,453376,3952.2726407051086,3627008,0.015599836
0.0011950883,0.14013672,2278.28,14.73,0.7584480792284012,903,3543,1.3417581,-0.009952433,453504,3953.406337738037,3628032,0.023668334
0.0018012789,0.1796875,2284.11,14.68,0.7755655199289322,894,3544,1.3037305,-0.010587008,453632,3954.5517206192017,3629056,0.025949769
0.0018926939,0.15136719,2284.11,14.68,0.7402215301990509,939,3545,1.3409938,-0.01017783,453760,3955.642945289612,3630080,0.031989906
0.0017967384,0.15942383,2284.11,14.68,0.7180192470550537,900,3546,1.2670225,-0.010464614,453888,3956.780643939972,3631104,0.03555924
0.0010552563,0.13110352,2291.61,14.6,0.8094021379947662,956,3547,1.3110354,-0.010817795,454016,3957.8518147468567,3632128,0.02732417
0.0013459201,0.15600586,2291.61,14.6,0.7904855012893677,957,3548,1.3133848,-0.011380905,454144,3958.922318458557,3633152,0.032983676
0.0016021475,0.15136719,2291.61,14.6,0.8460178226232529,973,3549,1.3880038,-0.012571612,454272,3959.975311756134,3634176,0.02374876
0.0016999424,0.13134766,2297.0,14.53,0.8351371437311172,935,3550,1.2499655,-0.00983461,454400,3961.070333003998,3635200,0.01494201
0.0010994019,0.12670898,2297.0,14.53,0.7793111056089401,971,3551,1.3386825,-0.010515305,454528,3962.1250240802765,3636224,0.026759384
0.0020709748,0.16796875,2297.0,14.53,0.7865421324968338,961,3552,1.3024515,-0.009828971,454656,3963.191899061203,3637248,0.02938856
0.0013770037,0.12402344,2297.0,14.53,0.8036707043647766,943,3553,1.2994559,-0.009979572,454784,3964.2783122062683,3638272,0.026828745
0.0016666624,0.15991211,2296.47,14.51,0.7643825858831406,928,3554,1.3467816,-0.011736488,454912,3965.3818833827972,3639296,0.022572245
0.0012454618,0.14575195,2296.47,14.51,0.8335231840610504,984,3555,1.3265034,-0.01083204,455040,3966.4222683906555,3640320,0.024760325
0.0021413784,0.1652832,2296.47,14.51,0.8504503667354584,958,3556,1.377622,-0.01060825,455168,3967.491178035736,3641344,0.016432406
0.0015945316,0.1550293,2296.47,14.51,0.8536338359117508,959,3557,1.3451561,-0.008964429,455296,3968.559727191925,3642368,0.018954521
0.0018728331,0.1953125,2296.47,14.51,0.8183760493993759,896,3558,1.3717258,-0.0101129105,455424,3969.702791929245,3643392,0.010202231
0.0021049848,0.15429688,2296.47,14.51,0.8291178792715073,919,3559,1.3527085,-0.011492773,455552,3970.8171741962433,3644416,0.015012008
0.0015963078,0.1899414,2296.47,14.51,0.7959939539432526,908,3560,1.3748031,-0.00939456,455680,3971.9449574947357,3645440,0.01756202
0.0020431704,0.171875,2296.47,14.51,0.81467704474926,943,3561,1.3225042,-0.010284806,455808,3973.0307035446167,3646464,0.020767022
0.0016702437,0.15429688,2300.89,14.47,0.7826057970523834,881,3562,1.3282816,-0.010246616,455936,3974.19349694252,3647488,0.027800594
0.0015012899,0.1159668,2300.89,14.47,0.7599563151597977,915,3563,1.3378973,-0.009892082,456064,3975.3121178150177,3648512,0.025108146
0.0013034372,0.12133789,2293.3,14.57,0.7616245895624161,878,3564,1.2842692,-0.010843663,456192,3976.4785001277924,3649536,0.033896346
0.0015025927,0.1550293,2293.3,14.57,0.7944081574678421,971,3565,1.3307102,-0.009616452,456320,3977.5328571796417,3650560,0.026606595
0.0017795975,0.14160156,2293.3,14.57,0.7584817111492157,949,3566,1.2817302,-0.010514578,456448,3978.6125299930573,3651584,0.029314097
0.0011742108,0.1315918,2293.3,14.57,0.8170849978923798,951,3567,1.3479453,-0.007962606,456576,3979.690010070801,3652608,0.025394158
0.0015744652,0.15527344,2293.3,14.57,0.6963851451873779,954,3568,1.2840266,-0.010370152,456704,3980.763319015503,3653632,0.036051143
0.002172903,0.15795898,2293.3,14.57,0.8572249263525009,902,3569,1.3143104,-0.011495179,456832,3981.898733854294,3654656,0.01956833
0.0016360957,0.1508789,2293.3,14.57,0.8486627638339996,915,3570,1.3320708,-0.010803685,456960,3983.0185239315033,3655680,0.018113669
0.00144793,0.14892578,2291.17,14.58,0.7490880489349365,895,3571,1.2835844,-0.009799309,457088,3984.1631803512573,3656704,0.039170355
0.0016685695,0.13183594,2291.17,14.58,0.7795573174953461,972,3572,1.301441,-0.009123628,457216,3985.216386079788,3657728,0.027289689
0.0013654373,0.140625,2291.17,14.58,0.7753442674875259,961,3573,1.3124115,-0.010632445,457344,3986.281943321228,3658752,0.015978783
0.0017302698,0.13647461,2300.42,14.47,0.7783969640731812,906,3574,1.3416107,-0.009249485,457472,3987.412650823593,3659776,0.021800349
0.0020042332,0.17919922,2300.42,14.47,0.8348306119441986,962,3575,1.3172736,-0.0093385335,457600,3988.4774162769318,3660800,0.015841074
0.0012697352,0.1352539,2300.42,14.47,0.7005680203437805,977,3576,1.3585554,-0.010784616,457728,3989.5267708301544,3661824,0.033995867
0.0017450547,0.17529297,2300.42,14.47,0.661168247461319,964,3577,1.3191371,-0.00866591,457856,3990.5889155864716,3662848,0.02713521
0.0013017554,0.15014648,2294.72,14.51,0.8279110044240952,960,3578,1.3226626,-0.010767452,457984,3991.655431032181,3663872,0.017274095
0.0015582201,0.16064453,2296.01,14.52,0.8011624217033386,915,3579,1.3080568,-0.011810472,458112,3992.7748408317566,3664896,0.026053969
0.0015651517,0.14428711,2296.01,14.52,0.8851776793599129,981,3580,1.3483195,-0.011171909,458240,3993.8189041614532,3665920,0.013200903
0.0013623851,0.15258789,2299.21,14.49,0.7286233603954315,964,3581,1.3366302,-0.010623717,458368,3994.880993127823,3666944,0.025419978
0.0016091885,0.15185547,2300.34,14.51,0.7311052680015564,903,3582,1.3604836,-0.0110879,458496,3996.0147111415863,3667968,0.023217203
0.0020366726,0.18798828,2304.31,14.47,0.9050608426332474,961,3583,1.3472555,-0.011559111,458624,3997.0802462100983,3668992,0.0062021334
0.0018049792,0.16699219,2309.4,14.47,0.8275745064020157,896,3584,1.3333317,-0.010300611,458752,3998.2234873771667,3670016,0.014084029
0.0015122005,0.14355469,2309.4,14.47,0.8312444090843201,902,3585,1.3077906,-0.010119682,458880,3999.3591163158417,3671040,0.022582797
0.0012439863,0.12182617,2309.4,14.47,0.7250614166259766,971,3586,1.3770182,-0.0090027,459008,4000.4140379428864,3672064,0.018358449
0.0023993354,0.18188477,2309.4,14.47,0.7832734435796738,966,3587,1.3257809,-0.010537209,459136,4001.4740381240845,3673088,0.023711316
0.0020033217,0.21508789,2294.49,14.66,0.7733619213104248,951,3588,1.3204333,-0.011819581,459264,4002.5509734153748,3674112,0.01473172
0.0013939961,0.14648438,2294.49,14.66,0.8692025393247604,979,3589,1.2834274,-0.010920462,459392,4003.596875190735,3675136,0.015747454
0.0016437871,0.14038086,2294.49,14.66,0.7903074324131012,947,3590,1.3276986,-0.010027251,459520,4004.6778116226196,3676160,0.018086288
0.0017468936,0.11694336,2294.49,14.66,0.7353624999523163,900,3591,1.2923445,-0.009635789,459648,4005.8161613941193,3677184,0.033933412
0.0015639599,0.15161133,2294.49,14.66,0.8169164955615997,907,3592,1.3133093,-0.011375561,459776,4006.945079803467,3678208,0.020027991
0.0017211798,0.15917969,2280.08,14.79,0.8780578970909119,929,3593,1.2413169,-0.010477492,459904,4008.046885251999,3679232,0.018074343
0.0018862286,0.16601562,2280.08,14.79,0.7960652112960815,927,3594,1.2856221,-0.011065569,460032,4009.15207862854,3680256,0.028189132
0.002324666,0.14746094,2280.08,14.79,0.8326846808195114,953,3595,1.3124236,-0.009705609,460160,4010.227270126343,3681280,0.01974857
0.0015839277,0.15478516,2280.08,14.79,0.8325255364179611,939,3596,1.2596691,-0.010090802,460288,4011.3183522224426,3682304,0.021934044
0.0016603437,0.17358398,2272.7,14.82,0.867366373538971,926,3597,1.2457883,-0.011185106,460416,4012.424681663513,3683328,0.021290869
0.0018784557,0.16577148,2272.7,14.82,0.8169735819101334,917,3598,1.300319,-0.010033213,460544,4013.5409965515137,3684352,0.021087246
0.0019131356,0.13012695,2273.8,14.83,0.6395636200904846,881,3599,1.178256,-0.009693159,460672,4014.7040050029755,3685376,0.03725963
0.0018195313,0.17700195,2273.8,14.83,0.8048839569091797,946,3600,1.2644404,-0.010161032,460800,4015.78724527359,3686400,0.023059668
0.0015393856,0.16601562,2273.8,14.83,0.8695791959762573,899,3601,1.290456,-0.00854429,460928,4016.9264166355133,3687424,0.011215174
0.0016566264,0.15991211,2271.96,14.84,0.8438832312822342,904,3602,1.2678685,-0.010283107,461056,4018.059179544449,3688448,0.016460719
0.001534495,0.1550293,2271.96,14.84,0.7624345272779465,911,3603,1.2709208,-0.010439834,461184,4019.1832320690155,3689472,0.03093294
0.0014854412,0.1616211,2271.96,14.84,0.7999821603298187,939,3604,1.3232101,-0.0099655,461312,4020.2739210128784,3690496,0.012975605
0.0016630378,0.16894531,2271.96,14.84,0.8390916287899017,899,3605,1.2646333,-0.01052962,461440,4021.413129091263,3691520,0.020616725
0.0015077257,0.1484375,2268.31,14.92,0.8226951956748962,904,3606,1.3153437,-0.011387141,461568,4022.5463123321533,3692544,0.010003642
0.0020517642,0.17358398,2276.59,14.85,0.7882354557514191,895,3607,1.2851597,-0.008909573,461696,4023.6908988952637,3693568,0.023888241
0.0014370807,0.14892578,2276.59,14.85,0.6704925298690796,975,3608,1.2431039,-0.011624964,461824,4024.741854906082,3694592,0.032773543
0.0012307017,0.13745117,2276.59,14.85,0.8103648871183395,977,3609,1.2833581,-0.010162651,461952,4025.7917699813843,3695616,0.027500976
0.0013762427,0.17822266,2276.59,14.85,0.8061113506555557,964,3610,1.3212011,-0.011008101,462080,4026.854105234146,3696640,0.013543541
0.0017966222,0.17993164,2276.59,14.85,0.8900514096021652,947,3611,1.3094712,-0.012184411,462208,4027.935679912567,3697664,0.0075786556
0.0025834762,0.18603516,2278.24,14.83,0.7941299080848694,921,3612,1.2786765,-0.0094267065,462336,4029.047501564026,3698688,0.018319087
0.001978698,0.18066406,2263.64,14.96,0.8162027448415756,912,3613,1.2812909,-0.010957454,462464,4030.170105457306,3699712,0.018275514
0.001743303,0.1706543,2263.64,14.96,0.7528764605522156,906,3614,1.234387,-0.011662825,462592,4031.301298379898,3700736,0.031538986
0.001824374,0.17138672,2265.35,14.95,0.7785050421953201,882,3615,1.2683568,-0.011760087,462720,4032.4624519348145,3701760,0.027004007
0.0016035445,0.15722656,2265.35,14.95,0.7895414680242538,971,3616,1.3103826,-0.009827604,462848,4033.51767373085,3702784,0.019741716
0.001894876,0.16259766,2283.17,14.84,0.8058684766292572,953,3617,1.2593182,-0.011695186,462976,4034.592575788498,3703808,0.021447826
0.0018036759,0.15966797,2283.17,14.84,0.6967492699623108,984,3618,1.228838,-0.012249406,463104,4035.6332774162292,3704832,0.028976716
0.0015135828,0.123535156,2280.85,14.86,0.7016225755214691,959,3619,1.2694021,-0.011140892,463232,4036.701938390732,3705856,0.029674176
0.0016564121,0.15527344,2271.37,14.94,0.8291516304016113,962,3620,1.2312791,-0.0111222435,463360,4037.7669394016266,3706880,0.019473094
0.0014014458,0.15136719,2271.37,14.94,0.8764561787247658,960,3621,1.3072923,-0.010872202,463488,4038.8336017131805,3707904,0.008457475
0.0020952441,0.15478516,2271.37,14.94,0.8607112467288971,973,3622,1.2932253,-0.008636731,463616,4039.8865768909454,3708928,0.010880592
0.0017416541,0.19580078,2271.37,14.94,0.8037590533494949,921,3623,1.2821795,-0.011077069,463744,4040.998944759369,3709952,0.02456194
0.00209567,0.19848633,2271.37,14.94,0.8080074191093445,966,3624,1.2456278,-0.011538807,463872,4042.0602831840515,3710976,0.02067967
0.0021845824,0.15917969,2271.37,14.94,0.8562849909067154,906,3625,1.2848414,-0.009775814,464000,4043.1902339458466,3712000,0.019241514
0.0013591584,0.15771484,2271.37,14.94,0.8935074210166931,914,3626,1.269517,-0.011487182,464128,4044.310404777527,3713024,0.009282641
0.0015947721,0.14990234,2278.91,14.87,0.6431551873683929,950,3627,1.2878581,-0.00868398,464256,4045.3884303569794,3714048,0.021122495
0.0022441214,0.1850586,2278.91,14.87,0.7585219740867615,970,3628,1.2802868,-0.009056304,464384,4046.444149017334,3715072,0.026819248
0.0017931978,0.17260742,2278.03,14.89,0.7453459203243256,954,3629,1.2750217,-0.012517166,464512,4047.5174589157104,3716096,0.030039227
0.0018290548,0.17749023,2278.03,14.89,0.7509375661611557,983,3630,1.2221152,-0.010764691,464640,4048.5591242313385,3717120,0.029370373
0.0013505451,0.13842773,2278.03,14.89,0.8042873293161392,967,3631,1.3265457,-0.008752845,464768,4049.617725133896,3718144,0.018149173
0.0018008396,0.19921875,2278.03,14.89,0.7596613466739655,984,3632,1.2081002,-0.009541673,464896,4050.659048318863,3719168,0.028288646
0.0025594712,0.19384766,2273.46,14.96,0.8352199196815491,922,3633,1.2493219,-0.011741129,465024,4051.770110607147,3720192,0.01742093
0.0019662117,0.17333984,2273.46,14.96,0.7812496870756149,937,3634,1.2159843,-0.008210033,465152,4052.863085746765,3721216,0.018554525
0.0019458343,0.20019531,2267.89,15.05,0.6916784048080444,932,3635,1.2855831,-0.00921739,465280,4053.9617776870728,3722240,0.015435999
0.0018616434,0.16821289,2259.01,15.16,0.8164748400449753,943,3636,1.2214314,-0.01174606,465408,4055.048358440399,3723264,0.02327494
0.0019549076,0.17114258,2259.01,15.16,0.7606162279844284,899,3637,1.2628794,-0.011236579,465536,4056.1875371932983,3724288,0.022936914
0.0017674261,0.18164062,2259.01,15.16,0.7739040553569794,908,3638,1.3028059,-0.010891449,465664,4057.31503367424,3725312,0.019620296
0.001519769,0.14819336,2263.12,15.13,0.7994208037853241,950,3639,1.2806842,-0.01127358,465792,4058.393703222275,3726336,0.017532488
0.0020875335,0.18432617,2263.12,15.13,0.855984553694725,938,3640,1.2626494,-0.010742286,465920,4059.4855983257294,3727360,0.014769705
0.0017688794,0.19189453,2263.12,15.13,0.798990860581398,971,3641,1.2616155,-0.0110818455,466048,4060.540367603302,3728384,0.017078858
0.0018232844,0.16748047,2263.12,15.13,0.7734259516000748,983,3642,1.2787974,-0.011474759,466176,4061.5823035240173,3729408,0.02213737
0.0019528994,0.12646484,2263.12,15.13,0.8106116950511932,967,3643,1.2978156,-0.008884536,466304,4062.6419174671173,3730432,0.016660785
0.0017598318,0.18237305,2263.12,15.13,0.8391805440187454,945,3644,1.2763315,-0.010689495,466432,4063.7259650230408,3731456,0.023132399
0.0017516839,0.16967773,2263.61,15.16,0.7736952900886536,905,3645,1.2318807,-0.011162069,466560,4064.8580861091614,3732480,0.022548037
0.0014190514,0.14282227,2263.61,15.16,0.7810142934322357,973,3646,1.3106989,-0.008951179,466688,4065.910928249359,3733504,0.017284783
0.0017243682,0.16503906,2262.33,15.18,0.7405916154384613,954,3647,1.2769113,-0.010204056,466816,4066.984121322632,3734528,0.026437322
0.0017505194,0.1508789,2262.33,15.18,0.816560760140419,971,3648,1.2589796,-0.011373731,466944,4068.0391006469727,3735552,0.018924054
0.001319189,0.1430664,2258.71,15.22,0.8707197159528732,948,3649,1.2729787,-0.009891801,467072,4069.1196200847626,3736576,0.014302455
0.0014503015,0.15576172,2265.25,15.18,0.7975172847509384,917,3650,1.2527044,-0.010739058,467200,4070.2365515232086,3737600,0.023805901
0.0016641892,0.17797852,2265.25,15.18,0.8308003693819046,899,3651,1.3079896,-0.009891399,467328,4071.376309156418,3738624,0.019549942
0.00148587,0.11694336,2267.02,15.2,0.7996046543121338,903,3652,1.2560085,-0.0082157105,467456,4072.50995016098,3739648,0.019932965
0.0016748738,0.16259766,2267.02,15.2,0.6856956481933594,923,3653,1.2607023,-0.009713806,467584,4073.6191880702972,3740672,0.028474825
0.0014342768,0.12084961,2269.44,15.19,0.7009583115577698,899,3654,1.2909749,-0.009558058,467712,4074.7586674690247,3741696,0.03666042
0.0013483699,0.13793945,2269.44,15.19,0.8271917104721069,956,3655,1.3212298,-0.008396093,467840,4075.830472946167,3742720,0.015063209
0.0015483545,0.15551758,2269.44,15.19,0.8287170380353928,966,3656,1.2595116,-0.011363764,467968,4076.8907554149628,3743744,0.02419965
0.0022539685,0.16015625,2269.44,15.19,0.764548197388649,952,3657,1.2565192,-0.010847301,468096,4077.967161178589,3744768,0.03478833
0.0013984245,0.14208984,2273.08,15.21,0.8026320934295654,889,3658,1.2581108,-0.009243186,468224,4079.1186323165894,3745792,0.021675238
0.0010899791,0.115234375,2273.08,15.21,0.8290836066007614,896,3659,1.290726,-0.010481924,468352,4080.26153421402,3746816,0.02331905
0.0017361634,0.13354492,2273.08,15.21,0.7249776124954224,926,3660,1.2947198,-0.009151958,468480,4081.3680381774902,3747840,0.026597317
0.0011905078,0.13012695,2273.08,15.21,0.848456546664238,927,3661,1.2577266,-0.008817496,468608,4082.472290992737,3748864,0.016311862
0.0022481058,0.14990234,2273.04,15.22,0.7632927447557449,911,3662,1.2524532,-0.01005495,468736,4083.5962789058685,3749888,0.021063875
0.0016229115,0.1665039,2273.04,15.22,0.7963779717683792,906,3663,1.2936308,-0.008989775,468864,4084.727157354355,3750912,0.019656412
0.0021907974,0.1508789,2272.23,15.25,0.7044273018836975,916,3664,1.2802802,-0.00907247,468992,4085.8451840877533,3751936,0.028497068
0.0014433742,0.15966797,2269.19,15.26,0.8948195055127144,886,3665,1.2592806,-0.01054083,469120,4087.0013365745544,3752960,0.011501721
0.0014286978,0.14746094,2269.19,15.26,0.7213494777679443,909,3666,1.3029419,-0.009028051,469248,4088.1273987293243,3753984,0.027245872
0.0024606434,0.17089844,2272.22,15.25,0.7956000864505768,902,3667,1.2939384,-0.011441521,469376,4089.2626798152924,3755008,0.027144557
0.0011983621,0.14746094,2275.02,15.25,0.869212731719017,908,3668,1.267527,-0.010715185,469504,4090.390027999878,3756032,0.016371548
0.0016106055,0.13696289,2275.02,15.25,0.8045781850814819,898,3669,1.2433829,-0.0101736225,469632,4091.5303835868835,3757056,0.020570688
0.002128254,0.19311523,2276.52,15.22,0.8080251663923264,899,3670,1.2386719,-0.012046934,469760,4092.6699945926666,3758080,0.021966327
0.0013530225,0.16113281,2276.52,15.22,0.8056600242853165,917,3671,1.2823732,-0.011548324,469888,4093.7871227264404,3759104,0.016707312
0.0015111187,0.15405273,2275.57,15.21,0.8010336309671402,939,3672,1.2703986,-0.010153201,470016,4094.877546787262,3760128,0.020058459
0.0017340655,0.17895508,2275.57,15.21,0.7877063602209091,971,3673,1.2754582,-0.008807993,470144,4095.9320406913757,3761152,0.02071424
0.0016642099,0.1652832,2275.57,15.21,0.8389331102371216,975,3674,1.306095,-0.011147345,470272,4096.982854127884,3762176,0.017167293
0.0020842946,0.20141602,2281.62,15.17,0.9062985107302666,968,3675,1.2950506,-0.010356054,470400,4098.040901422501,3763200,0.0074439268
0.002313588,0.1430664,2281.62,15.17,0.8402646631002426,956,3676,1.2849753,-0.009239176,470528,4099.1122851371765,3764224,0.013511318
0.0014017851,0.1262207,2281.62,15.17,0.7069222331047058,951,3677,1.2905989,-0.008130146,470656,4100.188798189163,3765248,0.027854078
0.0012455756,0.119140625,2281.62,15.17,0.8908769115805626,925,3678,1.3452694,-0.008463265,470784,4101.295371770859,3766272,0.009718557
0.0016473439,0.19335938,2281.62,15.17,0.8221833258867264,896,3679,1.2560627,-0.009808521,470912,4102.4384298324585,3767296,0.025036454
0.001472348,0.15625,2281.62,15.17,0.7536363899707794,906,3680,1.3387451,-0.011667359,471040,4103.568248748779,3768320,0.027751438
0.0014045616,0.16210938,2287.2,15.12,0.820777177810669,896,3681,1.2746696,-0.011990084,471168,4104.711186408997,3769344,0.02203592
0.0015335036,0.17919922,2287.2,15.12,0.6468659043312073,979,3682,1.308784,-0.011695996,471296,4105.757305860519,3770368,0.0445152
0.0013922325,0.1616211,2287.2,15.12,0.7407311201095581,968,3683,1.3146949,-0.009989791,471424,4106.81618976593,3771392,0.038579855
0.0012257551,0.13769531,2287.8,15.13,0.8394956439733505,960,3684,1.3423426,-0.009445149,471552,4107.883280038834,3772416,0.015345074
0.001645477,0.15258789,2291.98,15.11,0.8481590449810028,951,3685,1.2926567,-0.010129628,471680,4108.959956407547,3773440,0.017115057
0.0011392758,0.12133789,2291.98,15.11,0.8291584253311157,974,3686,1.3402853,-0.008398765,471808,4110.011367797852,3774464,0.019281644
0.0014240227,0.16455078,2296.38,15.14,0.8334305435419083,912,3687,1.2999103,-0.009098771,471936,4111.1337876319885,3775488,0.014556262
0.0016751271,0.16235352,2298.26,15.11,0.8704410046339035,960,3688,1.3319637,-0.011556896,472064,4112.20072555542,3776512,0.013469922
0.001319679,0.14697266,2298.26,15.11,0.7794893383979797,934,3689,1.2981671,-0.0079391375,472192,4113.297083377838,3777536,0.018249877
0.0015204191,0.16040039,2298.26,15.11,0.8374116271734238,904,3690,1.324166,-0.007494208,472320,4114.430151462555,3778560,0.019715317
0.001321056,0.14624023,2298.26,15.11,0.8144031018018723,955,3691,1.2777927,-0.009603211,472448,4115.503105640411,3779584,0.020410972
0.0012079288,0.13696289,2302.64,15.06,0.7929003983736038,958,3692,1.2754147,-0.008787198,472576,4116.572723388672,3780608,0.02469171
0.0012407117,0.14477539,2302.64,15.06,0.7628990709781647,962,3693,1.2992812,-0.011995507,472704,4117.637534379959,3781632,0.028905842
0.001724733,0.17944336,2302.64,15.06,0.7407778799533844,969,3694,1.3214265,-0.010432896,472832,4118.694319486618,3782656,0.032102693
0.001628943,0.16772461,2302.64,15.06,0.8080983459949493,961,3695,1.3166572,-0.0100666005,472960,4119.760385990143,3783680,0.02226824
0.0018996302,0.14086914,2302.64,15.06,0.778109222650528,965,3696,1.2927616,-0.008897473,473088,4120.821318149567,3784704,0.025697418
0.0011652904,0.13500977,2302.64,15.06,0.8239352256059647,900,3697,1.3079593,-0.009050044,473216,4121.959522008896,3785728,0.02064778
0.0013307357,0.15600586,2302.64,15.06,0.8614837825298309,952,3698,1.3370247,-0.010906653,473344,4123.034986972809,3786752,0.008294111
0.0017672665,0.17407227,2302.64,15.06,0.8359922468662262,951,3699,1.3339097,-0.009125788,473472,4124.111444950104,3787776,0.016822107
0.0017761955,0.16748047,2306.19,15.03,0.7037819623947144,906,3700,1.2873846,-0.008034238,473600,4125.241286754608,3788800,0.021398274
0.0031202931,0.11279297,2301.96,15.1,0.9106494411826134,891,3701,1.2996116,-0.0082017975,473728,4126.390771627426,3789824,0.010824046
0.0017844152,0.17114258,2296.79,15.12,0.8364534080028534,963,3702,1.2840806,-0.009189036,473856,4127.454738855362,3790848,0.015165005
0.0012673307,0.1418457,2296.79,15.12,0.7978468239307404,962,3703,1.2939873,-0.009690663,473984,4128.519267082214,3791872,0.02507998
0.0012651754,0.12475586,2296.44,15.13,0.8619590550661087,931,3704,1.2506275,-0.010936507,474112,4129.619657993317,3792896,0.01932457
0.0023994136,0.16455078,2302.26,15.07,0.7669633328914642,943,3705,1.2576094,-0.0114718815,474240,4130.7058317661285,3793920,0.029843178
0.0011486991,0.11767578,2306.13,15.05,0.7700148224830627,962,3706,1.277462,-0.010491685,474368,4131.770251750946,3794944,0.024564618
0.0015226555,0.15893555,2290.7,15.19,0.8549114614725113,951,3707,1.3367007,-0.010456523,474496,4132.8473472595215,3795968,0.01212462
0.0014242338,0.1706543,2290.7,15.19,0.8169070482254028,969,3708,1.3054638,-0.009334084,474624,4133.9047684669495,3796992,0.012527371
0.0019699924,0.16430664,2290.7,15.19,0.7878229022026062,956,3709,1.2940843,-0.009452915,474752,4134.976692199707,3798016,0.017712332
0.0017656591,0.1743164,2290.7,15.19,0.8073270171880722,956,3710,1.3435526,-0.011006628,474880,4136.048162698746,3799040,0.013332599
0.0012074668,0.1550293,2290.7,15.19,0.9146214127540588,915,3711,1.3240389,-0.008892461,475008,4137.16711974144,3800064,0.0047422294
0.0018426946,0.17333984,2290.7,15.19,0.7795766443014145,970,3712,1.3752829,-0.0063538183,475136,4138.222493171692,3801088,0.016141262
0.0023119764,0.13256836,2290.7,15.19,0.8322912007570267,908,3713,1.2990953,-0.01013184,475264,4139.350957393646,3802112,0.016114498
0.0013346713,0.14819336,2290.7,15.19,0.7948620617389679,912,3714,1.324964,-0.009393947,475392,4140.473740816116,3803136,0.020686444
0.0022365493,0.16333008,2288.37,15.2,0.7468759715557098,895,3715,1.3181472,-0.010000691,475520,4141.617392778397,3804160,0.021954138
0.0016881091,0.171875,2288.37,15.2,0.5417925417423248,960,3716,1.2743163,-0.009672599,475648,4142.683930873871,3805184,0.041537497
0.0012765978,0.16503906,2288.37,15.2,0.8016967326402664,896,3717,1.322285,-0.009628247,475776,4143.8272659778595,3806208,0.016605
0.0023031083,0.15039062,2286.47,15.26,0.9190747365355492,946,3718,1.3180552,-0.011025898,475904,4144.909996271133,3807232,0.0067600785
0.0025999518,0.17651367,2285.87,15.28,0.7537316828966141,958,3719,1.2756057,-0.008562851,476032,4145.9784960746765,3808256,0.026273686
0.0017374847,0.15698242,2285.87,15.28,0.6653518974781036,943,3720,1.2908202,-0.009811083,476160,4147.064782142639,3809280,0.03904111
0.0024751856,0.18530273,2288.57,15.28,0.8673717528581619,962,3721,1.2738242,-0.010473693,476288,4148.12952208519,3810304,0.017044798
0.0019014132,0.16455078,2281.3,15.37,0.631621927022934,961,3722,1.2946787,-0.008255025,476416,4149.195509433746,3811328,0.053416148
0.001662469,0.1472168,2281.3,15.37,0.8550802022218704,949,3723,1.3463405,-0.010582631,476544,4150.274895906448,3812352,0.013142006
0.0014793345,0.17993164,2272.82,15.43,0.8319844007492065,898,3724,1.2776237,-0.009413291,476672,4151.41556763649,3813376,0.021043113
0.001737228,0.16259766,2268.32,15.5,0.7695881426334381,938,3725,1.2953992,-0.011137736,476800,4152.507652997971,3814400,0.025763053
0.0013383866,0.16381836,2268.32,15.5,0.895318366587162,929,3726,1.3145252,-0.010588905,476928,4153.610620498657,3815424,0.01282792
0.0014065196,0.1574707,2268.32,15.5,0.7084642052650452,910,3727,1.3407165,-0.00971935,477056,4154.736639499664,3816448,0.025009807
0.0011729893,0.1352539,2268.32,15.5,0.8510906994342804,908,3728,1.3681651,-0.00951661,477184,4155.864112615585,3817472,0.012286433
0.0010822236,0.13916016,2268.32,15.5,0.7523636519908905,909,3729,1.3252964,-0.009304188,477312,4156.990759372711,3818496,0.02773271
0.0012079902,0.123535156,2267.61,15.51,0.800480842590332,906,3730,1.3547992,-0.01052141,477440,4158.120950460434,3819520,0.021688553
0.001363743,0.16259766,2267.61,15.51,0.7615961581468582,969,3731,1.3096424,-0.009514658,477568,4159.177374601364,3820544,0.022093643
0.0013555384,0.17529297,2267.61,15.51,0.8221234679222107,966,3732,1.3448435,-0.011332047,477696,4160.238644361496,3821568,0.013312168
0.001785624,0.15893555,2261.8,15.6,0.7102436721324921,915,3733,1.337545,-0.008631995,477824,4161.358019351959,3822592,0.019093512
0.0012322186,0.13916016,2261.8,15.6,0.8157671689987183,936,3734,1.3379092,-0.009697083,477952,4162.452245473862,3823616,0.023555797
0.0013024661,0.16113281,2261.8,15.6,0.7834520488977432,954,3735,1.3046933,-0.010797398,478080,4163.526120662689,3824640,0.017716633
0.0017607285,0.14794922,2259.05,15.59,0.7091412842273712,942,3736,1.2564837,-0.010660801,478208,4164.6132390499115,3825664,0.03696514
0.0013015182,0.15600586,2263.15,15.53,0.6726692318916321,969,3737,1.3092501,-0.010815074,478336,4165.670331954956,3826688,0.02891966
0.002138039,0.16503906,2255.46,15.59,0.836167961359024,948,3738,1.2334439,-0.010080483,478464,4166.750870704651,3827712,0.02257891
0.0013431138,0.1484375,2255.46,15.59,0.7341317534446716,974,3739,1.2809044,-0.010748658,478592,4167.802752017975,3828736,0.027133564
0.0014643038,0.18945312,2255.46,15.59,0.8597182184457779,964,3740,1.3530257,-0.010830451,478720,4168.865068912506,3829760,0.0143398335
0.0019443787,0.17456055,2256.39,15.58,0.7520354688167572,951,3741,1.2840044,-0.0102736745,478848,4169.942379236221,3830784,0.02576788
0.0010359857,0.14575195,2256.39,15.58,0.7496137619018555,966,3742,1.3530228,-0.009459652,478976,4171.002720832825,3831808,0.023724996
0.0016122875,0.14379883,2256.39,15.58,0.778140127658844,913,3743,1.3267301,-0.009051235,479104,4172.12492108345,3832832,0.025303587
0.0013669594,0.18383789,2256.39,15.58,0.7074466943740845,900,3744,1.3537109,-0.008887515,479232,4173.2623462677,3833856,0.021553705
0.0011445199,0.12841797,2256.39,15.58,0.8281019181013107,979,3745,1.2986715,-0.008739638,479360,4174.30837225914,3834880,0.021550182
0.001420392,0.16918945,2260.14,15.55,0.8599111139774323,968,3746,1.2505966,-0.010788621,479488,4175.3668801784515,3835904,0.015838413
0.0011624089,0.13964844,2258.18,15.56,0.7623578608036041,954,3747,1.3210057,-0.010266357,479616,4176.440335273743,3836928,0.020690972
0.0014557405,0.14379883,2258.18,15.56,0.7658149302005768,957,3748,1.3052517,-0.007894856,479744,4177.511071920395,3837952,0.021937957
0.001368301,0.14428711,2258.18,15.56,0.7872500717639923,973,3749,1.3270842,-0.00923944,479872,4178.56422328949,3838976,0.016916554
0.0017888816,0.14868164,2256.11,15.58,0.7626479119062424,932,3750,1.2672414,-0.011286796,480000,4179.662715673447,3840000,0.025793632
0.0014022773,0.13671875,2256.11,15.58,0.8206046670675278,914,3751,1.3328807,-0.010091753,480128,4180.782973051071,3841024,0.01697665
0.0015315735,0.17016602,2247.63,15.65,0.8468887358903885,905,3752,1.3489032,-0.010753179,480256,4181.915493249893,3842048,0.01401896
0.0013038028,0.12817383,2247.63,15.65,0.7926921546459198,916,3753,1.2884194,-0.008925877,480384,4183.034060239792,3843072,0.019599332
0.0014139598,0.14990234,2247.63,15.65,0.7912337630987167,892,3754,1.3521229,-0.008579674,480512,4184.182362794876,3844096,0.02034681
0.0011186784,0.1303711,2248.93,15.64,0.7409221529960632,949,3755,1.298254,-0.00734111,480640,4185.261651277542,3845120,0.025452835
0.0021757742,0.15942383,2248.93,15.64,0.7731035798788071,970,3756,1.3310224,-0.010975926,480768,4186.3177535533905,3846144,0.0209706
0.0012180074,0.13549805,2248.93,15.64,0.8192319869995117,976,3757,1.3725156,-0.008690073,480896,4187.367396593094,3847168,0.013677391
0.0014588097,0.17871094,2251.37,15.64,0.7611217796802521,966,3758,1.336339,-0.009341937,481024,4188.427781820297,3848192,0.017578715
0.0015640662,0.14990234,2251.37,15.64,0.7355870008468628,979,3759,1.313271,-0.008956595,481152,4189.474189996719,3849216,0.038835518
0.0013845117,0.17138672,2251.37,15.64,0.7682284712791443,958,3760,1.3720193,-0.0102347415,481280,4190.54345536232,3850240,0.026638873
0.0012559709,0.13720703,2255.63,15.64,0.6859911680221558,954,3761,1.2804384,-0.010708911,481408,4191.61722278595,3851264,0.03364726
0.0014539573,0.1694336,2249.62,15.67,0.8388832807540894,953,3762,1.296363,-0.009812504,481536,4192.692560911179,3852288,0.01889891
0.0011016492,0.12084961,2249.62,15.67,0.7091403603553772,972,3763,1.315103,-0.008488148,481664,4193.746526479721,3853312,0.03267018
0.001576374,0.17797852,2249.62,15.67,0.7883253842592239,964,3764,1.3608154,-0.008937593,481792,4194.8089389801025,3854336,0.014196797
0.0015215542,0.16235352,2249.62,15.67,0.8157951384782791,969,3765,1.3313725,-0.008271567,481920,4195.865430593491,3855360,0.014924503
0.0014539453,0.17163086,2241.39,15.74,0.812972828745842,945,3766,1.3820534,-0.009711056,482048,4196.949098348618,3856384,0.016709153
0.0010799947,0.1328125,2245.56,15.72,0.7604378014802933,966,3767,1.2702334,-0.009713497,482176,4198.010212659836,3857408,0.03055962
0.0014483284,0.1706543,2235.6,15.85,0.8250914812088013,923,3768,1.361214,-0.01178377,482304,4199.1197328567505,3858432,0.018686075
0.0016478603,0.17285156,2235.6,15.85,0.800103560090065,921,3769,1.2620007,-0.008072141,482432,4200.232052564621,3859456,0.024350703
0.0012501611,0.15429688,2235.6,15.85,0.767808586359024,946,3770,1.3606466,-0.009789087,482560,4201.3150725364685,3860480,0.030739892
0.0014021383,0.16430664,2235.6,15.85,0.8226247578859329,973,3771,1.3432817,-0.010842365,482688,4202.367454051971,3861504,0.022258945
0.0014492342,0.15551758,2233.63,15.86,0.7502595633268356,956,3772,1.2508187,-0.01000289,482816,4203.438848495483,3862528,0.03374714
0.0011749185,0.12231445,2233.63,15.86,0.7211461961269379,981,3773,1.3293793,-0.008725375,482944,4204.483425855637,3863552,0.033084866
0.0018686672,0.18603516,2237.62,15.81,0.8502123951911926,925,3774,1.3056182,-0.011217018,483072,4205.591121673584,3864576,0.017356172
0.0012360814,0.13989258,2237.62,15.81,0.8189229667186737,962,3775,1.2715095,-0.010437531,483200,4206.656229972839,3865600,0.024277402
0.0016184233,0.14355469,2228.94,15.91,0.7644197940826416,944,3776,1.2806168,-0.009688027,483328,4207.740961790085,3866624,0.030638887
0.001771891,0.15795898,2228.94,15.91,0.8931572735309601,976,3777,1.3009506,-0.010119017,483456,4208.790844917297,3867648,0.015395553
0.001458521,0.15234375,2228.94,15.91,0.7507658898830414,979,3778,1.2751,-0.009566927,483584,4209.837035179138,3868672,0.03568551
0.0015675226,0.1665039,2228.94,15.91,0.8451882600784302,970,3779,1.3307258,-0.009211769,483712,4210.89297580719,3869696,0.013338381
0.0012466664,0.14916992,2228.94,15.91,0.8423743098974228,941,3780,1.3575083,-0.008907111,483840,4211.9809782505035,3870720,0.014759528
0.001460383,0.16064453,2228.94,15.91,0.7825687527656555,924,3781,1.2421832,-0.010159547,483968,4213.089663505554,3871744,0.03194858
0.0015204855,0.16064453,2231.89,15.86,0.6257200241088867,913,3782,1.3342241,-0.008724306,484096,4214.21094417572,3872768,0.027622713
0.0014499268,0.16479492,2231.89,15.86,0.8751171678304672,956,3783,1.3245757,-0.008427002,484224,4215.281901597977,3873792,0.010837389
0.0024591975,0.14282227,2231.89,15.86,0.7997523695230484,953,3784,1.3332889,-0.009727478,484352,4216.356368303299,3874816,0.023942554
0.0020580525,0.14672852,2231.89,15.86,0.878985583782196,969,3785,1.3490423,-0.011149347,484480,4217.412860393524,3875840,0.019891232
0.0018112509,0.17651367,2231.89,15.86,0.8715769052505493,961,3786,1.2808259,-0.012474971,484608,4218.478192090988,3876864,0.020870151
0.0017177805,0.15991211,2242.96,15.7,0.7103300094604492,917,3787,1.2790002,-0.009358246,484736,4219.594607591629,3877888,0.03425843
0.0015311046,0.15771484,2242.96,15.7,0.8562174588441849,963,3788,1.3098704,-0.010053405,484864,4220.658399343491,3878912,0.01826373
0.0017753046,0.15673828,2250.71,15.64,0.7793891131877899,946,3789,1.3248185,-0.009003188,484992,4221.741102933884,3879936,0.020067027
0.0015971338,0.15136719,2244.2,15.74,0.7913845926523209,956,3790,1.312815,-0.01096,485120,4222.812351465225,3880960,0.024594218
0.0014906197,0.16503906,2244.2,15.74,0.7959234118461609,973,3791,1.3071184,-0.0097629465,485248,4223.864696741104,3881984,0.023444204
0.0014013535,0.15820312,2247.0,15.7,0.7729109972715378,936,3792,1.2998761,-0.009966739,485376,4224.958645820618,3883008,0.019747885
0.0018575499,0.15893555,2247.0,15.7,0.7451927363872528,971,3793,1.2897494,-0.008763356,485504,4226.013390302658,3884032,0.026044356
0.0012968112,0.125,2247.0,15.7,0.5938668847084045,962,3794,1.3481976,-0.008908208,485632,4227.0781235694885,3885056,0.03456545
0.0013390827,0.15454102,2247.0,15.7,0.8234161287546158,917,3795,1.2840861,-0.011573594,485760,4228.19499373436,3886080,0.025288206
0.001293309,0.13793945,2248.11,15.7,0.7578595280647278,941,3796,1.3016257,-0.009550125,485888,4229.283449888229,3887104,0.022260249
0.0012062722,0.123535156,2248.11,15.7,0.8403508365154266,933,3797,1.3628675,-0.011515777,486016,4230.380949497223,3888128,0.015663393
0.0011960601,0.12768555,2248.11,15.7,0.6828528940677643,893,3798,1.3154435,-0.007957645,486144,4231.528055667877,3889152,0.03322625
0.0013853441,0.16796875,2248.11,15.7,0.7147710919380188,911,3799,1.326915,-0.010890089,486272,4232.652142047882,3890176,0.025501931
0.0011528862,0.12158203,2248.11,15.7,0.737844854593277,960,3800,1.2558949,-0.008886291,486400,4233.719010353088,3891200,0.028778179
0.0015671133,0.15209961,2243.24,15.73,0.6429571509361267,973,3801,1.27887,-0.010025816,486528,4234.772001504898,3892224,0.031169508
0.0013140059,0.14770508,2243.24,15.73,0.7601376622915268,968,3802,1.2567766,-0.011909698,486656,4235.829751253128,3893248,0.030694347
0.0011893077,0.14355469,2243.24,15.73,0.6622613966464996,972,3803,1.251213,-0.011402666,486784,4236.883312702179,3894272,0.03170205
0.0012542724,0.13989258,2243.24,15.73,0.8241690099239349,947,3804,1.2537156,-0.010948705,486912,4237.964625597,3895296,0.02376061
0.0011061454,0.13916016,2243.24,15.73,0.810946986079216,915,3805,1.3090535,-0.009558362,487040,4239.083655357361,3896320,0.014018608
0.0017015727,0.15576172,2243.51,15.74,0.8285956233739853,927,3806,1.3049066,-0.009387854,487168,4240.1884043216705,3897344,0.019396598
0.001368793,0.12646484,2243.51,15.74,0.8036767989397049,973,3807,1.3047171,-0.0094343675,487296,4241.241151809692,3898368,0.024603458
0.0015092407,0.14575195,2245.7,15.7,0.8596071004867554,933,3808,1.2651381,-0.01059401,487424,4242.338758230209,3899392,0.017012903
0.0018721523,0.1850586,2245.7,15.7,0.9105817675590515,981,3809,1.304939,-0.011377754,487552,4243.383260726929,3900416,0.009908533
0.0015613418,0.13305664,2245.7,15.7,0.8456425666809082,972,3810,1.278737,-0.009324734,487680,4244.437398195267,3901440,0.02067767
0.0009697955,0.11621094,2245.7,15.7,0.8418218642473221,961,3811,1.3354809,-0.009471193,487808,4245.503341913223,3902464,0.015627453
0.0016517334,0.15356445,2248.52,15.68,0.8484479188919067,941,3812,1.2569101,-0.011131735,487936,4246.591698646545,3903488,0.016857
0.0014406486,0.16577148,2248.52,15.68,0.7452706098556519,961,3813,1.3169806,-0.009289505,488064,4247.658001661301,3904512,0.016199166
0.0012858093,0.1418457,2259.28,15.57,0.8423416316509247,962,3814,1.2706951,-0.009346363,488192,4248.723007440567,3905536,0.022776447
0.0011800283,0.13598633,2266.1,15.51,0.81312096118927,907,3815,1.295161,-0.009126803,488320,4249.852196216583,3906560,0.017328864
0.0016349547,0.14013672,2272.15,15.46,0.8549718856811523,955,3816,1.2905654,-0.008598393,488448,4250.924514532089,3907584,0.015975907
0.00145266,0.16430664,2272.15,15.46,0.8106587678194046,962,3817,1.2883916,-0.009840313,488576,4251.989072561264,3908608,0.023789365
0.0012281123,0.14819336,2274.6,15.44,0.684619128704071,896,3818,1.2821277,-0.008688426,488704,4253.13263297081,3909632,0.032815125
0.0016703116,0.14282227,2274.6,15.44,0.8286211639642715,942,3819,1.2496144,-0.008401482,488832,4254.220166444778,3910656,0.02076529
0.0016302055,0.15551758,2274.6,15.44,0.7106040418148041,917,3820,1.3102088,-0.008229327,488960,4255.3368282318115,3911680,0.032290168
0.0017175843,0.1538086,2274.6,15.44,0.7772765755653381,918,3821,1.2792095,-0.009487445,489088,4256.452845811844,3912704,0.027941985
0.0011554009,0.13647461,2274.6,15.44,0.7958846390247345,926,3822,1.265775,-0.008166971,489216,4257.559424638748,3913728,0.024171673
0.0014095624,0.15454102,2274.6,15.44,0.7969246953725815,907,3823,1.2771379,-0.009314382,489344,4258.688643693924,3914752,0.025797982
0.0017609627,0.16210938,2274.6,15.44,0.8361259996891022,972,3824,1.2560378,-0.010700343,489472,4259.742374897003,3915776,0.027564522
0.0012166643,0.14746094,2277.91,15.37,0.8160751312971115,945,3825,1.275112,-0.00905485,489600,4260.826720237732,3916800,0.023565892
0.001676646,0.2133789,2277.91,15.37,0.7975284159183502,968,3826,1.2791481,-0.010303453,489728,4261.884496212006,3917824,0.013960052
0.0019538326,0.15917969,2277.91,15.37,0.8324652761220932,977,3827,1.3288046,-0.008953628,489856,4262.932406902313,3918848,0.011294343
0.0016606797,0.16308594,2279.09,15.4,0.7783607393503189,948,3828,1.3044024,-0.010095432,489984,4264.013080358505,3919872,0.024568634
0.0016944007,0.18041992,2277.09,15.38,0.7961321324110031,958,3829,1.2272828,-0.008890042,490112,4265.082413434982,3920896,0.023872714
0.0019295837,0.1850586,2277.09,15.38,0.738849401473999,959,3830,1.1966364,-0.009810539,490240,4266.150515079498,3921920,0.041328195
0.0016487554,0.16796875,2277.09,15.38,0.815099835395813,962,3831,1.2275817,-0.01135824,490368,4267.215623140335,3922944,0.027799036
0.0012213265,0.13842773,2277.12,15.33,0.825654998421669,916,3832,1.2742698,-0.010042084,490496,4268.333555698395,3923968,0.020798743
0.0015910382,0.18017578,2266.07,15.42,0.8592963069677353,896,3833,1.3025258,-0.011348134,490624,4269.475958108902,3924992,0.018181518
0.0013762179,0.15185547,2266.07,15.42,0.8250088095664978,905,3834,1.3035077,-0.009711281,490752,4270.607377767563,3926016,0.016974553
0.0012575483,0.15356445,2266.07,15.42,0.838583305478096,906,3835,1.3091929,-0.011295631,490880,4271.737841367722,3927040,0.022600446
0.0024127178,0.16333008,2266.07,15.42,0.7930053770542145,970,3836,1.25501,-0.0099005485,491008,4272.7935111522675,3928064,0.026184177
0.0013047899,0.14111328,2266.07,15.42,0.8601851910352707,976,3837,1.2635415,-0.010043427,491136,4273.842896461487,3929088,0.021918247
0.0012990497,0.14086914,2266.07,15.42,0.8898046463727951,974,3838,1.2870041,-0.009570768,491264,4274.893968343735,3930112,0.010167804
0.0014739279,0.17700195,2266.07,15.42,0.7478471994400024,954,3839,1.3066347,-0.010404853,491392,4275.967279434204,3931136,0.030376121
0.0015261547,0.15527344,2266.07,15.42,0.7485867738723755,946,3840,1.2809556,-0.009218873,491520,4277.050122261047,3932160,0.025200345
0.001787331,0.14575195,2266.07,15.42,0.8052605390548706,958,3841,1.2342911,-0.009593096,491648,4278.119443655014,3933184,0.021008786
0.0011157084,0.1328125,2257.36,15.45,0.8680890202522278,926,3842,1.3150828,-0.009942264,491776,4279.225024700165,3934208,0.013094133
0.0013950081,0.13842773,2259.51,15.45,0.8295307010412216,936,3843,1.3032277,-0.010061019,491904,4280.318724870682,3935232,0.009694331
0.0016331355,0.1977539,2259.51,15.45,0.8054806590080261,970,3844,1.2964729,-0.0084826555,492032,4281.374341726303,3936256,0.014610167
0.0013861713,0.15771484,2259.51,15.45,0.8521466702222824,938,3845,1.2666842,-0.010607761,492160,4282.466688871384,3937280,0.022139484
0.0014189922,0.15112305,2264.86,15.4,0.835085317492485,916,3846,1.2572157,-0.009821359,492288,4283.584617853165,3938304,0.022205682
0.0013520758,0.14941406,2262.17,15.41,0.8714756369590759,931,3847,1.2944922,-0.010101768,492416,4284.684501886368,3939328,0.0143401595
0.0018327045,0.1796875,2264.99,15.38,0.8536026030778885,940,3848,1.2785754,-0.010538297,492544,4285.774245262146,3940352,0.014502452
0.0020948213,0.1484375,2263.22,15.37,0.7350296378135681,971,3849,1.2339036,-0.008733202,492672,4286.828946828842,3941376,0.03454624
0.0017164778,0.16308594,2263.22,15.37,0.7204097211360931,967,3850,1.2435005,-0.009783268,492800,4287.88818526268,3942400,0.03223808
0.0015563631,0.15429688,2261.38,15.41,0.8346796631813049,937,3851,1.3092939,-0.00934355,492928,4288.980920314789,3943424,0.012260262
0.0011919979,0.13623047,2261.38,15.41,0.7848968207836151,963,3852,1.251047,-0.010219096,493056,4290.043923377991,3944448,0.021243202
0.0010709865,0.13305664,2261.38,15.41,0.7708377242088318,931,3853,1.3029646,-0.009942557,493184,4291.143750667572,3945472,0.024754299
0.0013934227,0.15136719,2261.38,15.41,0.7298789024353027,910,3854,1.2758081,-0.009807812,493312,4292.269647359848,3946496,0.022263484
0.0015259157,0.17773438,2261.38,15.41,0.8242475390434265,976,3855,1.285046,-0.009979872,493440,4293.319455623627,3947520,0.013761447
0.0021770736,0.16113281,2261.38,15.41,0.8445612192153931,962,3856,1.2466773,-0.009839943,493568,4294.383884906769,3948544,0.017401258
0.0015163181,0.17797852,2257.55,15.44,0.7212618291378021,905,3857,1.3281796,-0.008379139,493696,4295.515552043915,3949568,0.020652935
0.0014707092,0.16894531,2257.55,15.44,0.7600735574960709,927,3858,1.2743328,-0.010511685,493824,4296.620703458786,3950592,0.033767886
0.001810455,0.16723633,2257.55,15.44,0.836794450879097,898,3859,1.2770649,-0.010097226,493952,4297.761528968811,3951616,0.015566148
0.0019071966,0.20776367,2257.55,15.44,0.802331805229187,899,3860,1.2837492,-0.009936431,494080,4298.900661468506,3952640,0.022471596
0.001740912,0.16992188,2257.55,15.44,0.8596494197845459,897,3861,1.2982641,-0.011335169,494208,4300.04238653183,3953664,0.015908051
0.0016819801,0.18408203,2257.55,15.44,0.7895250469446182,964,3862,1.2883172,-0.010640583,494336,4301.104887008667,3954688,0.028703686
0.0020791593,0.1875,2254.87,15.49,0.7968350201845169,899,3863,1.268927,-0.011236687,494464,4302.24357509613,3955712,0.026069218
0.001362843,0.15527344,2257.21,15.44,0.7705187499523163,893,3864,1.3229481,-0.011349801,494592,4303.389854431152,3956736,0.021770688
0.0012486803,0.15576172,2257.21,15.44,0.8015257567167282,897,3865,1.231674,-0.009782632,494720,4304.531455039978,3957760,0.026238872
0.0014090897,0.14526367,2259.02,15.45,0.8978899270296097,926,3866,1.2995191,-0.010695293,494848,4305.636910676956,3958784,0.012938828
0.0013035783,0.13232422,2265.45,15.39,0.817766860127449,887,3867,1.2911545,-0.010484196,494976,4306.79181265831,3959808,0.020384984
0.0010610429,0.1459961,2265.45,15.39,0.7495607435703278,975,3868,1.2812381,-0.007608247,495104,4307.8425624370575,3960832,0.018289002
0.001685623,0.1496582,2265.45,15.39,0.8075602203607559,968,3869,1.3155901,-0.0097528715,495232,4308.90088057518,3961856,0.020367716
0.0013993169,0.15771484,2270.51,15.38,0.8177726715803146,962,3870,1.2401197,-0.01073162,495360,4309.965778827667,3962880,0.021754652
0.0013842612,0.15527344,2270.51,15.38,0.8237225264310837,963,3871,1.2668959,-0.00895388,495488,4311.028884410858,3963904,0.020222967
0.0011088793,0.14331055,2270.51,15.38,0.7960750013589859,965,3872,1.293659,-0.010937139,495616,4312.090749025345,3964928,0.02514532
0.0014590046,0.13012695,2270.51,15.38,0.7726532965898514,957,3873,1.2957512,-0.007997465,495744,4313.175707578659,3965952,0.025936604
0.001512933,0.14697266,2270.51,15.38,0.7976339310407639,905,3874,1.276334,-0.010453413,495872,4314.3067717552185,3966976,0.021180212
0.0014940156,0.13574219,2270.51,15.38,0.770511731505394,895,3875,1.3416872,-0.0066223177,496000,4315.451004743576,3968000,0.016324775
0.0010797341,0.11279297,2270.51,15.36,0.8275501430034637,897,3876,1.3312054,-0.008022312,496128,4316.592489004135,3969024,0.018332805
0.0012600543,0.16430664,2270.51,15.36,0.7801555693149567,962,3877,1.2708498,-0.011115385,496256,4317.6575446128845,3970048,0.02777049
0.0014673889,0.1586914,2266.2,15.41,0.8488003462553024,920,3878,1.3499478,-0.009880055,496384,4318.770925521851,3971072,0.0150917
0.0013685185,0.13745117,2266.2,15.41,0.8169174492359161,961,3879,1.2928693,-0.00987067,496512,4319.837062597275,3972096,0.025599658
0.0012439966,0.13696289,2260.62,15.41,0.8797714933753014,955,3880,1.3357764,-0.009588921,496640,4320.9093978405,3973120,0.009518298
0.0013285807,0.16210938,2260.62,15.41,0.8383139371871948,962,3881,1.3508824,-0.009442141,496768,4321.974013805389,3974144,0.01486223
0.001301764,0.1784668,2257.05,15.45,0.8624876141548157,926,3882,1.3412848,-0.011149529,496896,4323.080015182495,3975168,0.014114282
0.0012484042,0.13696289,2257.05,15.45,0.8342136740684509,973,3883,1.3074237,-0.008426255,497024,4324.133071422577,3976192,0.020382164
0.0016253404,0.16064453,2257.78,15.43,0.7191722393035889,940,3884,1.3075515,-0.010263052,497152,4325.222236633301,3977216,0.01649638
0.0015309271,0.15209961,2260.3,15.37,0.8012683838605881,903,3885,1.251529,-0.00855428,497280,4326.355973243713,3978240,0.027684996
0.00126736,0.14331055,2260.3,15.37,0.9102905988693237,948,3886,1.3241842,-0.010233851,497408,4327.436867952347,3979264,0.006468466
0.0012317009,0.14282227,2260.3,15.37,0.7799999862909317,955,3887,1.3209713,-0.008972254,497536,4328.509024143219,3980288,0.024311112
0.00196094,0.18286133,2260.3,15.37,0.7177650332450867,971,3888,1.3093472,-0.012002651,497664,4329.563787698746,3981312,0.031789333
0.0010792394,0.13623047,2260.3,15.37,0.7573496550321579,942,3889,1.274134,-0.009526407,497792,4330.6512813568115,3982336,0.033939388
0.001429945,0.12988281,2260.3,15.37,0.851528212428093,960,3890,1.2859542,-0.009077202,497920,4331.717775583267,3983360,0.015826132
0.0018492262,0.17749023,2260.3,15.37,0.7756413668394089,952,3891,1.3404491,-0.0094978325,498048,4332.7930517196655,3984384,0.02525107
0.0011609879,0.14355469,2260.3,15.37,0.8076560497283936,958,3892,1.3189336,-0.009278628,498176,4333.861923694611,3985408,0.021403447
0.0015585304,0.16625977,2260.3,15.37,0.8226253688335419,898,3893,1.2805545,-0.010910333,498304,4335.002964019775,3986432,0.020955358
0.0019034318,0.17333984,2259.83,15.39,0.8410096913576126,963,3894,1.3249129,-0.008640798,498432,4336.066834926605,3987456,0.013201588
0.0013588014,0.14941406,2254.13,15.43,0.8492794334888458,943,3895,1.3123246,-0.010276682,498560,4337.15273475647,3988480,0.016491061
0.0012560823,0.1430664,2254.13,15.43,0.8558794409036636,968,3896,1.2489839,-0.011345914,498688,4338.21099114418,3989504,0.024583934
0.0018665735,0.17016602,2254.13,15.43,0.7989065498113632,925,3897,1.2436883,-0.00794564,498816,4339.317904949188,3990528,0.03210885
0.0019136848,0.18701172,2253.19,15.45,0.8300862461328506,934,3898,1.3196373,-0.0103550255,498944,4340.414573431015,3991552,0.018002925
0.0016431215,0.17871094,2253.19,15.45,0.9206365346908569,967,3899,1.2971619,-0.012161657,499072,4341.473871231079,3992576,0.009726575
0.0011584345,0.14208984,2253.19,15.45,0.42238277196884155,915,3900,1.2264771,-0.009737585,499200,4342.593485832214,3993600,0.06645847
0.001366112,0.14453125,2245.71,15.48,0.7030257880687714,881,3901,1.2507575,-0.0085083,499328,4343.7563393116,3994624,0.03100952
0.0015971891,0.17919922,2243.17,15.51,0.8402343988418579,901,3902,1.2669641,-0.01066043,499456,4344.892634868622,3995648,0.02068567
0.0017918344,0.15014648,2243.17,15.51,0.7976527065038681,903,3903,1.164638,-0.0077706343,499584,4346.026177883148,3996672,0.029129911
0.0013033067,0.1772461,2243.17,15.51,0.8276993930339813,968,3904,1.3571671,-0.008971939,499712,4347.084026813507,3997696,0.011169447
0.0019966846,0.19067383,2244.73,15.48,0.8898943364620209,883,3905,1.2687088,-0.009971322,499840,4348.243514299393,3998720,0.0145855285
0.0014028236,0.17114258,2244.73,15.48,0.7822811156511307,906,3906,1.2855098,-0.009401074,499968,4349.374047756195,3999744,0.022397054
0.001394036,0.16308594,2244.73,15.48,0.790464386343956,920,3907,1.2662457,-0.009518569,500096,4350.4876754283905,4000768,0.031011866
0.0015053982,0.14770508,2244.73,15.48,0.6694798171520233,969,3908,1.3322484,-0.008107946,500224,4351.5451011657715,4001792,0.034375545
0.0014681721,0.15698242,2241.12,15.5,0.842984527349472,932,3909,1.2659386,-0.010968393,500352,4352.643503904343,4002816,0.0223343
0.0012556429,0.14379883,2241.12,15.5,0.8518718034029007,951,3910,1.2946928,-0.008783548,500480,4353.720030784607,4003840,0.01807561
0.0014613755,0.15185547,2241.12,15.5,0.8674442917108536,925,3911,1.2921418,-0.0107674375,500608,4354.826828241348,4004864,0.019623617
0.0015528672,0.17138672,2241.12,15.5,0.843674823641777,903,3912,1.2805452,-0.011507953,500736,4355.960834980011,4005888,0.017111428
0.0012296848,0.14770508,2242.55,15.49,0.8050878793001175,925,3913,1.2795874,-0.007518147,500864,4357.068554878235,4006912,0.016956912
0.0011978343,0.14086914,2242.55,15.49,0.8068703562021255,970,3914,1.3439155,-0.009466644,500992,4358.124675273895,4007936,0.017680608
0.0016347375,0.17285156,2242.55,15.49,0.8510171324014664,964,3915,1.30058,-0.008769157,501120,4359.186735391617,4008960,0.01087137
0.001161903,0.13793945,2242.55,15.49,0.7033100128173828,975,3916,1.3350502,-0.00926905,501248,4360.236766815186,4009984,0.020498574
0.0013345841,0.16137695,2243.92,15.47,0.7825130522251129,936,3917,1.2514405,-0.008360749,501376,4361.331114768982,4011008,0.02500791
0.0014589946,0.19384766,2249.15,15.42,0.7347168326377869,929,3918,1.3369809,-0.009011474,501504,4362.433183193207,4012032,0.022065762
0.0011911442,0.1574707,2249.15,15.42,0.7963799089193344,967,3919,1.3056927,-0.009320241,501632,4363.492802619934,4013056,0.028401833
0.0011740954,0.1628418,2249.15,15.42,0.7999280542135239,972,3920,1.3723655,-0.010855627,501760,4364.546383857727,4014080,0.0221314
0.0011687414,0.14990234,2249.15,15.42,0.7494318783283234,966,3921,1.2553223,-0.008081482,501888,4365.607208967209,4015104,0.026962822
0.0014535082,0.13867188,2254.24,15.39,0.7408521771430969,939,3922,1.3058597,-0.009808911,502016,4366.697788238525,4016128,0.021168543
0.0014690548,0.14404297,2254.24,15.39,0.7935490906238556,976,3923,1.3270966,-0.008910511,502144,4367.747962474823,4017152,0.02593432
0.001658634,0.17651367,2256.78,15.38,0.6601319909095764,928,3924,1.2823416,-0.009280522,502272,4368.851068973541,4018176,0.045975737
0.0011917915,0.13720703,2256.78,15.38,0.7493872344493866,964,3925,1.327035,-0.01018817,502400,4369.913314819336,4019200,0.024926055
0.0014921345,0.16699219,2251.6,15.46,0.8475971072912216,964,3926,1.2317946,-0.009082268,502528,4370.975977182388,4020224,0.017251462
0.0015659055,0.13916016,2251.6,15.46,0.7345995008945465,976,3927,1.3004259,-0.010166043,502656,4372.02569770813,4021248,0.027991422
0.0013188804,0.11816406,2251.6,15.46,0.8295405358076096,976,3928,1.2678206,-0.0101080695,502784,4373.075141429901,4022272,0.023126625
0.0012614068,0.12597656,2251.6,15.46,0.8628037571907043,955,3929,1.3409822,-0.010845898,502912,4374.147056818008,4023296,0.014198083
0.0013990712,0.1381836,2251.6,15.46,0.8024978041648865,967,3930,1.3349807,-0.009344121,503040,4375.206629753113,4024320,0.022505555
0.0015517947,0.16577148,2251.6,15.46,0.705891340970993,961,3931,1.3711138,-0.009470108,503168,4376.273011922836,4025344,0.031253833
0.0015033672,0.17163086,2252.94,15.43,0.9014291688799858,921,3932,1.3470013,-0.008308149,503296,4377.384449481964,4026368,0.008437253
0.0013145467,0.16137695,2254.4,15.41,0.8281742930412292,890,3933,1.3327527,-0.008750533,503424,4378.534862518311,4027392,0.017942676
0.0011366451,0.13208008,2254.4,15.41,0.7872414737939835,957,3934,1.333569,-0.0092637,503552,4379.605353832245,4028416,0.017661236
0.0011591596,0.13891602,2257.96,15.38,0.8522699773311615,946,3935,1.2683933,-0.010372292,503680,4380.687551498413,4029440,0.017000472
0.0012919,0.13745117,2257.96,15.38,0.8531816005706787,932,3936,1.3024405,-0.008230779,503808,4381.78645324707,4030464,0.01529141
0.001274422,0.15698242,2261.7,15.32,0.8253540843725204,929,3937,1.3250989,-0.009244343,503936,4382.888614654541,4031488,0.018166952
0.0013246868,0.15063477,2261.7,15.32,0.7320480048656464,974,3938,1.2340298,-0.007033428,504064,4383.940064430237,4032512,0.03671436
0.0012567849,0.14697266,2267.96,15.24,0.776815265417099,953,3939,1.3181127,-0.00792065,504192,4385.014275789261,4033536,0.018396527
0.0011809259,0.12915039,2267.96,15.24,0.7649381458759308,986,3940,1.2594717,-0.009975197,504320,4386.052931308746,4034560,0.028283928
0.001371167,0.15893555,2269.19,15.21,0.8089368939399719,905,3941,1.3227586,-0.008556525,504448,4387.184304475784,4035584,0.020285098
0.0013859209,0.12768555,2269.26,15.19,0.7153298854827881,893,3942,1.2514474,-0.007960691,504576,4388.330950021744,4036608,0.030078446
0.0011209014,0.1574707,2269.26,15.19,0.8432902544736862,972,3943,1.352283,-0.0086328555,504704,4389.384990692139,4037632,0.017715318
0.0012122092,0.15991211,2269.26,15.19,0.8524960428476334,959,3944,1.333234,-0.009568662,504832,4390.453531742096,4038656,0.021375336
0.0014404971,0.13916016,2277.06,15.14,0.8043304085731506,951,3945,1.3489166,-0.008975197,504960,4391.530284643173,4039680,0.018154746
0.0011667914,0.12963867,2277.06,15.14,0.7553270161151886,965,3946,1.297503,-0.008916804,505088,4392.591427087784,4040704,0.027825326
0.0015310611,0.19799805,2277.06,15.14,0.5915298163890839,966,3947,1.3411673,-0.009389496,505216,4393.651665210724,4041728,0.030718535
0.0011154921,0.15112305,2276.64,15.12,0.8471397310495377,955,3948,1.3097792,-0.00965398,505344,4394.724547863007,4042752,0.011334125
0.0012591998,0.15356445,2276.64,15.12,0.8619919270277023,958,3949,1.3854872,-0.00887994,505472,4395.793779373169,4043776,0.012757486
0.0014589861,0.17016602,2276.64,15.12,0.8081296235322952,956,3950,1.3522266,-0.009516928,505600,4396.865424633026,4044800,0.02705798
0.0011662206,0.14208984,2276.64,15.12,0.7966403365135193,963,3951,1.2976165,-0.010117035,505728,4397.929548025131,4045824,0.026052546
0.0013631224,0.13330078,2273.29,15.13,0.8173775374889374,929,3952,1.3023543,-0.008679571,505856,4399.032461881638,4046848,0.023379944
0.0014967376,0.13354492,2281.35,15.05,0.7997853010892868,909,3953,1.179229,-0.010048123,505984,4400.159352779388,4047872,0.032420773
0.0017223734,0.1550293,2281.35,15.05,0.682167649269104,918,3954,1.2661877,-0.01010447,506112,4401.275208711624,4048896,0.03739375
0.0018748662,0.17651367,2281.35,15.05,0.8956384584307671,929,3955,1.3041459,-0.011733674,506240,4402.378182411194,4049920,0.012560616
0.0022025434,0.19750977,2283.8,15.05,0.7336142659187317,892,3956,1.2843226,-0.009338036,506368,4403.5258095264435,4050944,0.035019256
0.0021405208,0.14233398,2278.34,15.1,0.6706511676311493,892,3957,1.2803556,-0.009035358,506496,4404.67395067215,4051968,0.03509444
0.0013179652,0.14428711,2280.91,15.06,0.8673283904790878,932,3958,1.2776827,-0.010022954,506624,4405.772519350052,4052992,0.020787053
0.0011874042,0.12597656,2280.91,15.06,0.8680182844400406,954,3959,1.2736131,-0.0089236535,506752,4406.845807313919,4054016,0.017582221
0.0016113175,0.12988281,2280.91,15.06,0.7524840831756592,918,3960,1.3705965,-0.008493503,506880,4407.96133184433,4055040,0.02272633
0.0011918613,0.15820312,2280.91,15.06,0.7658509165048599,903,3961,1.3612117,-0.009299648,507008,4409.095619440079,4056064,0.016136246
0.0012378562,0.16845703,2280.91,15.06,0.8220708668231964,922,3962,1.3199077,-0.009559719,507136,4410.2069454193115,4057088,0.014614528
0.0014597499,0.1665039,2280.91,15.06,0.8810100927948952,932,3963,1.3481025,-0.008700096,507264,4411.306312322617,4058112,0.015076646
0.001545043,0.16625977,2279.57,15.09,0.8510732352733612,923,3964,1.3018211,-0.01139242,507392,4412.415959358215,4059136,0.016032426
0.0012262288,0.13134766,2279.57,15.09,0.838031679391861,920,3965,1.3324262,-0.009245,507520,4413.529554367065,4060160,0.017151136
0.0011669345,0.12451172,2279.57,15.09,0.8108832687139511,972,3966,1.342049,-0.009735877,507648,4414.584018945694,4061184,0.020212788
0.0016312212,0.1381836,2279.57,15.09,0.780572921037674,961,3967,1.2693033,-0.008897204,507776,4415.650071620941,4062208,0.027683172
0.0013834557,0.15429688,2279.57,15.09,0.7981432378292084,910,3968,1.3260245,-0.011095437,507904,4416.775212049484,4063232,0.026052209
0.0017175821,0.17016602,2274.7,15.15,0.7055698037147522,941,3969,1.2999659,-0.009102184,508032,4417.863274097443,4064256,0.02818326
0.0016055998,0.14624023,2271.84,15.2,0.8362385034561157,915,3970,1.2979798,-0.008749962,508160,4418.982211112976,4065280,0.018994818
0.0012743764,0.12207031,2271.84,15.2,0.8215439915657043,911,3971,1.3490709,-0.008351657,508288,4420.106121778488,4066304,0.015333481
0.0012283926,0.1274414,2278.38,15.12,0.8069437593221664,954,3972,1.3415607,-0.009219616,508416,4421.1795291900635,4067328,0.025055047
0.0012421086,0.13989258,2276.88,15.15,0.5713309943675995,944,3973,1.3040589,-0.009384859,508544,4422.264620065689,4068352,0.042212643
0.0013776355,0.14648438,2276.88,15.15,0.7016716599464417,937,3974,1.2668022,-0.011562507,508672,4423.357326507568,4069376,0.03915189
0.0012544494,0.12817383,2276.88,15.15,0.8166153132915497,909,3975,1.2724793,-0.009892939,508800,4424.483955144882,4070400,0.022410851
0.0019889504,0.15136719,2276.88,15.15,0.7628139108419418,941,3976,1.3068094,-0.008214943,508928,4425.572293519974,4071424,0.024260463
0.0013336616,0.15649414,2276.88,15.15,0.78864786028862,957,3977,1.3397484,-0.01015745,509056,4426.6427526474,4072448,0.02190314
0.0013963564,0.15722656,2276.88,15.15,0.8642065823078156,920,3978,1.2981174,-0.010984542,509184,4427.755510091782,4073472,0.018014163
0.0011546502,0.12670898,2276.88,15.15,0.8173456192016602,893,3979,1.3547405,-0.008206796,509312,4428.901959657669,4074496,0.015830195
0.0013073713,0.15820312,2276.88,15.15,0.8046569973230362,945,3980,1.2778764,-0.008318807,509440,4429.9853320121765,4075520,0.021574305
0.0011543835,0.12939453,2276.88,15.15,0.7449647188186646,898,3981,1.3190138,-0.00886829,509568,4431.126244068146,4076544,0.024717288
0.00090724416,0.12060547,2276.88,15.15,0.8428280651569366,908,3982,1.248641,-0.008213359,509696,4432.253830909729,4077568,0.021577211
0.0012768367,0.16772461,2268.61,15.18,0.7149638235569,874,3983,1.3421904,-0.008182713,509824,4433.425893306732,4078592,0.023194136
0.0012000322,0.15527344,2268.61,15.18,0.7993176132440567,950,3984,1.2524369,-0.008024683,509952,4434.503578901291,4079616,0.018203992
0.0016079202,0.17333984,2268.61,15.18,0.9412245526909828,918,3985,1.3469913,-0.009310728,510080,4435.619565963745,4080640,0.0058841207
0.0018575605,0.15698242,2268.61,15.18,0.8606036305427551,903,3986,1.3254801,-0.009408036,510208,4436.753180265427,4081664,0.021035729
0.0013686187,0.15234375,2271.99,15.16,0.8125785291194916,918,3987,1.2619452,-0.008702676,510336,4437.868532657623,4082688,0.028127635
0.0014299882,0.16308594,2270.64,15.17,0.8338631838560104,936,3988,1.2651589,-0.009884163,510464,4438.962600469589,4083712,0.015265614
0.0011440548,0.1303711,2270.64,15.17,0.8770232796669006,956,3989,1.3336669,-0.007867382,510592,4440.033778190613,4084736,0.012862958
0.0010330545,0.12548828,2269.55,15.16,0.8359455168247223,945,3990,1.3473765,-0.008853171,510720,4441.117991685867,4085760,0.0128994165
0.0010777181,0.11328125,2270.62,15.14,0.6807950139045715,965,3991,1.3513528,-0.009032694,510848,4442.179368972778,4086784,0.023402655
0.0010291829,0.14086914,2270.62,15.14,0.7963318675756454,969,3992,1.3529394,-0.007999031,510976,4443.236474990845,4087808,0.02667436
0.0012567725,0.15307617,2267.93,15.19,0.8070662915706635,931,3993,1.2504449,-0.008065315,511104,4444.336621999741,4088832,0.022541791
0.0010424303,0.118896484,2267.93,15.19,0.7939046025276184,946,3994,1.3825388,-0.007027351,511232,4445.4186980724335,4089856,0.019228013
0.0011659511,0.12939453,2267.93,15.19,0.8479268401861191,903,3995,1.3360107,-0.0064094122,511360,4446.552702903748,4090880,0.011395892
0.0010322197,0.119628906,2267.93,15.19,0.8896006494760513,906,3996,1.3921114,-0.0077082817,511488,4447.682525396347,4091904,0.008714135
0.00095297256,0.12719727,2264.34,15.22,0.8547958582639694,890,3997,1.3979646,-0.00869878,511616,4448.833655834198,4092928,0.007828438
0.0019419268,0.12402344,2264.34,15.22,0.5541045963764191,916,3998,1.2973137,-0.0067625633,511744,4449.9518456459045,4093952,0.049140222
0.0014362697,0.1784668,2266.74,15.21,0.7754116207361221,911,3999,1.3556861,-0.007118555,511872,4451.076273441315,4094976,0.018532299
0.0011642963,0.14013672,2257.94,15.3,0.7732346206903458,929,4000,1.3043693,-0.008794302,512000,4452.178487539291,4096000,0.023728346
0.001499581,0.16894531,2253.71,15.36,0.8106161803007126,905,4001,1.2951891,-0.009596975,512128,4453.309876918793,4097024,0.022331763
0.0010983759,0.140625,2253.71,15.36,0.7416296005249023,965,4002,1.3721265,-0.009000767,512256,4454.3712368011475,4098048,0.02543648
0.0010301267,0.12402344,2238.33,15.52,0.8368569314479828,923,4003,1.2582754,-0.01062859,512384,4455.4802441596985,4099072,0.02043819
0.001811197,0.1550293,2238.33,15.52,0.8735592067241669,971,4004,1.2941927,-0.009111648,512512,4456.535351276398,4100096,0.015347277
0.0016324657,0.16088867,2238.27,15.53,0.7560128569602966,965,4005,1.3115191,-0.010090775,512640,4457.596196174622,4101120,0.029305134
0.001765138,0.21948242,2238.27,15.53,0.784567192196846,974,4006,1.3438573,-0.0077048517,512768,4458.647569179535,4102144,0.019041043
0.0020103534,0.14697266,2238.27,15.53,0.6770993769168854,967,4007,1.3635812,-0.009331447,512896,4459.706720352173,4103168,0.026617061
0.0015399146,0.15039062,2233.77,15.56,0.8063417375087738,927,4008,1.3165938,-0.009713977,513024,4460.811568975449,4104192,0.023521926
0.0012342981,0.15136719,2233.77,15.56,0.7744229733943939,960,4009,1.2883464,-0.007912979,513152,4461.878375530243,4105216,0.03074075
0.0011392464,0.12866211,2233.77,15.56,0.8347181528806686,903,4010,1.3572721,-0.008905989,513280,4463.0129182338715,4106240,0.018353667
0.0010509717,0.14746094,2233.77,15.56,0.875056691467762,951,4011,1.3845583,-0.008366962,513408,4464.089815616608,4107264,0.010788138
0.0012160211,0.140625,2228.95,15.64,0.8487950414419174,923,4012,1.3357115,-0.008573296,513536,4465.199949264526,4108288,0.01552984
0.0014980937,0.16455078,2228.95,15.64,0.8517403453588486,960,4013,1.3841772,-0.010252792,513664,4466.2663407325745,4109312,0.017463269
0.0014555122,0.14331055,2220.48,15.71,0.7270116806030273,922,4014,1.3478345,-0.009615219,513792,4467.376680135727,4110336,0.02030608
0.00089346385,0.09887695,2220.48,15.71,0.6906591355800629,915,4015,1.3948723,-0.004872618,513920,4468.495416641235,4111360,0.032811753
0.0011534691,0.13208008,2220.48,15.71,0.7743877172470093,952,4016,1.3746325,-0.009651564,514048,4469.571603059769,4112384,0.024882441
0.0012878604,0.12451172,2220.48,15.71,0.7646151483058929,972,4017,1.339149,-0.010146501,514176,4470.624775886536,4113408,0.027257577
0.0016275456,0.15307617,2224.1,15.66,0.8423046916723251,968,4018,1.261875,-0.009065983,514304,4471.682735204697,4114432,0.020653285
0.0010596004,0.13452148,2224.1,15.66,0.7838488966226578,964,4019,1.3666595,-0.0084385015,514432,4472.745157957077,4115456,0.026087781
0.0015656394,0.16992188,2226.72,15.62,0.8663372099399567,959,4020,1.3455786,-0.008887438,514560,4473.813671112061,4116480,0.01585488
0.0011605863,0.1340332,2226.72,15.62,0.8138309270143509,969,4021,1.3471416,-0.00900534,514688,4474.870889663696,4117504,0.022207858
0.0014199708,0.15917969,2225.25,15.62,0.7426154315471649,952,4022,1.2710589,-0.009837856,514816,4475.94641828537,4118528,0.037258957
0.001355837,0.14672852,2230.3,15.58,0.779711127281189,939,4023,1.3377589,-0.010846259,514944,4477.036749362946,4119552,0.026494406
0.0017521619,0.16381836,2230.3,15.58,0.6548160016536713,985,4024,1.3013177,-0.00955982,515072,4478.076936006546,4120576,0.039769784
0.0010904997,0.13745117,2230.3,15.58,0.815867468714714,963,4025,1.3670993,-0.008131862,515200,4479.140530824661,4121600,0.018007701
0.001338252,0.17089844,2230.3,15.58,0.6539416909217834,974,4026,1.3230947,-0.008014058,515328,4480.192035675049,4122624,0.038641587
0.0011511651,0.13354492,2230.3,15.58,0.8693883866071701,944,4027,1.2736177,-0.009365324,515456,4481.277223348618,4123648,0.013557027
0.0014396978,0.15136719,2230.49,15.54,0.6357470750808716,921,4028,1.3357403,-0.008449511,515584,4482.389329433441,4124672,0.027755763
0.0011473533,0.1381836,2230.49,15.54,0.831799104809761,979,4029,1.3556867,-0.009657585,515712,4483.435333490372,4125696,0.019634705
0.0010195293,0.12939453,2230.49,15.54,0.8179368078708649,983,4030,1.3252988,-0.009529,515840,4484.477065086365,4126720,0.01951242
0.0016464032,0.18530273,2225.05,15.58,0.8323765695095062,956,4031,1.3446658,-0.007898827,515968,4485.5480036735535,4127744,0.016858004
0.0013626526,0.15893555,2225.05,15.58,0.6806707084178925,981,4032,1.2969413,-0.009109467,516096,4486.5919535160065,4128768,0.03670427
0.0014387799,0.15283203,2218.33,15.64,0.7842473089694977,931,4033,1.2935876,-0.008198031,516224,4487.691564083099,4129792,0.026128598
0.0009110036,0.11328125,2218.33,15.64,0.8521592915058136,979,4034,1.3340516,-0.009451089,516352,4488.738799571991,4130816,0.021231245
0.0014513637,0.16088867,2218.33,15.64,0.7707412391901016,958,4035,1.364774,-0.009911603,516480,4489.807934999466,4131840,0.017481199
0.0011521239,0.16308594,2218.33,15.64,0.7704720348119736,930,4036,1.331795,-0.0068637975,516608,4490.9085857868195,4132864,0.020943627
0.0011961891,0.15258789,2218.33,15.64,0.8100765645503998,896,4037,1.3514153,-0.008953213,516736,4492.0520441532135,4133888,0.023460684
0.0011360559,0.15356445,2218.33,15.64,0.8523996025323868,906,4038,1.3268456,-0.009316313,516864,4493.181995868683,4134912,0.018050095
0.0012164452,0.15698242,2218.7,15.62,0.8201784044504166,904,4039,1.3539771,-0.008696716,516992,4494.314804315567,4135936,0.021462712
0.001256617,0.14648438,2218.7,15.62,0.7966003865003586,983,4040,1.3051084,-0.010255013,517120,4495.356418848038,4136960,0.031071233
0.0010642067,0.11450195,2218.7,15.62,0.727898359298706,963,4041,1.3256322,-0.008144433,517248,4496.419767856598,4137984,0.03500474
0.0015015256,0.15283203,2222.31,15.61,0.8426551818847656,956,4042,1.2888007,-0.008541692,517376,4497.4909834861755,4139008,0.021781009
0.0011290794,0.15332031,2222.31,15.61,0.9059785977005959,964,4043,1.378636,-0.010574157,517504,4498.553128957748,4140032,0.009921808
0.0013139547,0.14013672,2224.05,15.59,0.8358721882104874,906,4044,1.3124844,-0.009714277,517632,4499.683562278748,4141056,0.021497918
0.0010120217,0.13500977,2224.05,15.59,0.786836564540863,965,4045,1.3465742,-0.010123195,517760,4500.745048284531,4142080,0.02422352
0.0013036057,0.1352539,2225.66,15.57,0.8152520507574081,934,4046,1.3961294,-0.009444018,517888,4501.84100985527,4143104,0.023297332
0.0013457102,0.1394043,2223.59,15.6,0.8539617508649826,891,4047,1.324038,-0.009575232,518016,4502.9909501075745,4144128,0.017715205
0.0011593725,0.13964844,2223.59,15.6,0.8462803810834885,976,4048,1.3158938,-0.009055991,518144,4504.04080581665,4145152,0.020493004
0.0013424561,0.14331055,2223.59,15.6,0.8048280775547028,970,4049,1.3487628,-0.0090557095,518272,4505.09633731842,4146176,0.026585022
0.0010828212,0.13012695,2225.81,15.6,0.7660934031009674,963,4050,1.3289632,-0.009242123,518400,4506.159892320633,4147200,0.01868664
0.0011310712,0.1352539,2230.43,15.59,0.744049072265625,955,4051,1.3242323,-0.008657592,518528,4507.2317543029785,4148224,0.027838022
0.0010624808,0.1171875,2230.43,15.59,0.8398506194353104,917,4052,1.3406471,-0.008918261,518656,4508.348381996155,4149248,0.021132989
0.0013449357,0.14892578,2230.43,15.59,0.8471944779157639,908,4053,1.3109561,-0.010395921,518784,4509.4768834114075,4150272,0.022017187
0.0017466035,0.15600586,2230.43,15.59,0.8418322652578354,941,4054,1.2902,-0.008557571,518912,4510.565088510513,4151296,0.022759922
0.0017602628,0.19580078,2230.43,15.59,0.7934879511594772,956,4055,1.3720558,-0.009387074,519040,4511.636113405228,4152320,0.015607573
0.0013977083,0.14868164,2231.78,15.6,0.7786447107791901,958,4056,1.2773759,-0.007680134,519168,4512.705621957779,4153344,0.030017745
0.0014907744,0.16040039,2231.78,15.6,0.9203950837254524,961,4057,1.3723032,-0.009821086,519296,4513.770947694778,4154368,0.0077019157
0.0016528951,0.19335938,2231.78,15.6,0.8431790471076965,966,4058,1.3418974,-0.009179465,519424,4514.831446647644,4155392,0.021149922
0.0017398503,0.19702148,2233.86,15.6,0.7978269010782242,943,4059,1.2610914,-0.010913931,519552,4515.918594360352,4156416,0.026133308
0.0015945117,0.16577148,2231.68,15.57,0.702106386423111,954,4060,1.3057947,-0.010300356,519680,4516.992407083511,4157440,0.039660566
0.0012552598,0.15673828,2231.68,15.57,0.7240878343582153,964,4061,1.3437388,-0.007853097,519808,4518.0549573898315,4158464,0.03612812
0.0017059741,0.20214844,2234.53,15.55,0.6772359609603882,957,4062,1.3359832,-0.0067989277,519936,4519.124903917313,4159488,0.046761256
0.0012287304,0.14453125,2234.53,15.55,0.7253842949867249,913,4063,1.3304439,-0.009647224,520064,4520.246482372284,4160512,0.030090267
0.0010484032,0.14868164,2227.46,15.62,0.8651272058486938,954,4064,1.3886535,-0.010116466,520192,4521.319971323013,4161536,0.013599093
0.0016856485,0.18164062,2233.29,15.55,0.8508598357439041,957,4065,1.3130472,-0.011483569,520320,4522.390020132065,4162560,0.0242414
0.0010247065,0.1394043,2233.29,15.55,0.9137566015124321,968,4066,1.3365693,-0.010600771,520448,4523.448101043701,4163584,0.010730436
0.001354215,0.18481445,2233.29,15.55,0.8612716794013977,956,4067,1.377535,-0.01023822,520576,4524.518938064575,4164608,0.0092906095
0.0017331342,0.20410156,2233.29,15.55,0.8167788535356522,972,4068,1.3715771,-0.008590006,520704,4525.572163820267,4165632,0.01872449
0.0011313432,0.13720703,2233.29,15.55,0.8879244774580002,964,4069,1.3626138,-0.008706597,520832,4526.635426998138,4166656,0.010317571
0.001256997,0.14404297,2233.29,15.55,0.7792172580957413,984,4070,1.370289,-0.009829693,520960,4527.675847053528,4167680,0.025891367
0.0013145356,0.15917969,2233.29,15.55,0.7268129289150238,969,4071,1.3467379,-0.009905738,521088,4528.733028411865,4168704,0.031630278
0.0013154201,0.2006836,2239.05,15.42,0.8313747346401215,962,4072,1.3818947,-0.008635088,521216,4529.797843456268,4169728,0.016983528
0.0012135269,0.15185547,2239.05,15.42,0.8292594105005264,965,4073,1.3109274,-0.010476862,521344,4530.85942530632,4170752,0.021496505
0.0009956696,0.15234375,2237.81,15.4,0.7285270690917969,898,4074,1.3824096,-0.0066592894,521472,4532.00022482872,4171776,0.02640661
0.0016766017,0.16748047,2236.94,15.39,0.8234360814094543,901,4075,1.3020023,-0.011015818,521600,4533.136793375015,4172800,0.023246372
0.0010975082,0.14648438,2236.94,15.39,0.8261934071779251,925,4076,1.3753937,-0.008756968,521728,4534.244015932083,4173824,0.014694773
0.00153388,0.16723633,2233.73,15.43,0.8283290565013885,880,4077,1.3247485,-0.009568367,521856,4535.407080411911,4174848,0.019503465
0.0011024093,0.11425781,2233.73,15.43,0.8003458976745605,910,4078,1.2792666,-0.008991837,521984,4536.532126426697,4175872,0.025714561
0.0012897904,0.16625977,2233.73,15.43,0.8277396857738495,896,4079,1.2885958,-0.009827463,522112,4537.674740076065,4176896,0.025210459
0.0014330158,0.18457031,2229.52,15.42,0.6742591261863708,901,4080,1.2972994,-0.009078361,522240,4538.811053276062,4177920,0.033313986
0.0017456028,0.17358398,2229.52,15.42,0.7722952514886856,964,4081,1.2773836,-0.010559784,522368,4539.873062133789,4178944,0.032375034
0.0015828991,0.16210938,2228.09,15.46,0.7378610074520111,960,4082,1.2940993,-0.009613403,522496,4540.939562797546,4179968,0.031449992
0.0012703789,0.15576172,2224.75,15.49,0.8493472635746002,947,4083,1.3637283,-0.010226537,522624,4542.021560192108,4180992,0.014279817
0.0013145886,0.18554688,2224.75,15.49,0.8383085280656815,974,4084,1.3691168,-0.010574479,522752,4543.072768688202,4182016,0.010784905
0.0013011782,0.16601562,2224.75,15.49,0.7428873181343079,921,4085,1.3704666,-0.0097221555,522880,4544.184621095657,4183040,0.029959371
0.001640388,0.19750977,2224.75,15.49,0.7806343883275986,967,4086,1.3405237,-0.007999856,523008,4545.2440440654755,4184064,0.013713157
0.0010941932,0.1484375,2224.75,15.49,0.6183408796787262,957,4087,1.3525945,-0.00780241,523136,4546.314704179764,4185088,0.027125532
0.0014078816,0.17504883,2224.75,15.49,0.8343444913625717,937,4088,1.3366117,-0.010230593,523264,4547.407439947128,4186112,0.021384904
0.0010425805,0.13745117,2224.75,15.49,0.7843731194734573,890,4089,1.3516529,-0.009760739,523392,4548.55851650238,4187136,0.022566289
0.0014715575,0.17504883,2227.1,15.44,0.8027738034725189,902,4090,1.3444192,-0.009237261,523520,4549.693903207779,4188160,0.017643172
0.0016732317,0.16503906,2211.49,15.52,0.8436013162136078,880,4091,1.3269161,-0.011072166,523648,4550.858119487762,4189184,0.018569432
0.0010318438,0.13256836,2211.49,15.52,0.7904043197631836,974,4092,1.3273162,-0.00894064,523776,4551.909432649612,4190208,0.030355873
0.0014957533,0.15063477,2211.49,15.52,0.872822031378746,939,4093,1.316693,-0.012402029,523904,4552.999597072601,4191232,0.015762778
0.0015453352,0.14257812,2216.15,15.45,0.7609955817461014,890,4094,1.3363812,-0.009078519,524032,4554.150374412537,4192256,0.02352247
0.001336776,0.17382812,2216.6,15.48,0.8212438672780991,967,4095,1.3607073,-0.008903375,524160,4555.209241867065,4193280,0.0181923
0.001421436,0.15795898,2226.31,15.36,0.7156314849853516,939,4096,1.3180223,-0.008633915,524288,4556.300080060959,4194304,0.022454167
0.0015472745,0.14257812,2227.22,15.32,0.8779645264148712,903,4097,1.375166,-0.008791827,524416,4557.434356927872,4195328,0.0121580595
0.0015520419,0.16088867,2227.22,15.32,0.8829969242215157,966,4098,1.3525927,-0.008921662,524544,4558.494444847107,4196352,0.009235459
0.0010559609,0.106933594,2227.22,15.32,0.7719958275556564,923,4099,1.336298,-0.006787299,524672,4559.603714227676,4197376,0.028811816
0.0011745305,0.14135742,2226.68,15.36,0.7760753482580185,954,4100,1.392337,-0.0096266605,524800,4560.676889181137,4198400,0.02472533
0.0010612822,0.13330078,2226.68,15.36,0.7892001271247864,963,4101,1.332892,-0.008950831,524928,4561.740800380707,4199424,0.01687833
0.0011782293,0.12915039,2226.68,15.36,0.8197526633739471,979,4102,1.4177319,-0.009305842,525056,4562.787059545517,4200448,0.017565189
0.0014775776,0.18359375,2226.68,15.36,0.6852613091468811,967,4103,1.3496543,-0.010655251,525184,4563.846674442291,4201472,0.034707177
0.0014318168,0.17822266,2226.68,15.36,0.7295453250408173,971,4104,1.3288233,-0.009254927,525312,4564.901825666428,4202496,0.040653013
0.00074982987,0.111816406,2226.68,15.36,0.7874762713909149,935,4105,1.3665576,-0.008172218,525440,4565.996659994125,4203520,0.019638967
0.0013619142,0.16064453,2226.68,15.36,0.8334074169397354,913,4106,1.3637064,-0.008649694,525568,4567.117995738983,4204544,0.020094804
0.0010163656,0.12524414,2224.99,15.37,0.8393041789531708,952,4107,1.3872774,-0.0101609,525696,4568.193434000015,4205568,0.019503634
0.0012754253,0.16064453,2220.33,15.39,0.8504860401153564,923,4108,1.3394905,-0.009782171,525824,4569.303473234177,4206592,0.020577043
0.0010959071,0.12768555,2218.5,15.41,0.7661074697971344,901,4109,1.3762878,-0.007964742,525952,4570.440630912781,4207616,0.024223726
0.00097632036,0.11254883,2218.5,15.41,0.9147000312805176,980,4110,1.3559808,-0.009143453,526080,4571.486241579056,4208640,0.007607086
0.0010829824,0.14404297,2218.5,15.41,0.7142080366611481,965,4111,1.3791013,-0.006909933,526208,4572.547323226929,4209664,0.021224681
0.0013317338,0.16577148,2221.89,15.39,0.7595484703779221,967,4112,1.3255148,-0.009057023,526336,4573.606236457825,4210688,0.029351214
0.0013673693,0.1796875,2221.89,15.39,0.7820191979408264,955,4113,1.3879498,-0.0095137805,526464,4574.678176879883,4211712,0.020131279
0.00082643563,0.11743164,2221.89,15.39,0.8554511815309525,962,4114,1.374858,-0.008880497,526592,4575.742817163467,4212736,0.013353221
0.001703773,0.125,2221.89,15.39,0.8831373378634453,949,4115,1.3991618,-0.008882199,526720,4576.822249412537,4213760,0.010422458
0.0010388166,0.1418457,2221.89,15.39,0.812597244977951,962,4116,1.3449225,-0.008387944,526848,4577.886908531189,4214784,0.025007257
0.0014142372,0.16235352,2224.71,15.36,0.7361248433589935,934,4117,1.314332,-0.01081913,526976,4578.9838128089905,4215808,0.030947994
0.0015538451,0.15722656,2224.71,15.36,0.8238314688205719,945,4118,1.3846506,-0.008799047,527104,4580.06747341156,4216832,0.019460186
0.001561354,0.16064453,2230.88,15.28,0.8125803470611572,947,4119,1.365521,-0.011045761,527232,4581.148960828781,4217856,0.024195392
0.0011245133,0.14331055,2230.88,15.28,0.7813900113105774,968,4120,1.3695989,-0.01028727,527360,4582.207178115845,4218880,0.02304149
0.00084391824,0.1003418,2230.88,15.28,0.7937355786561966,965,4121,1.3801622,-0.0080656195,527488,4583.267963409424,4219904,0.022659043
0.0010146372,0.14086914,2225.97,15.32,0.8617324382066727,915,4122,1.3279904,-0.009558711,527616,4584.3866374492645,4220928,0.020830948
0.0011734085,0.15551758,2221.19,15.34,0.7018124461174011,911,4123,1.3016554,-0.010720281,527744,4585.510173797607,4221952,0.030090293
0.0018300636,0.17895508,2221.19,15.34,0.6771408915519714,910,4124,1.3017315,-0.010362722,527872,4586.635071992874,4222976,0.041280024
0.0014430408,0.15820312,2221.19,15.34,0.8569516390562057,904,4125,1.3232596,-0.010159935,528000,4587.767549991608,4224000,0.018448427
0.0010009804,0.12084961,2221.19,15.34,0.7977781295776367,933,4126,1.3225905,-0.009612105,528128,4588.865283727646,4225024,0.025340399
0.00090647535,0.11621094,2217.82,15.37,0.6985931098461151,942,4127,1.3315705,-0.008013003,528256,4589.95240187645,4226048,0.03547706
0.0014540623,0.14526367,2217.82,15.37,0.8784295171499252,970,4128,1.3027757,-0.009769187,528384,4591.008375167847,4227072,0.017145844
0.0013103716,0.14282227,2217.82,15.37,0.7717416137456894,917,4129,1.3678007,-0.010411037,528512,4592.124651193619,4228096,0.022363013
0.0016349235,0.16625977,2224.58,15.3,0.8218806087970734,962,4130,1.399526,-0.009176159,528640,4593.189933538437,4229120,0.0141209075
0.0009810461,0.13842773,2224.58,15.3,0.7776547819375992,948,4131,1.4042045,-0.008831209,528768,4594.2696850299835,4230144,0.021573413
0.0012335861,0.17236328,2224.58,15.3,0.7615293711423874,966,4132,1.3891898,-0.009220804,528896,4595.330278158188,4231168,0.02487823
0.0014973709,0.14282227,2224.58,15.3,0.7623545080423355,927,4133,1.3401911,-0.0092923045,529024,4596.43502163887,4232192,0.032728817
0.0010866693,0.1430664,2224.58,15.3,0.739737868309021,909,4134,1.3350484,-0.00961541,529152,4597.562026023865,4233216,0.030926941
0.0014546847,0.18066406,2224.58,15.3,0.6952525973320007,901,4135,1.2882804,-0.011960095,529280,4598.699431180954,4234240,0.03692845
0.0015960573,0.15478516,2222.07,15.37,0.7537416070699692,885,4136,1.2650015,-0.010313711,529408,4599.857055187225,4235264,0.028738882
0.0012366686,0.14013672,2222.07,15.37,0.8053643703460693,961,4137,1.3364784,-0.009423058,529536,4600.922443151474,4236288,0.022998642
0.0011866393,0.14331055,2222.07,15.37,0.8109137266874313,968,4138,1.3318024,-0.010490485,529664,4601.981007575989,4237312,0.02469773
0.0013649021,0.1652832,2222.07,15.37,0.8309071511030197,965,4139,1.2979459,-0.00979723,529792,4603.042564868927,4238336,0.024313139
0.0014809817,0.13647461,2218.45,15.37,0.8386926651000977,938,4140,1.3219663,-0.009167012,529920,4604.134909152985,4239360,0.020356007
0.0012556997,0.1550293,2221.77,15.35,0.6929735839366913,960,4141,1.2800707,-0.010689057,530048,4605.202155590057,4240384,0.038008045
0.0012216439,0.14038086,2226.19,15.3,0.7585828304290771,961,4142,1.2666795,-0.00975853,530176,4606.267491817474,4241408,0.034820165
0.0011804929,0.1508789,2226.19,15.3,0.8497673273086548,965,4143,1.3008013,-0.010813377,530304,4607.329008102417,4242432,0.021965457
0.0012044045,0.12548828,2226.19,15.3,0.8314404189586639,963,4144,1.3923806,-0.0103813,530432,4608.392127037048,4243456,0.013948672
0.0017358847,0.17114258,2225.53,15.29,0.7866593599319458,957,4145,1.3584404,-0.0071423175,530560,4609.4622349739075,4244480,0.026948387
0.001551981,0.18969727,2225.53,15.29,0.7514990717172623,971,4146,1.3429974,-0.011301052,530688,4610.517252445221,4245504,0.022503596
0.0011543693,0.11669922,2225.53,15.29,0.741073876619339,963,4147,1.320274,-0.007861482,530816,4611.580826997757,4246528,0.03465414
0.0012615426,0.15771484,2225.53,15.29,0.7476726770401001,952,4148,1.329877,-0.008374861,530944,4612.656481027603,4247552,0.024731018
0.0013228122,0.13964844,2227.91,15.24,0.8239808976650238,891,4149,1.3299999,-0.008276867,531072,4613.805733203888,4248576,0.022181539
0.0010765174,0.15185547,2227.91,15.24,0.7363044619560242,909,4150,1.3724692,-0.008107211,531200,4614.933400392532,4249600,0.024123844
0.0012293339,0.16381836,2227.91,15.24,0.8478028625249863,898,4151,1.3766371,-0.009195475,531328,4616.07465839386,4250624,0.008536885
0.00090013683,0.13208008,2227.91,15.24,0.8293172270059586,909,4152,1.4276832,-0.0079405075,531456,4617.201103448868,4251648,0.011315001
0.000928546,0.123046875,2227.91,15.24,0.9228820949792862,958,4153,1.3698722,-0.008895904,531584,4618.270323514938,4252672,0.007394768
0.0011234196,0.12548828,2228.49,15.26,0.7917450219392776,928,4154,1.3848599,-0.008714683,531712,4619.373729705811,4253696,0.017648285
0.0010811668,0.15283203,2228.49,15.26,0.798769623041153,885,4155,1.3853309,-0.009604861,531840,4620.530894041061,4254720,0.023553733
0.0014467798,0.1628418,2228.49,15.26,0.6809275150299072,906,4156,1.3046354,-0.008641926,531968,4621.660707950592,4255744,0.051061496
0.0014727185,0.16186523,2221.56,15.37,0.7000353038311005,925,4157,1.2789053,-0.010471621,532096,4622.768097162247,4256768,0.026947003
0.0019149573,0.12768555,2222.45,15.34,0.8077490925788879,937,4158,1.2673496,-0.007958747,532224,4623.86067032814,4257792,0.022480015
0.0014137774,0.16503906,2222.45,15.34,0.7921278327703476,952,4159,1.3641299,-0.0097162975,532352,4624.936366319656,4258816,0.021435946
0.00082205253,0.12402344,2222.45,15.34,0.8408779203891754,984,4160,1.366038,-0.0083165085,532480,4625.97766661644,4259840,0.016402295
0.0012541323,0.111816406,2221.6,15.33,0.78214892745018,952,4161,1.3439686,-0.008218058,532608,4627.053427457809,4260864,0.022158572
0.0011076452,0.12182617,2221.6,15.33,0.6026433110237122,953,4162,1.3545004,-0.007363573,532736,4628.128447771072,4261888,0.04889624
0.0012521072,0.1459961,2219.59,15.36,0.8078509569168091,963,4163,1.3361038,-0.01021032,532864,4629.1923859119415,4262912,0.020445546
0.0010356028,0.11425781,2219.59,15.36,0.8324985802173615,984,4164,1.3884145,-0.010080518,532992,4630.233634471893,4263936,0.019063476
0.00095235574,0.125,2223.36,15.31,0.8021344691514969,941,4165,1.324185,-0.009370995,533120,4631.32243514061,4264960,0.016742438
0.0012681738,0.15136719,2223.36,15.31,0.7169868350028992,965,4166,1.3745617,-0.008220573,533248,4632.3842396736145,4265984,0.022113591
0.0019237939,0.16552734,2223.36,15.31,0.7243333756923676,972,4167,1.3527703,-0.00934334,533376,4633.437724351883,4267008,0.025460484
0.0013789517,0.13964844,2223.36,15.31,0.7634691596031189,960,4168,1.3131138,-0.0098508615,533504,4634.504922151566,4268032,0.018840717
0.001555104,0.15722656,2223.36,15.31,0.8378983587026596,939,4169,1.3707614,-0.009211827,533632,4635.59571480751,4269056,0.014497847
0.0012260149,0.15136719,2223.36,15.31,0.8011364042758942,893,4170,1.3162525,-0.0089830775,533760,4636.743285417557,4270080,0.01802913
0.0014016344,0.14575195,2213.6,15.41,0.8129147291183472,896,4171,1.3127761,-0.0094796,533888,4637.886883497238,4271104,0.021932289
0.0010879837,0.12597656,2213.6,15.41,0.736853301525116,899,4172,1.2793635,-0.008410758,534016,4639.026310920715,4272128,0.031616144
0.0010263855,0.11767578,2213.94,15.39,0.7032912969589233,959,4173,1.3486801,-0.009808462,534144,4640.094594955444,4273152,0.034889173
0.0014103062,0.14160156,2217.26,15.37,0.7017892003059387,951,4174,1.2871593,-0.00864207,534272,4641.172072172165,4274176,0.0314627
0.0010872718,0.13330078,2217.26,15.37,0.847321555018425,957,4175,1.298956,-0.009654237,534400,4642.24219417572,4275200,0.016823905
0.0011731172,0.14453125,2217.26,15.37,0.8687660247087479,902,4176,1.3489401,-0.010609651,534528,4643.377549171448,4276224,0.019453222
0.0012662902,0.14257812,2225.33,15.31,0.8532543480396271,940,4177,1.3509005,-0.009748851,534656,4644.467103242874,4277248,0.019369852
0.0010313542,0.15039062,2223.59,15.33,0.7569960951805115,944,4178,1.3384372,-0.009788451,534784,4645.552519083023,4278272,0.029881053
0.0012941292,0.13256836,2221.08,15.33,0.8236878514289856,961,4179,1.3473428,-0.009843859,534912,4646.618378162384,4279296,0.023268864
0.0017118183,0.16723633,2217.63,15.35,0.7885715812444687,959,4180,1.314642,-0.0097633405,535040,4647.686786174774,4280320,0.028901983
0.0011166813,0.13720703,2217.63,15.35,0.7588481456041336,937,4181,1.2654516,-0.007817938,535168,4648.78019452095,4281344,0.03904113
0.000983384,0.1184082,2217.63,15.35,0.7859618663787842,890,4182,1.3817195,-0.0074792053,535296,4649.931151390076,4282368,0.027072096
0.0012270636,0.14355469,2217.63,15.35,0.755302369594574,917,4183,1.3957783,-0.0086920895,535424,4651.0477640628815,4283392,0.016302338
0.0012039569,0.15063477,2217.63,15.35,0.6705755889415741,973,4184,1.3079312,-0.0069060675,535552,4652.100732803345,4284416,0.038750667
0.0011544935,0.16064453,2217.63,15.35,0.839825376868248,971,4185,1.32426,-0.00874861,535680,4653.156728506088,4285440,0.009869408
0.0010129126,0.16894531,2217.63,15.35,0.8762635141611099,910,4186,1.382272,-0.009655641,535808,4654.282276630402,4286464,0.012132315
0.0013493953,0.16357422,2217.63,15.35,0.8345260918140411,917,4187,1.3567992,-0.008431698,535936,4655.3988535404205,4287488,0.01574423
0.0008083283,0.115478516,2217.63,15.35,0.7697920948266983,892,4188,1.3511721,-0.007944249,536064,4656.546593666077,4288512,0.019763023
0.0010390724,0.14526367,2219.17,15.32,0.7203073799610138,898,4189,1.2669297,-0.009764738,536192,4657.686509847641,4289536,0.029999143
0.0013730046,0.15429688,2219.17,15.32,0.8105295747518539,901,4190,1.3538802,-0.0095616635,536320,4658.8239896297455,4290560,0.023590442
0.00090412155,0.13110352,2219.17,15.32,0.810341477394104,919,4191,1.3643728,-0.008423494,536448,4659.938906908035,4291584,0.013845856
0.0010821425,0.15600586,2217.01,15.36,0.7776497006416321,912,4192,1.3707794,-0.009324149,536576,4661.061970472336,4292608,0.025495728
0.0011562896,0.14355469,2226.22,15.29,0.8226701617240906,913,4193,1.3718046,-0.0067982674,536704,4662.183146238327,4293632,0.01908224
0.000965019,0.122802734,2224.29,15.29,0.8387825191020966,943,4194,1.3239983,-0.009817308,536832,4663.269805431366,4294656,0.020235801
0.0013224084,0.14404297,2224.29,15.29,0.8322255909442902,964,4195,1.3185288,-0.008320285,536960,4664.331937074661,4295680,0.023507116
0.0010596043,0.1315918,2217.35,15.31,0.7114676535129547,946,4196,1.371009,-0.009770904,537088,4665.414060354233,4296704,0.03354212
0.0010082896,0.119628906,2217.35,15.31,0.7867382913827896,971,4197,1.3438077,-0.008315046,537216,4666.468703746796,4297728,0.024791498
0.0014013146,0.16430664,2225.52,15.26,0.7611280530691147,949,4198,1.2966384,-0.009556664,537344,4667.548056364059,4298752,0.032436993
0.000947076,0.125,2225.52,15.26,0.7875927686691284,964,4199,1.3758693,-0.007813157,537472,4668.610003709793,4299776,0.016198238
0.0011696744,0.15136719,2225.52,15.26,0.7085418403148651,965,4200,1.3746047,-0.009023641,537600,4669.672355890274,4300800,0.028404338
0.001059998,0.15600586,2225.52,15.26,0.8526517748832703,961,4201,1.344221,-0.008788949,537728,4670.7386729717255,4301824,0.01282109
0.0012675558,0.13964844,2221.04,15.3,0.842096358537674,951,4202,1.4050449,-0.00856346,537856,4671.815634727478,4302848,0.010817175
0.0011353412,0.13330078,2221.04,15.3,0.7075011134147644,955,4203,1.2684393,-0.008121628,537984,4672.88855266571,4303872,0.041648842
0.0009805127,0.14379883,2221.04,15.3,0.7692580819129944,914,4204,1.3868155,-0.008188769,538112,4674.008932828903,4304896,0.019846836
0.0010765895,0.14697266,2221.04,15.3,0.8335104435682297,921,4205,1.3854957,-0.009430263,538240,4675.12152671814,4305920,0.018238606
0.00108241,0.14160156,2221.04,15.3,0.6830627024173737,946,4206,1.3439835,-0.008766616,538368,4676.204616546631,4306944,0.025678257
0.0010383584,0.13256836,2221.32,15.31,0.8412510901689529,949,4207,1.3697214,-0.008882592,538496,4677.283622741699,4307968,0.019883381
0.0014394537,0.15942383,2221.32,15.31,0.7403466701507568,957,4208,1.2370598,-0.008658217,538624,4678.354219198227,4308992,0.033984933
0.0016141736,0.17041016,2219.54,15.33,0.7303584814071655,943,4209,1.3447306,-0.009073277,538752,4679.44021320343,4310016,0.024508592
0.0011752563,0.140625,2218.44,15.39,0.663468062877655,922,4210,1.2863762,-0.0098715825,538880,4680.550612688065,4311040,0.04152876
0.0012150769,0.15771484,2212.44,15.45,0.8325855135917664,940,4211,1.3461924,-0.009816676,539008,4681.639713764191,4312064,0.01361308
0.0011328266,0.1184082,2218.62,15.39,0.7678297460079193,944,4212,1.318858,-0.006879395,539136,4682.725216388702,4313088,0.023687249
0.001276242,0.14794922,2218.62,15.39,0.7954399436712265,982,4213,1.3212692,-0.010937982,539264,4683.768535375595,4314112,0.027032757
0.0011563521,0.14086914,2218.62,15.39,0.7857857346534729,971,4214,1.274893,-0.00788812,539392,4684.823109865189,4315136,0.03300322
0.0014639826,0.16455078,2218.62,15.39,0.847446396946907,927,4215,1.2903817,-0.009129636,539520,4685.928412914276,4316160,0.023314392
0.0013233362,0.16967773,2225.03,15.27,0.7584874182939529,945,4216,1.3216525,-0.0096546495,539648,4687.012731313705,4317184,0.027563866
0.0013969123,0.15600586,2232.44,15.19,0.8070982843637466,962,4217,1.3207583,-0.0071721263,539776,4688.076956748962,4318208,0.020362908
0.0008913686,0.13842773,2232.44,15.19,0.8784430995583534,963,4218,1.3698348,-0.009153822,539904,4689.140320777893,4319232,0.010985973
0.0011370303,0.13500977,2232.44,15.19,0.736602395772934,969,4219,1.4087781,-0.00829928,540032,4690.197000980377,4320256,0.02977466
0.0013447725,0.14428711,2233.16,15.18,0.5599380731582642,949,4220,1.300042,-0.009010603,540160,4691.275932073593,4321280,0.038028095
0.0012542247,0.14697266,2233.16,15.18,0.8333217799663544,924,4221,1.3503758,-0.009137501,540288,4692.384635686874,4322304,0.018077895
0.0011442661,0.14160156,2233.16,15.18,0.8081427961587906,900,4222,1.3533095,-0.009698319,540416,4693.522380113602,4323328,0.02389391
0.0009845775,0.13427734,2233.16,15.18,0.9238593578338623,973,4223,1.365779,-0.009701908,540544,4694.575104236603,4324352,0.009303423
0.0009776305,0.10424805,2234.93,15.15,0.7258918285369873,917,4224,1.3512031,-0.00769514,540672,4695.69140625,4325376,0.029317936
0.0013238318,0.15307617,2237.06,15.13,0.743666410446167,906,4225,1.295007,-0.009350534,540800,4696.821501731873,4326400,0.026953466
0.0014221198,0.13012695,2237.06,15.13,0.7954877763986588,928,4226,1.2728462,-0.008131258,540928,4697.924636125565,4327424,0.03356022
0.0012851644,0.13989258,2237.06,15.13,0.7606884837150574,906,4227,1.3370779,-0.009166175,541056,4699.055011034012,4328448,0.028372705
0.0010346179,0.119628906,2240.29,15.11,0.7556614279747009,881,4228,1.3905725,-0.009242991,541184,4700.217976808548,4329472,0.022017749
0.0009958582,0.119628906,2242.77,15.11,0.8095779716968536,914,4229,1.387246,-0.009360288,541312,4701.338268518448,4330496,0.019748142
0.0015018785,0.16796875,2250.66,15.02,0.8223936259746552,962,4230,1.3328658,-0.00983541,541440,4702.4034123420715,4331520,0.020139968
0.00093000627,0.12866211,2250.66,15.02,0.8328455090522766,953,4231,1.3716841,-0.010832101,541568,4703.478617191315,4332544,0.016553529
0.0010872865,0.1628418,2250.66,15.02,0.8131564259529114,937,4232,1.4286747,-0.00952948,541696,4704.571727752686,4333568,0.010199135
0.00083124696,0.1459961,2250.66,15.02,0.8460644483566284,932,4233,1.383073,-0.008590343,541824,4705.670269489288,4334592,0.01579478
0.001248593,0.14160156,2256.16,14.99,0.7496702671051025,923,4234,1.3326951,-0.008451484,541952,4706.780402183533,4335616,0.027036965
0.0010789084,0.13378906,2256.16,14.99,0.8495604544878006,926,4235,1.40394,-0.00856292,542080,4707.886403799057,4336640,0.014869479
0.0008875367,0.13476562,2258.68,15.01,0.7754006385803223,933,4236,1.3707175,-0.009742724,542208,4708.984383583069,4337664,0.018172972
0.001160603,0.123535156,2258.68,15.01,0.7888807058334351,965,4237,1.3200938,-0.008483657,542336,4710.045373678207,4338688,0.019068856
0.0012410252,0.14355469,2258.68,15.01,0.8657668679952621,962,4238,1.3828775,-0.010260696,542464,4711.11016869545,4339712,0.014813034
0.0014704744,0.19042969,2258.68,15.01,0.7936026453971863,943,4239,1.371658,-0.010025218,542592,4712.196613073349,4340736,0.0218575
0.001066416,0.13378906,2258.68,15.01,0.6283949017524719,899,4240,1.3748583,-0.008642671,542720,4713.336580753326,4341760,0.030927341
0.0014554805,0.15161133,2257.83,15.03,0.7940222173929214,944,4241,1.4062135,-0.009130044,542848,4714.420930147171,4342784,0.013035747
0.0013737252,0.15161133,2257.83,15.03,0.8279891759157181,907,4242,1.378571,-0.008621204,542976,4715.549897193909,4343808,0.016499467
0.0012748594,0.14941406,2245.16,15.16,0.7580414265394211,904,4243,1.3106916,-0.009774504,543104,4716.683241844177,4344832,0.016681043
0.0010258219,0.12573242,2245.16,15.16,0.8610421568155289,942,4244,1.3899622,-0.010232253,543232,4717.770369768143,4345856,0.011686198
0.0011269604,0.13549805,2245.16,15.16,0.7581592798233032,908,4245,1.4159462,-0.008557014,543360,4718.898433446884,4346880,0.022580124
0.0011025206,0.15136719,2240.73,15.23,0.8422867208719254,895,4246,1.3648401,-0.010143143,543488,4720.043061733246,4347904,0.01931525
0.0010422958,0.12695312,2241.64,15.26,0.7362886369228363,910,4247,1.3399345,-0.009433851,543616,4721.168774843216,4348928,0.029929493
0.0014486783,0.15771484,2241.64,15.26,0.6817848980426788,960,4248,1.3645291,-0.009886146,543744,4722.236164331436,4349952,0.03838547
0.0015966675,0.15600586,2241.64,15.26,0.7586696594953537,970,4249,1.2830626,-0.011304441,543872,4723.29153585434,4350976,0.027286964
0.0010719819,0.13305664,2241.64,15.26,0.682178795337677,968,4250,1.330414,-0.010280303,544000,4724.350013494492,4352000,0.024346659
0.0011303974,0.12817383,2241.64,15.26,0.8817153349518776,977,4251,1.3666878,-0.008894754,544128,4725.397811889648,4353024,0.015453816
0.0011310636,0.118652344,2242.96,15.27,0.7598580718040466,956,4252,1.2762098,-0.008565885,544256,4726.468593597412,4354048,0.026005797
0.0017428652,0.18652344,2239.17,15.32,0.7637393474578857,936,4253,1.3474176,-0.008623583,544384,4727.563290119171,4355072,0.024575748
0.001251227,0.14355469,2243.35,15.3,0.74712273478508,926,4254,1.3356861,-0.008099894,544512,4728.6697244644165,4356096,0.023664033
0.0011907285,0.16210938,2243.35,15.3,0.8241721093654633,978,4255,1.3596253,-0.010068498,544640,4729.717889070511,4357120,0.01453235
0.0011612073,0.17016602,2243.35,15.3,0.821647122502327,965,4256,1.4102954,-0.010364443,544768,4730.779166698456,4358144,0.01214485
0.0010737879,0.13647461,2243.35,15.3,0.8833814635872841,966,4257,1.414858,-0.00825705,544896,4731.839660406113,4359168,0.006955254
0.0012029258,0.15234375,2243.35,15.3,0.8438476473093033,933,4258,1.3904645,-0.008160099,545024,4732.937286138535,4360192,0.0113382405
0.0012537296,0.14672852,2237.6,15.34,0.8470181673765182,890,4259,1.4085172,-0.009282324,545152,4734.0882432460785,4361216,0.011046981
0.0012535685,0.15332031,2237.6,15.34,0.8245089650154114,914,4260,1.3696151,-0.009878541,545280,4735.209129333496,4362240,0.019152353
0.0012134797,0.13720703,2232.24,15.39,0.7749787122011185,953,4261,1.3185287,-0.007978172,545408,4736.284322023392,4363264,0.02491177
0.0012772448,0.14208984,2232.49,15.4,0.7926311194896698,948,4262,1.315613,-0.008374408,545536,4737.364399433136,4364288,0.022866037
0.001375787,0.12817383,2232.49,15.4,0.8081729263067245,987,4263,1.4009122,-0.007761241,545664,4738.402529716492,4365312,0.01793519
0.0010858715,0.12792969,2231.04,15.44,0.8314570188522339,949,4264,1.3712864,-0.009298135,545792,4739.481708526611,4366336,0.018454386
0.0013764459,0.12792969,2235.88,15.42,0.7641574740409851,961,4265,1.3022105,-0.008289489,545920,4740.547353982925,4367360,0.021220438
0.0010815394,0.110839844,2235.88,15.42,0.7369893193244934,962,4266,1.3624933,-0.0076345,546048,4741.612118721008,4368384,0.03412219
0.001327281,0.1352539,2232.15,15.46,0.8006627857685089,945,4267,1.3323016,-0.009312918,546176,4742.696291446686,4369408,0.023574002
0.001250748,0.16967773,2232.15,15.46,0.8440614193677902,955,4268,1.4068253,-0.009572983,546304,4743.768965959549,4370432,0.015133269
0.00095132715,0.119384766,2224.97,15.52,0.8288413733243942,950,4269,1.4058923,-0.0077829254,546432,4744.846827983856,4371456,0.020795954
0.0014950243,0.1730957,2226.48,15.51,0.9088430926203728,948,4270,1.3440319,-0.009832205,546560,4745.928019285202,4372480,0.008918969
0.0011222888,0.1274414,2226.48,15.51,0.8574908375740051,972,4271,1.3632629,-0.00820377,546688,4746.981986045837,4373504,0.013817325
0.0009684495,0.11352539,2226.48,15.51,0.8680332750082016,920,4272,1.4301379,-0.008301444,546816,4748.095467090607,4374528,0.013287978
0.00094636076,0.1352539,2226.48,15.51,0.7430286407470703,897,4273,1.3340319,-0.009944991,546944,4749.236802339554,4375552,0.03138936
0.000944661,0.109375,2226.48,15.51,0.773967370390892,914,4274,1.3711171,-0.008300523,547072,4750.35772061348,4376576,0.023876432
0.00094433065,0.1315918,2226.48,15.51,0.8064347356557846,910,4275,1.3521768,-0.009090462,547200,4751.482648611069,4377600,0.014024517
0.001928033,0.17675781,2226.48,15.51,0.6626542508602142,914,4276,1.3455832,-0.010172293,547328,4752.602967977524,4378624,0.039141305
0.0014859597,0.16064453,2229.67,15.47,0.8187080472707748,899,4277,1.3598526,-0.009397956,547456,4753.742041349411,4379648,0.019469956
0.0017111776,0.1328125,2230.71,15.48,0.8295498490333557,945,4278,1.3559014,-0.009254822,547584,4754.825488567352,4380672,0.011965038
0.0011883971,0.15258789,2223.39,15.54,0.7365012466907501,965,4279,1.4141184,-0.008579805,547712,4755.886713981628,4381696,0.019426117
0.0010905545,0.1574707,2223.39,15.54,0.7316243052482605,961,4280,1.352167,-0.008119559,547840,4756.953347206116,4382720,0.02606801
0.001015296,0.12988281,2219.68,15.58,0.6784241497516632,962,4281,1.3286262,-0.01064642,547968,4758.0175569057465,4383744,0.026096493
0.0012771202,0.15795898,2227.32,15.49,0.7233516573905945,950,4282,1.2895327,-0.009730129,548096,4759.095257997513,4384768,0.02754907
0.0011748244,0.13183594,2227.32,15.49,0.7950636148452759,963,4283,1.3825614,-0.009416262,548224,4760.15887260437,4385792,0.017120639
0.0010549885,0.11328125,2225.92,15.52,0.811365395784378,944,4284,1.3626326,-0.008502759,548352,4761.243872880936,4386816,0.019944305
0.0012011051,0.13964844,2219.95,15.66,0.8338223844766617,963,4285,1.3499154,-0.009200806,548480,4762.306962490082,4387840,0.014976785
0.0010380596,0.119628906,2219.95,15.66,0.8662241846323013,948,4286,1.4219226,-0.009732756,548608,4763.3870458602905,4388864,0.011856577
0.0016942205,0.1784668,2219.95,15.66,0.7239837050437927,966,4287,1.3885078,-0.009542487,548736,4764.447554588318,4389888,0.03034693
0.0011266158,0.12011719,2219.57,15.68,0.8549000024795532,956,4288,1.3659656,-0.0072934744,548864,4765.518343925476,4390912,0.015538252
0.0017532669,0.20410156,2219.57,15.68,0.8803610503673553,962,4289,1.4276955,-0.010469054,548992,4766.582955121994,4391936,0.010759148
0.0011426839,0.15356445,2219.57,15.68,0.718020498752594,953,4290,1.3560064,-0.007037173,549120,4767.658301115036,4392960,0.02612545
0.0014053582,0.15014648,2219.57,15.68,0.8855306059122086,910,4291,1.3882334,-0.010919333,549248,4768.783309936523,4393984,0.0106482785
0.0010934182,0.14672852,2219.57,15.68,0.7813433110713959,897,4292,1.4219726,-0.008687909,549376,4769.925473451614,4395008,0.018671123
0.0013764069,0.16333008,2221.59,15.66,0.8832143321633339,898,4293,1.3506495,-0.010268915,549504,4771.065275669098,4396032,0.01146246
0.0011485732,0.15820312,2219.45,15.67,0.7814768999814987,908,4294,1.3345026,-0.009117767,549632,4772.193368196487,4397056,0.026270276
0.0010112697,0.119384766,2219.45,15.67,0.609131932258606,911,4295,1.2725325,-0.007353266,549760,4773.317234754562,4398080,0.05264528
0.0015199331,0.1796875,2219.45,15.67,0.6432166397571564,957,4296,1.3458513,-0.009686578,549888,4774.38781619072,4399104,0.033023525
0.0012379758,0.14477539,2222.28,15.67,0.8517311066389084,965,4297,1.3577638,-0.009292623,550016,4775.449547290802,4400128,0.015718348
0.0014419986,0.17456055,2222.11,15.7,0.8554357439279556,956,4298,1.3674761,-0.009812771,550144,4776.521332025528,4401152,0.012766311
0.0013581752,0.15698242,2218.3,15.75,0.8250288963317871,967,4299,1.3921008,-0.009737516,550272,4777.580101728439,4402176,0.013651256
0.0014704214,0.13598633,2218.3,15.75,0.6397745311260223,969,4300,1.3191907,-0.007897467,550400,4778.637099504471,4403200,0.058457196
0.0011522032,0.1472168,2218.3,15.75,0.7322003543376923,965,4301,1.306946,-0.008813069,550528,4779.697979211807,4404224,0.030016389
0.0016382298,0.15429688,2218.3,15.75,0.8309741914272308,949,4302,1.2836694,-0.008810688,550656,4780.777758836746,4405248,0.018418062
0.0013416673,0.15551758,2218.3,15.75,0.6328734457492828,913,4303,1.2317809,-0.008130073,550784,4781.899401664734,4406272,0.04382805
0.001387665,0.12084961,2221.56,15.69,0.8342568129301071,945,4304,1.3884302,-0.009405075,550912,4782.982679367065,4407296,0.017355433
0.0015994121,0.13647461,2229.36,15.68,0.8281143754720688,963,4305,1.3509958,-0.0077392654,551040,4784.046636581421,4408320,0.016059916
0.0011499351,0.15161133,2229.36,15.68,0.667352557182312,965,4306,1.3722116,-0.007188099,551168,4785.108049869537,4409344,0.028811393
0.0009118132,0.13256836,2229.36,15.68,0.7515813261270523,966,4307,1.4032931,-0.00812475,551296,4786.168064117432,4410368,0.014361679
0.0008451215,0.12670898,2238.52,15.56,0.7565886825323105,942,4308,1.3960274,-0.007955797,551424,4787.255440235138,4411392,0.017289368
0.0011072844,0.14941406,2238.52,15.56,0.7357554733753204,984,4309,1.2949779,-0.009587974,551552,4788.295928001404,4412416,0.0304817
0.0012512286,0.1586914,2238.52,15.56,0.8100145608186722,949,4310,1.3746217,-0.010220354,551680,4789.375351667404,4413440,0.015585268
0.0013018132,0.14672852,2232.1,15.63,0.8961970806121826,958,4311,1.3300894,-0.009746805,551808,4790.444436073303,4414464,0.010355523
0.0012404503,0.115478516,2232.1,15.63,0.8656631410121918,918,4312,1.3683279,-0.008277513,551936,4791.559676170349,4415488,0.012865912
0.0013919333,0.1315918,2237.25,15.54,0.779216006398201,900,4313,1.3377564,-0.008389968,552064,4792.697587251663,4416512,0.024377793
0.0017028459,0.15625,2237.25,15.54,0.8542439043521881,902,4314,1.3174453,-0.0095940875,552192,4793.832713127136,4417536,0.021092735
0.0009811078,0.1237793,2229.98,15.64,0.7597705870866776,949,4315,1.2795373,-0.009575071,552320,4794.91192317009,4418560,0.02793124
0.0013843499,0.14941406,2231.8,15.62,0.7451232373714447,949,4316,1.2840693,-0.011622949,552448,4795.990857124329,4419584,0.029950114
0.0010329132,0.14257812,2231.8,15.62,0.7899679392576218,976,4317,1.3867642,-0.009374794,552576,4797.040596246719,4420608,0.015629461
0.00097269274,0.12866211,2231.8,15.62,0.8518321514129639,966,4318,1.3522053,-0.009269093,552704,4798.101359844208,4421632,0.01661411
0.001431887,0.1340332,2231.8,15.62,0.851235419511795,975,4319,1.320976,-0.009131556,552832,4799.151849746704,4422656,0.015679661
0.0011909325,0.14379883,2231.8,15.62,0.847733810544014,965,4320,1.4092373,-0.009129887,552960,4800.213123559952,4423680,0.015280194
0.0012164149,0.14477539,2230.17,15.62,0.8172376602888107,960,4321,1.2803795,-0.010047562,553088,4801.2802522182465,4424704,0.029988779
0.0012826894,0.14526367,2230.17,15.62,0.7726319134235382,956,4322,1.352044,-0.009741178,553216,4802.351859331131,4425728,0.033993624
0.0011963717,0.15649414,2226.21,15.67,0.7717110216617584,920,4323,1.2836769,-0.009292223,553344,4803.465025424957,4426752,0.029045194
0.00083383603,0.103027344,2226.21,15.67,0.7566958069801331,942,4324,1.4351964,-0.0065250467,553472,4804.551802396774,4427776,0.012694797
0.0011800824,0.14697266,2226.21,15.67,0.8701401650905609,910,4325,1.3930532,-0.008051594,553600,4805.677171230316,4428800,0.013517432
0.0010114838,0.1315918,2226.21,15.67,0.7312197387218475,901,4326,1.3874037,-0.007770053,553728,4806.813207387924,4429824,0.023457725
0.0011504393,0.140625,2226.21,15.67,0.8039771467447281,938,4327,1.3967234,-0.009146117,553856,4807.905086040497,4430848,0.013595065
0.0010418879,0.16503906,2226.21,15.67,0.9148718491196632,949,4328,1.4084055,-0.009760841,553984,4808.98534154892,4431872,0.0042177276
0.0010713637,0.13842773,2229.25,15.65,0.8108163177967072,902,4329,1.355408,-0.007774561,554112,4810.121282339096,4432896,0.019441124
0.0013367911,0.16699219,2229.25,15.65,0.8106021583080292,891,4330,1.326618,-0.009622011,554240,4811.270632266998,4433920,0.020147653
0.00096550584,0.11352539,2229.25,15.65,0.7938723266124725,913,4331,1.359738,-0.008822059,554368,4812.392689466476,4434944,0.023326127
0.0011087251,0.123291016,2229.25,15.65,0.7056576013565063,933,4332,1.4023392,-0.008273105,554496,4813.490809679031,4435968,0.016777262
0.0012701254,0.18066406,2231.07,15.62,0.739069402217865,911,4333,1.3135004,-0.00992177,554624,4814.615043878555,4436992,0.031302277
0.0015423084,0.14526367,2231.07,15.62,0.8158706426620483,899,4334,1.2882129,-0.00871713,554752,4815.753961086273,4438016,0.026109783
0.001440122,0.15966797,2234.29,15.59,0.8432337492704391,897,4335,1.3029821,-0.010699837,554880,4816.895509719849,4439040,0.023164121
0.0012309026,0.15429688,2237.87,15.57,0.8754077330231667,950,4336,1.3902448,-0.006766807,555008,4817.97336935997,4440064,0.008828581
0.00094275497,0.14746094,2229.43,15.67,0.806498721241951,963,4337,1.3645225,-0.0085531315,555136,4819.036502838135,4441088,0.020719657
0.00095135765,0.13085938,2229.43,15.67,0.731788843870163,962,4338,1.3313227,-0.00791933,555264,4820.101177692413,4442112,0.019998163
0.0009858322,0.14575195,2230.99,15.68,0.8045365214347839,960,4339,1.3567712,-0.009511669,555392,4821.168210029602,4443136,0.020936709
0.0013615898,0.14697266,2230.99,15.68,0.7719779759645462,950,4340,1.2911875,-0.009529749,555520,4822.245959043503,4444160,0.034771707
0.0010698816,0.15136719,2237.19,15.63,0.6918093860149384,950,4341,1.3560703,-0.008284043,555648,4823.32444858551,4445184,0.036812294
0.0009857978,0.1105957,2237.19,15.63,0.7287634313106537,961,4342,1.3385648,-0.007908158,555776,4824.389796495438,4446208,0.026580025
0.0013204655,0.18237305,2236.46,15.65,0.8443342596292496,937,4343,1.3761877,-0.010764769,555904,4825.482483148575,4447232,0.015264558
0.0016416357,0.10522461,2236.46,15.65,0.8048168271780014,982,4344,1.3895316,-0.007134189,556032,4826.525089263916,4448256,0.024364758
0.0009618216,0.1640625,2236.46,15.65,0.8802279904484749,979,4345,1.400658,-0.009469066,556160,4827.570890665054,4449280,0.009076445
0.0015787453,0.15795898,2236.46,15.65,0.897673487663269,967,4346,1.4044417,-0.009797813,556288,4828.630430698395,4450304,0.008416945
0.0012481881,0.14404297,2236.46,15.65,0.7651508897542953,942,4347,1.3569894,-0.008616721,556416,4829.718104362488,4451328,0.029690124
0.001270934,0.14477539,2236.46,15.65,0.8038932830095291,912,4348,1.331636,-0.010137694,556544,4830.841007709503,4452352,0.03012118
0.00105766,0.14746094,2236.46,15.65,0.750667005777359,943,4349,1.4001298,-0.0093487585,556672,4831.927088737488,4453376,0.014180802
0.0011469559,0.140625,2236.46,15.65,0.8475959599018097,900,4350,1.3610542,-0.008218461,556800,4833.065056562424,4454400,0.017616779
0.001380128,0.11767578,2236.46,15.65,0.792388841509819,931,4351,1.3500907,-0.008576597,556928,4834.164926290512,4455424,0.023181945
0.0012125059,0.13647461,2236.46,15.65,0.8151226490736008,970,4352,1.3281127,-0.010171726,557056,4835.22083234787,4456448,0.023090545
0.0015712006,0.14941406,2227.36,15.72,0.7460127174854279,941,4353,1.3063369,-0.007913231,557184,4836.309572458267,4457472,0.023781758
0.0011911871,0.13305664,2227.63,15.71,0.7251166999340057,950,4354,1.4092703,-0.007946735,557312,4837.387484550476,4458496,0.02246616
0.0011615343,0.13549805,2225.09,15.71,0.8324746787548065,915,4355,1.3036098,-0.008669389,557440,4838.506359100342,4459520,0.02285174
0.0013018451,0.15234375,2225.09,15.71,0.8186481595039368,963,4356,1.3530723,-0.009242509,557568,4839.570193529129,4460544,0.022448452
0.0010752755,0.13867188,2220.88,15.71,0.6416184306144714,941,4357,1.3147006,-0.0076312767,557696,4840.658877134323,4461568,0.044570174
0.001263749,0.17456055,2220.88,15.71,0.8705876767635345,960,4358,1.3592422,-0.009845558,557824,4841.726162195206,4462592,0.016207095
0.0011589947,0.1027832,2220.88,15.71,0.7725424915552139,927,4359,1.4038881,-0.006684413,557952,4842.831402301788,4463616,0.025077851
0.00090696407,0.123046875,2220.88,15.71,0.7691145539283752,901,4360,1.3018581,-0.007575661,558080,4843.968318223953,4464640,0.023001602
0.00084925315,0.119384766,2220.71,15.72,0.6288317739963531,900,4361,1.4010191,-0.008292085,558208,4845.105791807175,4465664,0.033113327
0.00097530504,0.1237793,2220.71,15.72,0.8364641517400742,904,4362,1.3007432,-0.008602581,558336,4846.238652229309,4466688,0.02637901
0.00095908524,0.13085938,2220.71,15.72,0.8208221644163132,971,4363,1.3453957,-0.009096186,558464,4847.293791294098,4467712,0.021495651
0.0010106,0.12011719,2220.71,15.72,0.8597847521305084,953,4364,1.3787454,-0.008980344,558592,4848.368586063385,4468736,0.014908429
0.00093324843,0.14111328,2220.71,15.72,0.8258059918880463,965,4365,1.3620518,-0.008658506,558720,4849.430113315582,4469760,0.018238092
0.0011475531,0.14550781,2220.71,15.72,0.8124567419290543,974,4366,1.412918,-0.00875223,558848,4850.481581449509,4470784,0.017184837
0.0009736548,0.12402344,2220.71,15.72,0.8670132905244827,935,4367,1.3735954,-0.006961892,558976,4851.5772356987,4471808,0.015551028
0.00096615386,0.12768555,2220.71,15.72,0.7181373238563538,904,4368,1.3283557,-0.007849511,559104,4852.710641145706,4472832,0.03009226
0.0011807397,0.140625,2220.71,15.72,0.8639677315950394,982,4369,1.4075887,-0.008779984,559232,4853.753077745438,4473856,0.016536802
0.0011489199,0.1459961,2218.52,15.76,0.8180751800537109,971,4370,1.3439721,-0.0075591556,559360,4854.808342218399,4474880,0.02018675
0.0008834418,0.123046875,2220.29,15.76,0.8177760988473892,949,4371,1.4009206,-0.008693885,559488,4855.887487411499,4475904,0.016011104
0.0012215875,0.1508789,2220.29,15.76,0.7637912631034851,969,4372,1.3290943,-0.009146757,559616,4856.944660186768,4476928,0.02811082
0.0009149139,0.111572266,2227.18,15.72,0.7248392403125763,953,4373,1.3317864,-0.006895501,559744,4858.019756793976,4477952,0.026277144
0.0010485443,0.1394043,2221.94,15.71,0.7656836807727814,907,4374,1.3399991,-0.008925345,559872,4859.14915895462,4478976,0.027705604
0.00088608335,0.13208008,2221.94,15.71,0.8486734181642532,933,4375,1.394296,-0.009574884,560000,4860.246363162994,4480000,0.01699051
0.001235513,0.1430664,2217.56,15.71,0.8535871654748917,896,4376,1.3784965,-0.007972661,560128,4861.388797283173,4481024,0.010117932
0.0011262507,0.1459961,2224.18,15.67,0.8843603804707527,970,4377,1.3468558,-0.009790006,560256,4862.444135665894,4482048,0.012629759
0.0012049896,0.15185547,2224.18,15.67,0.7942930608987808,963,4378,1.3008417,-0.008003895,560384,4863.507818937302,4483072,0.022917086
0.001645743,0.18920898,2224.18,15.67,0.8747840225696564,955,4379,1.4382536,-0.009086795,560512,4864.579878330231,4484096,0.008531208
0.00088415574,0.12817383,2224.18,15.67,0.8230417221784592,945,4380,1.4024024,-0.008273467,560640,4865.663815498352,4485120,0.020945158
0.0007858773,0.107910156,2224.18,15.67,0.8693374693393707,923,4381,1.3978587,-0.007941292,560768,4866.773400783539,4486144,0.01016386
0.0011828063,0.11401367,2224.18,15.67,0.779779240489006,950,4382,1.3967329,-0.007359759,560896,4867.851531744003,4487168,0.018001009
0.0012579402,0.15771484,2224.18,15.67,0.9243806973099709,972,4383,1.356431,-0.009302512,561024,4868.905742883682,4488192,0.0077226846
0.0014103231,0.11743164,2224.18,15.67,0.8303311616182327,963,4384,1.4248668,-0.0069093285,561152,4869.969593286514,4489216,0.013096005
0.0016176857,0.17700195,2217.05,15.78,0.8538477420806885,958,4385,1.288783,-0.008834219,561280,4871.0382351875305,4490240,0.023210876
0.0011148332,0.140625,2217.05,15.78,0.859542727470398,975,4386,1.3071783,-0.008670844,561408,4872.089480876923,4491264,0.018541005
0.00085597107,0.12158203,2219.75,15.75,0.7324427366256714,972,4387,1.2842746,-0.007834369,561536,4873.143261432648,4492288,0.038585465
0.0010279089,0.12084961,2219.75,15.75,0.7994214296340942,931,4388,1.331311,-0.008311832,561664,4874.243470191956,4493312,0.026860192
0.00089913735,0.12597656,2217.63,15.77,0.8982585296034813,916,4389,1.2959387,-0.0084982505,561792,4875.361166477203,4494336,0.0126353605
0.0014619571,0.13110352,2213.74,15.81,0.8995205014944077,949,4390,1.3212048,-0.009287035,561920,4876.440245628357,4495360,0.013732915
0.0009389882,0.11767578,2206.54,15.87,0.9167024865746498,941,4391,1.3387516,-0.0093786875,562048,4877.528382539749,4496384,0.009676373
0.0011180027,0.15844727,2206.54,15.87,0.8325131088495255,970,4392,1.3291429,-0.008495156,562176,4878.5836980342865,4497408,0.024163846
0.0013293718,0.16552734,2207.83,15.86,0.9310838654637337,966,4393,1.3280873,-0.009518056,562304,4879.644171237946,4498432,0.0075880745
0.0007248263,0.099609375,2207.83,15.86,0.8619033545255661,964,4394,1.3828545,-0.007429446,562432,4880.706734657288,4499456,0.013964074
0.0013410999,0.15136719,2207.83,15.86,0.8627957254648209,973,4395,1.3521519,-0.008821995,562560,4881.759161949158,4500480,0.018892974
0.001190273,0.14794922,2207.83,15.86,0.6563291549682617,961,4396,1.3606592,-0.0076105045,562688,4882.824844121933,4501504,0.040600613
0.0011480118,0.13354492,2207.83,15.86,0.7368828654289246,959,4397,1.3019701,-0.008353891,562816,4883.8931183815,4502528,0.033336576
0.000950767,0.1274414,2213.04,15.81,0.7273852527141571,944,4398,1.3069308,-0.008961147,562944,4884.978481769562,4503552,0.036109485
0.00096945115,0.12841797,2213.04,15.81,0.611938863992691,931,4399,1.3393803,-0.008082688,563072,4886.07842373848,4504576,0.03783086
0.0009235895,0.115234375,2213.04,15.81,0.7683221697807312,908,4400,1.3451797,-0.0065662023,563200,4887.20657992363,4505600,0.02520939
0.0011481203,0.14501953,2213.24,15.84,0.8375634700059891,949,4401,1.3375928,-0.009306578,563328,4888.28555560112,4506624,0.021765422
0.0011470956,0.14550781,2213.15,15.84,0.8304807543754578,953,4402,1.3357089,-0.009950615,563456,4889.360559940338,4507648,0.024607103
0.0009442472,0.1274414,2213.15,15.84,0.7051036953926086,938,4403,1.3172904,-0.008078323,563584,4890.452353000641,4508672,0.040130366
0.0012439631,0.15576172,2213.15,15.84,0.7065818011760712,918,4404,1.3172523,-0.008965825,563712,4891.568430662155,4509696,0.036724083
0.0011665777,0.13720703,2213.15,15.84,0.8498882055282593,956,4405,1.3400073,-0.008873528,563840,4892.639402627945,4510720,0.01787717
0.0013105008,0.15576172,2213.15,15.84,0.8818686679005623,954,4406,1.3432083,-0.009279969,563968,4893.713087558746,4511744,0.014259605
0.0011290207,0.15478516,2213.15,15.84,0.7422257959842682,965,4407,1.3446906,-0.010096906,564096,4894.774718761444,4512768,0.03665379
0.0012394228,0.14135742,2210.07,15.89,0.7992167174816132,895,4408,1.275634,-0.008488202,564224,4895.919584751129,4513792,0.026467597
0.0010243055,0.14868164,2210.07,15.89,0.6966041922569275,909,4409,1.3238741,-0.009195748,564352,4897.0462193489075,4514816,0.035601355
0.001006466,0.13183594,2210.07,15.89,0.8614381849765778,907,4410,1.3365927,-0.009124955,564480,4898.175922870636,4515840,0.019550217
0.0013705406,0.14477539,2210.07,15.89,0.7420486509799957,973,4411,1.2356491,-0.009090567,564608,4899.228178501129,4516864,0.036982365
0.0010247047,0.13891602,2210.07,15.89,0.8868889212608337,909,4412,1.3197538,-0.009348095,564736,4900.354314565659,4517888,0.01652987
0.0011307936,0.14379883,2210.6,15.91,0.7569413185119629,899,4413,1.3104346,-0.009649029,564864,4901.494267463684,4518912,0.029425919
0.0011454007,0.15429688,2222.98,15.78,0.8740488588809967,902,4414,1.2708054,-0.009196198,564992,4902.629873514175,4519936,0.018714637
0.0015427922,0.13891602,2232.2,15.71,0.7839049398899078,906,4415,1.2301359,-0.008045428,565120,4903.760470151901,4520960,0.030245233
0.0011428699,0.13085938,2232.2,15.71,0.7858058661222458,963,4416,1.342116,-0.008673566,565248,4904.823483467102,4521984,0.020836154
0.0013950071,0.15283203,2232.2,15.71,0.6210598349571228,963,4417,1.297684,-0.0063766204,565376,4905.887075424194,4523008,0.05606987
0.001293373,0.171875,2233.96,15.7,0.7849409878253937,943,4418,1.2960991,-0.009437713,565504,4906.97367978096,4524032,0.02196153
0.0013403331,0.13671875,2230.37,15.67,0.8636099398136139,960,4419,1.2351483,-0.009934661,565632,4908.040666103363,4525056,0.020939032
0.0008292876,0.12597656,2230.37,15.67,0.754606232047081,967,4420,1.3338428,-0.007447212,565760,4909.099755048752,4526080,0.023939418
0.0015704881,0.13110352,2230.37,15.67,0.7908245474100113,975,4421,1.3229097,-0.008608253,565888,4910.149968147278,4527104,0.021794206
0.0010342068,0.13793945,2230.37,15.67,0.7569349408149719,977,4422,1.2929927,-0.007801618,566016,4911.197867393494,4528128,0.0337082
0.0010185413,0.114746094,2240.12,15.6,0.7565091252326965,969,4423,1.2933931,-0.007912773,566144,4912.255187749863,4529152,0.026774503
0.0012071364,0.14282227,2249.2,15.47,0.7932839691638947,947,4424,1.2180996,-0.0087578725,566272,4913.336363077164,4530176,0.025298674
0.0010687149,0.12988281,2249.2,15.47,0.8564272373914719,958,4425,1.3874425,-0.0089649875,566400,4914.405567169189,4531200,0.014321336
0.0009170572,0.14672852,2249.2,15.47,0.8103150576353073,956,4426,1.4012432,-0.007244425,566528,4915.477042675018,4532224,0.017124403
0.0010979725,0.13330078,2251.9,15.49,0.8101120442152023,927,4427,1.3461806,-0.008236257,566656,4916.582168340683,4533248,0.021824269
0.0015810946,0.17993164,2251.9,15.49,0.8260724097490311,969,4428,1.3647155,-0.009889507,566784,4917.639182329178,4534272,0.017469252
0.0011701359,0.14331055,2251.9,15.49,0.8877910301089287,974,4429,1.3981951,-0.009452517,566912,4918.690447568893,4535296,0.0114464685
0.0010960669,0.13500977,2251.9,15.49,0.7687056660652161,959,4430,1.3152785,-0.008038798,567040,4919.758152723312,4536320,0.027716257
0.0014973945,0.18823242,2251.9,15.49,0.8625883758068085,967,4431,1.3073771,-0.010439934,567168,4920.8168313503265,4537344,0.01861066
0.0014976623,0.16918945,2253.08,15.46,0.8901723697781563,952,4432,1.3474865,-0.009940624,567296,4921.892773628235,4538368,0.012496043
0.0008251324,0.12670898,2258.12,15.4,0.7734668105840683,959,4433,1.3457761,-0.007855057,567424,4922.961788415909,4539392,0.028124865
0.00096411724,0.1315918,2258.12,15.4,0.7650848478078842,933,4434,1.3213253,-0.008126589,567552,4924.059121608734,4540416,0.028124033
0.0013752357,0.103759766,2261.89,15.37,0.5200487673282623,887,4435,1.348036,-0.00678978,567680,4925.213522195816,4541440,0.046254836
0.0013874623,0.14355469,2258.02,15.48,0.7737443596124649,963,4436,1.3079934,-0.008179452,567808,4926.276877880096,4542464,0.032313526
0.0013265978,0.1340332,2258.02,15.48,0.9200537577271461,975,4437,1.3483274,-0.010100475,567936,4927.326919794083,4543488,0.009369194
0.0011196687,0.12597656,2257.92,15.48,0.7485532462596893,962,4438,1.382979,-0.007470511,568064,4928.391403198242,4544512,0.016663102
0.0011395392,0.13769531,2257.92,15.48,0.8095304816961288,972,4439,1.4021605,-0.008882031,568192,4929.4446413517,4545536,0.021606386
0.0013266925,0.15576172,2257.92,15.48,0.7533338516950607,944,4440,1.3478003,-0.00975088,568320,4930.529066085815,4546560,0.033339083
0.0010160554,0.1315918,2258.23,15.45,0.6085775792598724,952,4441,1.3187113,-0.008484212,568448,4931.604793310165,4547584,0.034610238
0.00091788545,0.13916016,2260.66,15.47,0.8223630487918854,965,4442,1.3919954,-0.008903485,568576,4932.666094779968,4548608,0.02058215
0.0012784173,0.09716797,2260.66,15.47,0.7871666997671127,978,4443,1.343361,-0.0073828464,568704,4933.713767290115,4549632,0.024163684
0.0009919462,0.12402344,2260.66,15.47,0.8219219148159027,959,4444,1.3833377,-0.007250826,568832,4934.781419038773,4550656,0.015745908
0.00087056344,0.12573242,2264.73,15.43,0.8086265325546265,957,4445,1.3822682,-0.007820839,568960,4935.851897716522,4551680,0.019288443
0.0014162854,0.14819336,2264.73,15.43,0.8033520132303238,957,4446,1.2812101,-0.009308596,569088,4936.922584533691,4552704,0.026300991
0.0007352087,0.10839844,2264.73,15.43,0.8576343953609467,970,4447,1.3888134,-0.008595455,569216,4937.979071855545,4553728,0.01362287
0.0010317856,0.15966797,2264.73,15.43,0.7874799221754074,960,4448,1.387375,-0.007025174,569344,4939.046107053757,4554752,0.026171349
0.0011163967,0.1315918,2264.73,15.43,0.8714706152677536,975,4449,1.3428563,-0.009544548,569472,4940.096242904663,4555776,0.015199041
0.0013742807,0.123535156,2265.56,15.41,0.7371459603309631,937,4450,1.3205694,-0.008999162,569600,4941.188947677612,4556800,0.034244064
0.0011144386,0.1184082,2265.56,15.41,0.7818121165037155,975,4451,1.340966,-0.00882202,569728,4942.239461183548,4557824,0.026205458
0.0010969975,0.1171875,2259.42,15.48,0.7194511890411377,963,4452,1.3587518,-0.008609085,569856,4943.302626371384,4558848,0.03022332
0.0014847344,0.1586914,2259.42,15.48,0.7630004435777664,977,4453,1.3010784,-0.009806534,569984,4944.3514194488525,4559872,0.025430718
0.0013970337,0.140625,2261.39,15.48,0.7316789925098419,948,4454,1.285751,-0.008215588,570112,4945.431355953217,4560896,0.029982142
0.0009099702,0.14941406,2261.39,15.48,0.8659914582967758,978,4455,1.4397503,-0.009664992,570240,4946.478240251541,4561920,0.012972254
0.00095197564,0.099365234,2260.09,15.46,0.606280118227005,954,4456,1.3101277,-0.0059046797,570368,4947.551837205887,4562944,0.042188637
0.0010596513,0.13574219,2259.54,15.47,0.8080921918153763,956,4457,1.3172418,-0.007763896,570496,4948.622656345367,4563968,0.024658838
0.0010949698,0.15185547,2259.54,15.47,0.6746602654457092,977,4458,1.324364,-0.008795261,570624,4949.670980930328,4564992,0.03237102
0.0011812486,0.1159668,2259.54,15.47,0.7585879415273666,969,4459,1.3625726,-0.008167948,570752,4950.728244304657,4566016,0.025586376
0.0014131794,0.1459961,2260.05,15.46,0.7993436008691788,938,4460,1.3406423,-0.008839742,570880,4951.8199582099915,4567040,0.02370173
0.0012659853,0.19506836,2260.05,15.46,0.8192158490419388,931,4461,1.417159,-0.010111973,571008,4952.919506788254,4568064,0.0152216535
0.0018671394,0.15820312,2260.05,15.46,0.805412158370018,894,4462,1.3772027,-0.009163586,571136,4954.064843654633,4569088,0.023447698
0.0013336781,0.18676758,2260.05,15.46,0.7825420647859573,924,4463,1.3693147,-0.008151986,571264,4955.173596382141,4570112,0.018830057
0.001347511,0.15454102,2266.95,15.4,0.9125433638691902,941,4464,1.4023887,-0.009679469,571392,4956.2622129917145,4571136,0.006171832
0.0011079749,0.15698242,2262.86,15.41,0.8227239698171616,961,4465,1.3269141,-0.008960483,571520,4957.327398061752,4572160,0.026502471
0.0014353655,0.16870117,2262.86,15.41,0.7543408274650574,960,4466,1.2704382,-0.009360066,571648,4958.394709825516,4573184,0.03350027
0.001157279,0.12011719,2262.86,15.41,0.7379868626594543,954,4467,1.377258,-0.0076502655,571776,4959.468507528305,4574208,0.026533768
0.0011850263,0.13183594,2262.86,15.41,0.9162004068493843,961,4468,1.3677342,-0.010099852,571904,4960.535006761551,4575232,0.0092855375
0.0010065315,0.13085938,2265.85,15.35,0.6771427094936371,931,4469,1.3510625,-0.00850809,572032,4961.634798526764,4576256,0.04595757
0.001210817,0.13574219,2260.38,15.35,0.7259209156036377,878,4470,1.3161719,-0.009143194,572160,4962.800493001938,4577280,0.040481333
0.0013300115,0.1394043,2260.38,15.35,0.8518817573785782,968,4471,1.2429274,-0.01002647,572288,4963.858703613281,4578304,0.022039933
0.0013869308,0.12719727,2259.59,15.35,0.7819340825080872,914,4472,1.4092826,-0.006751787,572416,4964.979465484619,4579328,0.020719592
0.0012657198,0.14941406,2259.59,15.35,0.8807442709803581,974,4473,1.3763165,-0.009218949,572544,4966.031428098679,4580352,0.009024681
0.0011252101,0.16259766,2259.59,15.35,0.8209594637155533,952,4474,1.3362031,-0.009647557,572672,4967.106781959534,4581376,0.02064585
0.0009898735,0.12841797,2259.59,15.35,0.870069220662117,977,4475,1.34565,-0.00909371,572800,4968.155095100403,4582400,0.016365923
0.0009907682,0.122802734,2259.59,15.35,0.8895954713225365,977,4476,1.3459233,-0.009011287,572928,4969.203072786331,4583424,0.014606606
0.0013103962,0.14770508,2259.59,15.35,0.8003454804420471,976,4477,1.3625206,-0.008069275,573056,4970.252284526825,4584448,0.018047938
0.0011789072,0.15527344,2257.27,15.35,0.8666249662637711,959,4478,1.4184967,-0.00679998,573184,4971.320650577545,4585472,0.012544381
0.0011795687,0.17553711,2257.27,15.35,0.8226207941770554,977,4479,1.3850362,-0.008326642,573312,4972.368813037872,4586496,0.02002396
0.0009517495,0.1394043,2268.54,15.22,0.7914417833089828,946,4480,1.3521364,-0.008146364,573440,4973.451139211655,4587520,0.022791574
0.0007689085,0.104003906,2267.12,15.2,0.9070502892136574,945,4481,1.387636,-0.008435113,573568,4974.53501033783,4588544,0.008442218
0.0010049754,0.13208008,2267.12,15.2,0.7098237574100494,965,4482,1.361542,-0.008893614,573696,4975.596132278442,4589568,0.028176652
0.001163555,0.12451172,2267.12,15.2,0.591529905796051,952,4483,1.3441509,-0.008003133,573824,4976.6729028224945,4590592,0.03906268
0.00092972314,0.14404297,2267.12,15.2,0.7774350792169571,902,4484,1.3921844,-0.009395364,573952,4977.808255910873,4591616,0.014412815
0.0011580716,0.1430664,2260.11,15.25,0.6242646872997284,898,4485,1.3718482,-0.00822121,574080,4978.94908285141,4592640,0.035008784
0.0011417427,0.14453125,2260.11,15.25,0.6727552711963654,943,4486,1.3610893,-0.009380255,574208,4980.034801721573,4593664,0.029845584
0.0011109005,0.14941406,2259.62,15.25,0.8598489016294479,905,4487,1.4024755,-0.010087372,574336,4981.166040658951,4594688,0.01589738
0.00095445017,0.12963867,2259.62,15.25,0.7926074862480164,943,4488,1.3946786,-0.008137135,574464,4982.251590013504,4595712,0.021276375
0.001052585,0.15576172,2264.14,15.2,0.5907436311244965,931,4489,1.3489262,-0.008133135,574592,4983.352410078049,4596736,0.0373199
0.000841384,0.13745117,2264.14,15.2,0.8314340263605118,956,4490,1.434821,-0.008860316,574720,4984.423468112946,4597760,0.0126713365
0.0012569851,0.1459961,2264.14,15.2,0.756325364112854,973,4491,1.3616275,-0.008130217,574848,4985.475587844849,4598784,0.021898193
0.00096514384,0.14819336,2264.14,15.2,0.7922671437263489,959,4492,1.3976803,-0.008614793,574976,4986.543045759201,4599808,0.014534701
0.00088949874,0.12890625,2260.86,15.22,0.7950524091720581,954,4493,1.3555558,-0.00715781,575104,4987.616712331772,4600832,0.020528732
0.0013058166,0.11230469,2260.86,15.22,0.8824851363897324,959,4494,1.4086834,-0.009463157,575232,4988.68465089798,4601856,0.011591282
0.0013928232,0.18383789,2257.97,15.26,0.8015170693397522,963,4495,1.3336837,-0.010203366,575360,4989.74799156189,4602880,0.022625357
0.0014313823,0.13134766,2254.77,15.3,0.7581244111061096,972,4496,1.3717875,-0.0072681336,575488,4990.8011610507965,4603904,0.018773435
0.0010222882,0.13183594,2254.77,15.3,0.8783568516373634,985,4497,1.3882649,-0.0078191245,575616,4991.840584039688,4604928,0.011439815
0.00072315475,0.13085938,2254.77,15.3,0.8215564489364624,966,4498,1.3978888,-0.008027622,575744,4992.900777339935,4605952,0.013585644
0.0010672486,0.15332031,2254.56,15.31,0.7902774214744568,953,4499,1.3888658,-0.010252706,575872,4993.975758075714,4606976,0.021092845
0.0014794121,0.14111328,2254.56,15.31,0.7848553657531738,952,4500,1.3248086,-0.008877332,576000,4995.051388263702,4608000,0.026437448
0.0011904709,0.12890625,2254.56,15.31,0.7703700065612793,907,4501,1.3394233,-0.008171171,576128,4996.180213689804,4609024,0.023059187
0.0013193939,0.16674805,2254.56,15.31,0.7640052884817123,900,4502,1.3232449,-0.009416797,576256,4997.317879676819,4610048,0.029202705
0.00090685854,0.13110352,2260.57,15.27,0.736445963382721,968,4503,1.3501005,-0.009421001,576384,4998.375828027725,4611072,0.026331361
0.0012943326,0.1262207,2257.38,15.29,0.827629029750824,962,4504,1.3492051,-0.00871416,576512,4999.440927267075,4612096,0.02074007
0.0010824613,0.13891602,2257.38,15.29,0.8172091543674469,968,4505,1.3256679,-0.008197937,576640,5000.499195098877,4613120,0.017677784
0.0010400822,0.16772461,2258.68,15.26,0.7806544303894043,961,4506,1.3004175,-0.009473653,576768,5001.565218448639,4614144,0.01749595
0.0010495766,0.12719727,2253.32,15.3,0.7857668399810791,964,4507,1.2504088,-0.0092787985,576896,5002.628106355667,4615168,0.018881114
0.0014537332,0.17382812,2253.32,15.3,0.581495076417923,984,4508,1.2468938,-0.009969606,577024,5003.669267416,4616192,0.043585967
0.0011116164,0.15039062,2253.32,15.3,0.80198934674263,974,4509,1.2580206,-0.00922055,577152,5004.721146821976,4617216,0.021634817
0.0015537658,0.1862793,2253.32,15.3,0.8626907765865326,964,4510,1.3534621,-0.009598613,577280,5005.783568382263,4618240,0.01480195
0.00081981014,0.13623047,2253.32,15.3,0.856174886226654,957,4511,1.3795779,-0.008085311,577408,5006.854290962219,4619264,0.008206966
0.0010933627,0.13256836,2253.24,15.31,0.7831498831510544,951,4512,1.354485,-0.0077220052,577536,5007.930820465088,4620288,0.019680828
0.0011593128,0.15185547,2253.24,15.31,0.8849913030862808,959,4513,1.3441408,-0.009540594,577664,5008.998584508896,4621312,0.010316592
0.0016652689,0.18847656,2253.24,15.31,0.8819328919053078,962,4514,1.3833578,-0.009327215,577792,5010.063783407211,4622336,0.007065092
0.0012472504,0.19360352,2253.24,15.31,0.7796656042337418,956,4515,1.3941661,-0.008646863,577920,5011.135474681854,4623360,0.018749518
0.001278463,0.18261719,2258.73,15.24,0.7873965799808502,940,4516,1.3872726,-0.008622233,578048,5012.224965810776,4624384,0.026461758
0.0013721909,0.16821289,2259.17,15.23,0.8269545435905457,894,4517,1.2836689,-0.009220392,578176,5013.3708708286285,4625408,0.0179956
0.0015551304,0.19873047,2259.17,15.23,0.8001946210861206,975,4518,1.2777877,-0.010867704,578304,5014.421625852585,4626432,0.02731947
0.0012744112,0.15551758,2259.17,15.23,0.8013552874326706,953,4519,1.2827405,-0.010408183,578432,5015.495843410492,4627456,0.025603713
0.0009864818,0.1472168,2259.17,15.23,0.7260773777961731,969,4520,1.3077753,-0.008099529,578560,5016.552712202072,4628480,0.030872649
0.00112353,0.13134766,2263.06,15.16,0.8328922837972641,923,4521,1.3419827,-0.008039728,578688,5017.6624891757965,4629504,0.01279592
0.0011140889,0.15820312,2263.06,15.16,0.8460908532142639,915,4522,1.3247225,-0.010042432,578816,5018.7818784713745,4630528,0.025986457
0.0010670412,0.1418457,2263.06,15.16,0.813187450170517,901,4523,1.3180366,-0.008021223,578944,5019.917980670929,4631552,0.022210076
0.0010228694,0.13110352,2259.23,15.16,0.7380512356758118,888,4524,1.2740085,-0.007828703,579072,5021.070583105087,4632576,0.03722078
0.0009938582,0.12866211,2259.23,15.16,0.8378727436065674,904,4525,1.3573058,-0.008220226,579200,5022.203801870346,4633600,0.016718036
0.0012175109,0.15307617,2259.23,15.16,0.8036730289459229,961,4526,1.3184295,-0.010123831,579328,5023.269990682602,4634624,0.033958748
0.0011558203,0.14038086,2259.23,15.16,0.832821786403656,902,4527,1.3280671,-0.00873919,579456,5024.4054408073425,4635648,0.022664465
0.00116384,0.15600586,2259.23,15.16,0.8209754973649979,911,4528,1.2957587,-0.008311754,579584,5025.529544830322,4636672,0.024233187
0.0009727527,0.13012695,2262.41,15.15,0.7336319088935852,937,4529,1.3622308,-0.0071073384,579712,5026.622904062271,4637696,0.022298856
0.0011170264,0.1640625,2262.41,15.15,0.6720214486122131,977,4530,1.3502547,-0.0083922185,579840,5027.671363115311,4638720,0.027857108
0.0010846932,0.15039062,2262.41,15.15,0.7633749097585678,941,4531,1.3199714,-0.0072606527,579968,5028.759210586548,4639744,0.023682622
0.0013618541,0.1315918,2271.16,15.08,0.8967298269271851,935,4532,1.3654944,-0.008270018,580096,5029.854871749878,4640768,0.008408889
0.0012048145,0.1459961,2271.16,15.08,0.8864791989326477,963,4533,1.3086243,-0.008948065,580224,5030.919193267822,4641792,0.013810256
0.0009290577,0.12475586,2267.63,15.13,0.7342831790447235,955,4534,1.3455713,-0.007074873,580352,5031.991350889206,4642816,0.022916693
0.0010792784,0.15795898,2267.63,15.13,0.7514279335737228,961,4535,1.3205186,-0.01014729,580480,5033.057149410248,4643840,0.03654703
0.0010150318,0.13256836,2267.63,15.13,0.7336606681346893,962,4536,1.3009788,-0.008930068,580608,5034.121351718903,4644864,0.03053774
0.0010590117,0.17211914,2267.63,15.13,0.8495467603206635,952,4537,1.3475044,-0.009038207,580736,5035.19716501236,4645888,0.016093235
0.00097356003,0.13964844,2267.63,15.13,0.7655556350946426,917,4538,1.3354805,-0.009799399,580864,5036.314340591431,4646912,0.027141038
0.001241591,0.16992188,2270.53,15.11,0.825491413474083,880,4539,1.3227293,-0.009464298,580992,5037.478439569473,4647936,0.018142125
0.0013333532,0.16113281,2270.53,15.11,0.7474303245544434,902,4540,1.2629181,-0.010029359,581120,5038.613986730576,4648960,0.030691339
0.0010686996,0.13916016,2270.53,15.11,0.8224077820777893,904,4541,1.3540714,-0.009821113,581248,5039.74723482132,4649984,0.024431007
0.001070393,0.17041016,2270.53,15.11,0.7675879001617432,972,4542,1.381819,-0.009045331,581376,5040.801379203796,4651008,0.014882445
0.0010625179,0.18554688,2270.53,15.11,0.8901103287935257,965,4543,1.3861626,-0.009585887,581504,5041.863080739975,4652032,0.007834111
0.00077514676,0.12426758,2270.53,15.11,0.8142671436071396,910,4544,1.3685997,-0.008651273,581632,5042.988721609116,4653056,0.021685055
0.0013242228,0.17211914,2270.53,15.11,0.7854800373315811,899,4545,1.2758967,-0.008025253,581760,5044.128055810928,4654080,0.024330782
0.0014075435,0.17211914,2273.62,15.11,0.8479646593332291,951,4546,1.3670995,-0.009597893,581888,5045.205203533173,4655104,0.020934694
0.0019087978,0.21801758,2273.62,15.11,0.8415825814008713,911,4547,1.3431046,-0.008924834,582016,5046.329768896103,4656128,0.019018888
0.0012712498,0.17407227,2273.62,15.11,0.771355465054512,956,4548,1.2843804,-0.010394605,582144,5047.400506734848,4657152,0.03338374
0.0015503617,0.17675781,2273.62,15.11,0.8031526654958725,960,4549,1.3200656,-0.009041648,582272,5048.467468738556,4658176,0.02344407
0.0013486957,0.1586914,2273.62,15.11,0.831549882888794,968,4550,1.3895617,-0.009121966,582400,5049.5259001255035,4659200,0.019920705
0.0010900334,0.18701172,2273.62,15.11,0.8268013447523117,951,4551,1.3726597,-0.00869886,582528,5050.602843999863,4660224,0.010970962
0.00096128223,0.14160156,2275.02,15.11,0.7672919034957886,953,4552,1.3269391,-0.007720216,582656,5051.677443265915,4661248,0.0250126
0.0009737824,0.13720703,2280.32,15.05,0.8019158244132996,959,4553,1.3635759,-0.0082330685,582784,5052.746266841888,4662272,0.017371813
0.0011281301,0.171875,2275.03,15.11,0.7319532930850983,958,4554,1.3557808,-0.00889256,582912,5053.815133810043,4663296,0.025737733
0.0014596704,0.19018555,2266.6,15.16,0.8250825703144073,963,4555,1.3049027,-0.009204025,583040,5054.879045248032,4664320,0.020376386
0.000930252,0.123535156,2266.6,15.16,0.8827044740319252,974,4556,1.337509,-0.009225928,583168,5055.930921554565,4665344,0.014970915
0.0012757907,0.18334961,2270.95,15.12,0.7918079197406769,946,4557,1.2491181,-0.010263138,583296,5057.013991594315,4666368,0.020353127
0.0014027718,0.1887207,2270.95,15.12,0.7778686434030533,971,4558,1.3506241,-0.008227324,583424,5058.068359613419,4667392,0.024803609
0.0013036643,0.18457031,2277.74,15.07,0.7902473509311676,916,4559,1.3118886,-0.009498578,583552,5059.1864631175995,4668416,0.023265619
0.001422707,0.1875,2275.06,15.1,0.8702912777662277,961,4560,1.3481194,-0.009889963,583680,5060.251979351044,4669440,0.011142359
0.0016177131,0.16552734,2275.06,15.1,0.8441136181354523,965,4561,1.3161278,-0.008237416,583808,5061.313148975372,4670464,0.018559916
0.0009073396,0.14501953,2275.06,15.1,0.8562569320201874,963,4562,1.352002,-0.009304973,583936,5062.376851320267,4671488,0.014347489
0.0009635224,0.1430664,2275.06,15.1,0.775391474366188,896,4563,1.3638428,-0.007566639,584064,5063.519210100174,4672512,0.017595809
0.0010452635,0.1574707,2275.06,15.1,0.8027441650629044,964,4564,1.33194,-0.008888734,584192,5064.581183433533,4673536,0.023004916
0.0011074706,0.16381836,2275.06,15.1,0.8043946921825409,925,4565,1.3416823,-0.009170794,584320,5065.688332796097,4674560,0.02091458
0.0010808262,0.14331055,2275.06,15.1,0.8139394074678421,972,4566,1.3336948,-0.009214934,584448,5066.7415318489075,4675584,0.021777656
0.0010081996,0.15966797,2275.06,15.1,0.8223902434110641,904,4567,1.3508295,-0.007581945,584576,5067.87392950058,4676608,0.01967093
0.00097558985,0.14331055,2275.06,15.1,0.8101465404033661,921,4568,1.3352867,-0.0082323365,584704,5068.986123561859,4677632,0.018971391
0.0010313486,0.15625,2268.41,15.15,0.6949028968811035,955,4569,1.2208142,-0.008744184,584832,5070.0588545799255,4678656,0.035634458
0.0014680832,0.16723633,2273.2,15.1,0.7963685542345047,960,4570,1.3167448,-0.010626936,584960,5071.125566244125,4679680,0.022700839
0.0014774965,0.15185547,2273.2,15.1,0.7728274315595627,952,4571,1.3267572,-0.008493278,585088,5072.201190710068,4680704,0.030937105
0.0011304466,0.14111328,2281.43,15.06,0.7937487363815308,954,4572,1.3451955,-0.008115183,585216,5073.2746822834015,4681728,0.023901744
0.0010260849,0.11206055,2281.43,15.06,0.6317310035228729,969,4573,1.298929,-0.0085250735,585344,5074.332096815109,4682752,0.02795025
0.0010712966,0.14868164,2275.72,15.12,0.9117176309227943,965,4574,1.3277569,-0.009279175,585472,5075.393454551697,4683776,0.0094868485
0.0010394588,0.16381836,2274.7,15.15,0.8698560148477554,948,4575,1.3722934,-0.008673612,585600,5076.473458766937,4684800,0.012904929
0.00080503337,0.1381836,2281.49,15.11,0.8175642788410187,959,4576,1.3560756,-0.0077549033,585728,5077.541392087936,4685824,0.016425667
0.0008443505,0.13012695,2281.49,15.11,0.7099451720714569,954,4577,1.3018049,-0.00887708,585856,5078.614564657211,4686848,0.036020026
0.0011194305,0.16381836,2275.56,15.19,0.8739369362592697,955,4578,1.326595,-0.010135205,585984,5079.687233448029,4687872,0.016221419
0.0009994642,0.17016602,2275.56,15.19,0.8511649072170258,963,4579,1.377482,-0.008629481,586112,5080.7510459423065,4688896,0.014578615
0.00078466744,0.13867188,2275.56,15.19,0.8360349237918854,930,4580,1.4061339,-0.008220824,586240,5081.852246046066,4689920,0.010046077
0.0012062044,0.15893555,2275.56,15.19,0.7937581539154053,956,4581,1.360612,-0.008580514,586368,5082.924004793167,4690944,0.021071553
0.0013224604,0.14379883,2275.56,15.19,0.8032568395137787,955,4582,1.3162669,-0.006820038,586496,5083.996207475662,4691968,0.023478188
0.0008151606,0.1262207,2275.56,15.19,0.8847278878092766,898,4583,1.3629639,-0.00841939,586624,5085.137296915054,4692992,0.009623001
0.0011533307,0.17529297,2275.56,15.19,0.8586792051792145,978,4584,1.3863031,-0.009093115,586752,5086.184611558914,4694016,0.012646139
0.0012189408,0.1899414,2274.94,15.23,0.8137296289205551,953,4585,1.4005176,-0.007866074,586880,5087.259101390839,4695040,0.016184324
0.001276677,0.18530273,2274.94,15.23,0.78802090883255,980,4586,1.34032,-0.009482406,587008,5088.304531574249,4696064,0.024011955
0.0011940802,0.16992188,2273.09,15.22,0.8937680497765541,959,4587,1.3592851,-0.009686468,587136,5089.372268199921,4697088,0.0081443405
0.0010109908,0.16992188,2271.52,15.24,0.8150216042995453,966,4588,1.3540318,-0.00876765,587264,5090.432673931122,4698112,0.018030755
0.0011685522,0.15600586,2271.52,15.24,0.8670349568128586,922,4589,1.330636,-0.008473796,587392,5091.543571949005,4699136,0.013660773
0.0008895919,0.13964844,2271.25,15.23,0.6746599674224854,891,4590,1.2966449,-0.008234234,587520,5092.69309091568,4700160,0.03419774
0.001845748,0.17700195,2263.5,15.32,0.7240519225597382,906,4591,1.2473953,-0.0077893073,587648,5093.823093175888,4701184,0.033165652
0.0009299654,0.1381836,2263.5,15.32,0.7143014371395111,977,4592,1.210304,-0.009703735,587776,5094.871573925018,4702208,0.02882497
0.00095639436,0.12475586,2263.5,15.32,0.7039578557014465,957,4593,1.2533145,-0.008609779,587904,5095.941659927368,4703232,0.03637442
0.001153056,0.18652344,2263.5,15.32,0.8614161610603333,949,4594,1.4014088,-0.009346291,588032,5097.020529270172,4704256,0.009071036
0.0009661337,0.1508789,2259.11,15.41,0.8352223783731461,882,4595,1.3874933,-0.007892761,588160,5098.181737661362,4705280,0.011921528
0.0014510837,0.18945312,2259.11,15.41,0.8068878501653671,905,4596,1.315858,-0.008648623,588288,5099.313876390457,4706304,0.020287044
0.0010357979,0.14672852,2259.11,15.41,0.8278650194406509,901,4597,1.329553,-0.008594911,588416,5100.450281381607,4707328,0.016416073
0.0010465765,0.13989258,2259.11,15.41,0.8591842949390411,901,4598,1.3465769,-0.0085722,588544,5101.587072849274,4708352,0.017305844
0.0008488485,0.1328125,2259.11,15.41,0.7635255604982376,898,4599,1.2525973,-0.0070983167,588672,5102.727343082428,4709376,0.03026141
0.0011511205,0.1274414,2259.11,15.41,0.6863328218460083,918,4600,1.3110602,-0.008345345,588800,5103.843146800995,4710400,0.0431638
0.0011146019,0.140625,2260.85,15.42,0.86397685110569,887,4601,1.3119235,-0.010116713,588928,5104.997818470001,4711424,0.018971544
0.0013637259,0.17871094,2260.85,15.42,0.7894529700279236,916,4602,1.2287614,-0.009466535,589056,5106.115777492523,4712448,0.027212935
0.0010882396,0.14672852,2260.85,15.42,0.7661236226558685,902,4603,1.389243,-0.009683406,589184,5107.251487731934,4713472,0.027594643
0.0013507506,0.16040039,2260.85,15.42,0.7800167351961136,918,4604,1.315147,-0.009635367,589312,5108.366813659668,4714496,0.029456813
0.0015073132,0.16186523,2260.85,15.42,0.7586501389741898,959,4605,1.2695806,-0.009645794,589440,5109.4350299835205,4715520,0.027565587
0.0010957445,0.16674805,2260.85,15.42,0.822076141834259,976,4606,1.3428257,-0.0085411845,589568,5110.484889745712,4716544,0.018565195
0.0010549268,0.15185547,2265.36,15.42,0.7989340126514435,948,4607,1.2583663,-0.0093528535,589696,5111.565732717514,4717568,0.02214458
0.0012642338,0.15039062,2268.9,15.34,0.8840891867876053,954,4608,1.2956924,-0.008739053,589824,5112.639439582825,4718592,0.015241342
0.0010223655,0.14526367,2268.9,15.34,0.6580788791179657,953,4609,1.3331156,-0.007950945,589952,5113.714539766312,4719616,0.029878106
0.0012422125,0.13427734,2268.9,15.34,0.8012467324733734,967,4610,1.3209205,-0.009465088,590080,5114.773426532745,4720640,0.019944727
0.0012041733,0.14453125,2268.9,15.34,0.8585962653160095,968,4611,1.3553975,-0.008330137,590208,5115.831769704819,4721664,0.015668677
0.001877509,0.14135742,2281.91,15.24,0.8055401146411896,961,4612,1.2869806,-0.007969047,590336,5116.897205352783,4722688,0.024048064
0.0018866137,0.13256836,2292.42,15.19,0.8740690499544144,920,4613,1.3276364,-0.0071861013,590464,5118.010045289993,4723712,0.010562778
0.0014272344,0.15966797,2292.42,15.19,0.8893167078495026,910,4614,1.2944133,-0.0096033625,590592,5119.135124444962,4724736,0.014614604
0.0009631951,0.15722656,2292.42,15.19,0.8303633779287338,900,4615,1.3580086,-0.0079497015,590720,5120.272453546524,4725760,0.013644933
0.0012346052,0.1550293,2292.42,15.19,0.8312230706214905,914,4616,1.2655832,-0.0088862395,590848,5121.393399477005,4726784,0.022354478
0.0010761112,0.15698242,2292.42,15.19,0.6271624565124512,923,4617,1.2942902,-0.008510952,590976,5122.502799272537,4727808,0.03542918
0.0010745373,0.17163086,2292.42,15.19,0.7881108224391937,963,4618,1.3248099,-0.008136879,591104,5123.566592216492,4728832,0.022921214
0.0013067955,0.17773438,2292.42,15.19,0.8439678847789764,911,4619,1.3160994,-0.010647496,591232,5124.691318035126,4729856,0.021276837
0.0011153462,0.16918945,2292.42,15.19,0.7353353202342987,961,4620,1.3310572,-0.008431461,591360,5125.757411003113,4730880,0.019225905
0.0011820327,0.15234375,2292.42,15.19,0.815929040312767,968,4621,1.2315935,-0.008712087,591488,5126.815360784531,4731904,0.023605663
0.0015932636,0.16748047,2290.47,15.22,0.7229145169258118,962,4622,1.2801739,-0.009598531,591616,5127.880206108093,4732928,0.029202234
0.0010896284,0.15112305,2290.91,15.23,0.7311117351055145,959,4623,1.2910658,-0.008043746,591744,5128.9480793476105,4733952,0.02956561
0.001432772,0.17651367,2293.34,15.22,0.8194507211446762,939,4624,1.2575028,-0.010015778,591872,5130.038683176041,4734976,0.019695554
0.0008825956,0.14331055,2293.34,15.22,0.743509829044342,970,4625,1.3673383,-0.008272672,592000,5131.094660997391,4736000,0.017756596
0.0015389981,0.1899414,2293.34,15.22,0.7629923969507217,961,4626,1.2797173,-0.009016792,592128,5132.160223245621,4737024,0.021972995
0.0018610611,0.13989258,2293.34,15.22,0.8016569912433624,963,4627,1.3562341,-0.0068447753,592256,5133.22390794754,4738048,0.015308553
0.0014403003,0.17480469,2293.34,15.22,0.760692834854126,958,4628,1.2854785,-0.010301605,592384,5134.292771577835,4739072,0.031274598
0.0011809437,0.18603516,2294.31,15.21,0.8706125169992447,959,4629,1.2852559,-0.009514662,592512,5135.360275030136,4740096,0.015300186
0.0014171181,0.14990234,2294.31,15.21,0.8608749359846115,961,4630,1.3018032,-0.0096284365,592640,5136.426151514053,4741120,0.013923188
0.00088696816,0.15942383,2294.31,15.21,0.8958053439855576,917,4631,1.3492339,-0.009538043,592768,5137.5429611206055,4742144,0.010021732
0.00134984,0.18017578,2294.31,15.21,0.7863393425941467,892,4632,1.2864635,-0.009801924,592896,5138.69162940979,4743168,0.031415343
0.0013335517,0.14916992,2294.31,15.21,0.7256453633308411,950,4633,1.314547,-0.008522215,593024,5139.770135164261,4744192,0.033728447
0.0012562014,0.12548828,2293.22,15.22,0.7926332950592041,931,4634,1.3289704,-0.0071154246,593152,5140.870183706284,4745216,0.02015276
0.0010595751,0.12475586,2289.27,15.27,0.8267616927623749,907,4635,1.3867571,-0.008538922,593280,5141.998825788498,4746240,0.016672578
0.0009025254,0.14892578,2289.27,15.27,0.9216117858886719,969,4636,1.3447025,-0.008948429,593408,5143.055569410324,4747264,0.006913351
0.00091408176,0.15649414,2277.89,15.37,0.8473776131868362,961,4637,1.3301103,-0.009657327,593536,5144.1208028793335,4748288,0.01321372
0.0013165273,0.1237793,2277.89,15.37,0.8815954923629761,964,4638,1.3428618,-0.008901551,593664,5145.182959318161,4749312,0.01670471
0.0009759591,0.14892578,2277.89,15.37,0.9132969900965691,943,4639,1.407369,-0.0095072305,593792,5146.269326925278,4750336,0.0057051703
0.00090288837,0.110839844,2275.34,15.4,0.7826800644397736,939,4640,1.3040202,-0.0075475634,593920,5147.360348939896,4751360,0.030160809
0.0012488314,0.1430664,2275.55,15.46,0.8350031226873398,941,4641,1.380795,-0.005622839,594048,5148.448316335678,4752384,0.01617336
0.0012463302,0.19824219,2261.95,15.61,0.8454849570989609,935,4642,1.3447573,-0.0087753665,594176,5149.544105768204,4753408,0.013481296
0.0010928662,0.1472168,2261.95,15.61,0.8980374485254288,948,4643,1.3981419,-0.008158669,594304,5150.62407207489,4754432,0.0077918023
0.0009937955,0.15307617,2261.95,15.61,0.7228111326694489,953,4644,1.347392,-0.008304277,594432,5151.699194192886,4755456,0.032278713
0.0008549282,0.12988281,2261.95,15.61,0.7882719933986664,960,4645,1.3449919,-0.0075657526,594560,5152.766314268112,4756480,0.027418025
0.0012088441,0.14038086,2261.95,15.61,0.7888483554124832,970,4646,1.2909577,-0.008846912,594688,5153.82223200798,4757504,0.02996038
0.00083185616,0.11694336,2261.95,15.61,0.7967179715633392,985,4647,1.3330779,-0.008141294,594816,5154.862963438034,4758528,0.029806167
0.0012487327,0.16601562,2262.26,15.55,0.9030739068984985,965,4648,1.3519182,-0.010718241,594944,5155.924668073654,4759552,0.011286162
0.0010623003,0.1772461,2262.26,15.55,0.808348149061203,972,4649,1.3841594,-0.008045902,595072,5156.978843212128,4760576,0.018832369
0.0016225118,0.17407227,2259.77,15.55,0.7180578410625458,902,4650,1.3096963,-0.0081760185,595200,5158.114565372467,4761600,0.03136568
0.0009177955,0.14648438,2259.77,15.55,0.8092233240604401,919,4651,1.4010603,-0.007308456,595328,5159.229430437088,4762624,0.01955182
0.0015604527,0.16040039,2257.69,15.57,0.7257077395915985,903,4652,1.3220578,-0.007995023,595456,5160.6543707847595,4763648,0.033807494
0.0010557807,0.1381836,2257.69,15.57,0.8177134096622467,897,4653,1.3292173,-0.009008398,595584,5161.796491861343,4764672,0.025170362
0.00085327146,0.12670898,2252.83,15.61,0.7189467549324036,896,4654,1.3099397,-0.008441026,595712,5162.939650058746,4765696,0.026849294
0.0011447512,0.15551758,2252.83,15.61,0.7082849442958832,934,4655,1.2685218,-0.009424372,595840,5164.036241531372,4766720,0.03693464
0.001134978,0.1628418,2252.83,15.61,0.8308597654104233,890,4656,1.372099,-0.0094340425,595968,5165.18670964241,4767744,0.020778093
0.00098975,0.14868164,2247.4,15.63,0.67905193567276,910,4657,1.314966,-0.0072057457,596096,5166.312565088272,4768768,0.0328968
0.0010944494,0.1616211,2245.6,15.68,0.8066755384206772,910,4658,1.3719094,-0.008286029,596224,5167.437972784042,4769792,0.019136524
0.0014115998,0.18115234,2245.6,15.68,0.7746153175830841,972,4659,1.343681,-0.008750668,596352,5168.491699695587,4770816,0.022746127
0.0011029323,0.15136719,2245.6,15.68,0.7628599107265472,956,4660,1.3160132,-0.0086737005,596480,5169.563465833664,4771840,0.032774888
0.00086699415,0.13183594,2247.49,15.61,0.8765336945652962,926,4661,1.3381015,-0.008977934,596608,5170.669372797012,4772864,0.012645211
0.00094132085,0.13623047,2247.49,15.61,0.7769514322280884,899,4662,1.3813078,-0.0074688504,596736,5171.809503078461,4773888,0.016457573
0.0007828994,0.13183594,2247.49,15.61,0.8278559595346451,908,4663,1.3860204,-0.008703512,596864,5172.936807394028,4774912,0.020428706
0.0009605604,0.15209961,2247.49,15.61,0.742143452167511,901,4664,1.3142263,-0.008460216,596992,5174.073091506958,4775936,0.024027005
0.0007679134,0.14453125,2243.31,15.66,0.8654008954763412,890,4665,1.3646111,-0.008174451,597120,5175.223607778549,4776960,0.011777791
0.001098213,0.14575195,2243.31,15.66,0.8248525410890579,903,4666,1.3943119,-0.0068799467,597248,5176.357887029648,4777984,0.009812194
0.0010936719,0.18408203,2243.31,15.66,0.9112214520573616,932,4667,1.4238405,-0.008419353,597376,5177.457027673721,4779008,0.004697972
0.0010055577,0.16259766,2243.31,15.66,0.8587085008621216,908,4668,1.4169264,-0.008104359,597504,5178.584789514542,4780032,0.014603601
0.0014884416,0.15527344,2249.12,15.58,0.8134722113609314,947,4669,1.35349,-0.008496653,597632,5179.665724277496,4781056,0.019173777
0.0011550089,0.14746094,2245.68,15.63,0.8473140299320221,904,4670,1.3761332,-0.007940227,597760,5180.798539400101,4782080,0.018981583
0.0013699209,0.15161133,2235.61,15.69,0.6808853447437286,903,4671,1.3278483,-0.006449828,597888,5181.93296790123,4783104,0.029777452
0.0011857322,0.1730957,2235.61,15.69,0.865411251783371,907,4672,1.3974531,-0.00822761,598016,5183.062589406967,4784128,0.01168326
0.0011942721,0.15039062,2235.61,15.69,0.8612204939126968,907,4673,1.3568312,-0.008285532,598144,5184.191677570343,4785152,0.016284967
0.0008509776,0.13208008,2239.96,15.69,0.8006283938884735,894,4674,1.3789426,-0.0077510932,598272,5185.337101697922,4786176,0.011735991
0.001021947,0.14770508,2235.04,15.7,0.8853710815310478,913,4675,1.3618511,-0.006263919,598400,5186.458411455154,4787200,0.014079474
0.00131183,0.16552734,2235.04,15.7,0.6359780132770538,959,4676,1.2613769,-0.0073263077,598528,5187.52614068985,4788224,0.037763063
0.001270522,0.1616211,2235.04,15.7,0.7113651037216187,974,4677,1.3215296,-0.009268227,598656,5188.578098773956,4789248,0.028476669
0.0010542528,0.16772461,2235.04,15.7,0.8681057095527649,953,4678,1.3831983,-0.009483237,598784,5189.652596950531,4790272,0.01275574
0.0011608944,0.17822266,2235.04,15.7,0.7905022650957108,983,4679,1.3872035,-0.0073955273,598912,5190.695229291916,4791296,0.022579256
0.0008674452,0.15698242,2235.04,15.7,0.8348219096660614,957,4680,1.357658,-0.00823966,599040,5191.765202522278,4792320,0.01388546
0.0010200395,0.1616211,2231.77,15.72,0.8120012432336807,919,4681,1.3334413,-0.00987501,599168,5192.880032539368,4793344,0.019333964
0.0010510534,0.15014648,2231.77,15.72,0.7851186245679855,900,4682,1.2953806,-0.009409861,599296,5194.018065452576,4794368,0.023470214
0.0008426936,0.15478516,2230.0,15.74,0.8100125342607498,900,4683,1.334014,-0.008477252,599424,5195.1555025577545,4795392,0.016089613
0.0009031346,0.14916992,2230.0,15.74,0.8283910006284714,904,4684,1.3414345,-0.008503215,599552,5196.288223743439,4796416,0.02162608
0.0009226524,0.13671875,2226.31,15.78,0.750650092959404,953,4685,1.3186381,-0.0059155803,599680,5197.362693309784,4797440,0.02128681
0.0012532864,0.14794922,2226.31,15.78,0.8458803743124008,962,4686,1.3339446,-0.008465688,599808,5198.427521467209,4798464,0.019317696
0.0008648802,0.14208984,2226.31,15.78,0.7768770158290863,980,4687,1.299502,-0.00715425,599936,5199.472796201706,4799488,0.027741674
0.00095346867,0.17773438,2225.99,15.79,0.8200430124998093,921,4688,1.3484169,-0.008226719,600064,5200.584215641022,4800512,0.015749946
0.0013714096,0.17285156,2225.99,15.79,0.7470420002937317,955,4689,1.2732838,-0.008068237,600192,5201.656721353531,4801536,0.028639426
0.001397881,0.16210938,2225.99,15.79,0.8499750643968582,893,4690,1.3060035,-0.007827932,600320,5202.803136587143,4802560,0.017710637
0.0016233952,0.20874023,2234.25,15.77,0.8839787468314171,908,4691,1.339664,-0.008798655,600448,5203.9311645030975,4803584,0.009915876
0.0007731945,0.13427734,2234.25,15.77,0.8648890554904938,958,4692,1.338768,-0.008406763,600576,5204.999924659729,4804608,0.0153502785
0.0010797846,0.15649414,2235.66,15.81,0.7672862410545349,923,4693,1.2627184,-0.008171275,600704,5206.108915805817,4805632,0.026820915
0.0011377179,0.13916016,2235.66,15.81,0.7805861234664917,893,4694,1.2854694,-0.008527953,600832,5207.255795478821,4806656,0.026557466
0.0013111259,0.17895508,2235.66,15.81,0.7720939517021179,935,4695,1.3812802,-0.00820435,600960,5208.350823879242,4807680,0.02355463
0.0011291605,0.16894531,2235.66,15.81,0.7780896574258804,961,4696,1.3245351,-0.008637804,601088,5209.4166922569275,4808704,0.022173624
0.0013020857,0.16601562,2230.84,15.9,0.8387737423181534,928,4697,1.3141332,-0.009254397,601216,5210.520833969116,4809728,0.017064037
0.0013910641,0.15649414,2230.84,15.9,0.745631992816925,919,4698,1.2923622,-0.00799421,601344,5211.634768486023,4810752,0.028768074
0.0018324472,0.16918945,2230.84,15.9,0.7972739785909653,907,4699,1.3704754,-0.00738789,601472,5212.764670848846,4811776,0.01710301
0.0009786233,0.18066406,2234.04,15.89,0.8146740794181824,898,4700,1.3584883,-0.0075472607,601600,5213.905191659927,4812800,0.010866141
0.0010699996,0.16088867,2234.04,15.89,0.8558721542358398,979,4701,1.3866663,-0.008437953,601728,5214.951548099518,4813824,0.013158052
0.0011166672,0.15844727,2237.54,15.84,0.7784577906131744,957,4702,1.2843403,-0.008601431,601856,5216.021490812302,4814848,0.020111278
0.0009762759,0.13061523,2235.95,15.86,0.7798497974872589,967,4703,1.2821773,-0.008197733,601984,5217.080574512482,4815872,0.024007529
0.0011360988,0.13769531,2232.75,15.89,0.8000720888376236,935,4704,1.2615789,-0.008453866,602112,5218.175795316696,4816896,0.019410793
0.001074476,0.14672852,2237.81,15.87,0.7641149461269379,954,4705,1.2567035,-0.009285846,602240,5219.249094963074,4817920,0.021176916
0.0011058965,0.17260742,2237.81,15.87,0.7732248306274414,915,4706,1.2817918,-0.0071144886,602368,5220.367935419083,4818944,0.028364511
0.0012098188,0.1538086,2237.81,15.87,0.7837144881486893,901,4707,1.2977133,-0.0076489314,602496,5221.504948854446,4819968,0.021993853
0.0011818297,0.19824219,2237.81,15.87,0.8280068635940552,895,4708,1.3614384,-0.007825138,602624,5222.648829698563,4820992,0.01368808
0.0009780127,0.1381836,2237.35,15.9,0.7705804258584976,907,4709,1.2772458,-0.008599245,602752,5223.77844285965,4822016,0.030753706
0.0007242265,0.11376953,2237.35,15.9,0.7825654298067093,902,4710,1.3152515,-0.007838156,602880,5224.914162397385,4823040,0.018790517
0.0011275783,0.18261719,2241.09,15.88,0.8741231262683868,911,4711,1.3802651,-0.0094904695,603008,5226.038454532623,4824064,0.011091748
0.0011382595,0.15234375,2241.09,15.88,0.8513972014188766,919,4712,1.3167807,-0.0081411395,603136,5227.1534876823425,4825088,0.016730448
0.0013745123,0.1484375,2242.02,15.86,0.7273696064949036,950,4713,1.3320925,-0.008018087,603264,5228.231625080109,4826112,0.020814013
0.00090934266,0.1394043,2242.02,15.86,0.8095521628856659,956,4714,1.2538751,-0.008202128,603392,5229.30318903923,4827136,0.026467053
0.00101949,0.12036133,2242.02,15.86,0.7581963241100311,959,4715,1.2732422,-0.007231505,603520,5230.3714599609375,4828160,0.020273646
0.0009278685,0.16308594,2242.02,15.86,0.7776358127593994,954,4716,1.3231647,-0.0064761653,603648,5231.444804906845,4829184,0.0223206
0.0010296045,0.16381836,2242.02,15.86,0.6960856318473816,971,4717,1.3066709,-0.0065338216,603776,5232.499395370483,4830208,0.02881706
0.0012205247,0.17700195,2245.63,15.87,0.8831746205687523,948,4718,1.3426151,-0.008738739,603904,5233.579352617264,4831232,0.008396018
0.0014913396,0.17602539,2245.22,15.89,0.8800446763634682,893,4719,1.3118436,-0.0065386556,604032,5234.725715637207,4832256,0.010291223
0.0011521596,0.17236328,2238.77,15.96,0.8644936680793762,947,4720,1.296922,-0.008260572,604160,5235.806661128998,4833280,0.013303699
0.00090889155,0.13623047,2238.77,15.96,0.8022792786359787,909,4721,1.3508179,-0.007138594,604288,5236.9329829216,4834304,0.018409032
0.0012274713,0.17578125,2238.77,15.96,0.7858214527368546,963,4722,1.3222523,-0.00875279,604416,5237.996157407761,4835328,0.023438705
0.0011419654,0.16992188,2244.31,15.9,0.8006426095962524,932,4723,1.3304182,-0.007988339,604544,5239.095447540283,4836352,0.017348086
0.0010382414,0.13598633,2247.76,15.88,0.7275778651237488,900,4724,1.294886,-0.008479571,604672,5240.233161687851,4837376,0.027011208
0.0012886738,0.14208984,2247.76,15.88,0.8933807164430618,905,4725,1.2770436,-0.008387353,604800,5241.364802598953,4838400,0.012723693
0.0013031977,0.17163086,2248.35,15.9,0.8187213093042374,891,4726,1.3390356,-0.008725725,604928,5242.51447892189,4839424,0.017661247
0.0009402301,0.13916016,2248.35,15.9,0.8384170979261398,940,4727,1.3440129,-0.007912325,605056,5243.604250669479,4840448,0.019474318
0.0010098048,0.14477539,2250.13,15.87,0.8835736215114594,891,4728,1.3056318,-0.006021712,605184,5244.753914356232,4841472,0.009589532
0.0009943126,0.15820312,2251.65,15.87,0.7444030046463013,964,4729,1.3418554,-0.007097804,605312,5245.8167469501495,4842496,0.01915129
0.0008306133,0.13256836,2242.04,15.96,0.8387974202632904,943,4730,1.2902579,-0.0069287824,605440,5246.902374505997,4843520,0.015183752
0.0015571686,0.18725586,2242.04,15.96,0.7320703566074371,978,4731,1.3712639,-0.0075551323,605568,5247.949656486511,4844544,0.023974331
0.00094369525,0.1586914,2242.04,15.96,0.7648136764764786,916,4732,1.330026,-0.006976546,605696,5249.06790804863,4845568,0.029345129
0.00086146063,0.13696289,2242.04,15.96,0.8265156745910645,907,4733,1.334156,-0.008096343,605824,5250.19726896286,4846592,0.01848698
0.0012579286,0.18432617,2242.04,15.96,0.8332620710134506,905,4734,1.331423,-0.009247021,605952,5251.328689336777,4847616,0.015641922
0.00096687814,0.1508789,2242.04,15.96,0.8510405272245407,909,4735,1.3717946,-0.0068936823,606080,5252.454948425293,4848640,0.014020888
0.0010493001,0.15527344,2238.74,15.96,0.8156389594078064,944,4736,1.3058046,-0.006075816,606208,5253.540352106094,4849664,0.016213307
0.0009807146,0.14135742,2238.74,15.96,0.8399813771247864,940,4737,1.3079653,-0.0071403207,606336,5254.629868984222,4850688,0.015919184
0.0009553342,0.16308594,2238.74,15.96,0.8079844266176224,910,4738,1.3281716,-0.00828069,606464,5255.755210161209,4851712,0.018323693
0.0009443014,0.15771484,2238.74,15.96,0.7704183906316757,935,4739,1.3997982,-0.008157114,606592,5256.850671291351,4852736,0.019362256
0.0013643322,0.15112305,2236.48,15.99,0.8097649365663528,909,4740,1.2778224,-0.008559569,606720,5257.976987123489,4853760,0.023440074
0.0012343704,0.16796875,2234.46,16.0,0.7811724245548248,925,4741,1.3276739,-0.009388061,606848,5259.084150791168,4854784,0.020843487
0.0013497624,0.18286133,2234.46,16.0,0.7345297634601593,959,4742,1.3064394,-0.008844282,606976,5260.152564525604,4855808,0.025811685
0.0009683419,0.15014648,2226.69,16.08,0.7216027975082397,934,4743,1.3069758,-0.008877475,607104,5261.248948574066,4856832,0.03725477
0.0009937121,0.13647461,2226.69,16.08,0.8332684636116028,913,4744,1.2870835,-0.007138515,607232,5262.370812416077,4857856,0.020508902
0.0012709836,0.13793945,2226.69,16.08,0.850932389497757,912,4745,1.3655725,-0.008155279,607360,5263.493182897568,4858880,0.01793465
0.0009216132,0.1496582,2222.13,16.14,0.7986703962087631,958,4746,1.3172325,-0.008879571,607488,5264.562427997589,4859904,0.019376587
0.00096370623,0.13867188,2223.15,16.13,0.8085343092679977,971,4747,1.3040961,-0.0071562976,607616,5265.617253541946,4860928,0.022557974
0.0013334143,0.1796875,2223.15,16.13,0.7876431494951248,976,4748,1.3649465,-0.00802595,607744,5266.666946411133,4861952,0.019899521
0.0009242428,0.14257812,2223.15,16.13,0.8464128226041794,984,4749,1.3737426,-0.007781936,607872,5267.707651615143,4862976,0.009774481
0.0010154445,0.1508789,2223.15,16.13,0.7592702060937881,958,4750,1.3290203,-0.00929301,608000,5268.776618719101,4864000,0.0275711
0.0012196227,0.1574707,2223.15,16.13,0.6486944556236267,943,4751,1.2843834,-0.008636621,608128,5269.863194227219,4865024,0.027926391
0.0011373239,0.15795898,2222.39,16.15,0.787241518497467,861,4752,1.2628764,-0.00851377,608256,5271.052063703537,4866048,0.024690565
0.0011569902,0.1472168,2224.88,16.13,0.8180060684680939,863,4753,1.2506276,-0.008554925,608384,5272.239137649536,4867072,0.017928101
0.00085287046,0.14868164,2224.88,16.13,0.8125218003988266,912,4754,1.3735414,-0.010217846,608512,5273.362446069717,4868096,0.020213576
0.0010328685,0.1538086,2224.88,16.13,0.8292717486619949,902,4755,1.3100761,-0.0086467285,608640,5274.500118732452,4869120,0.015554961
0.00074976834,0.12036133,2224.88,16.13,0.8138726502656937,945,4756,1.3640068,-0.007222892,608768,5275.583317518234,4870144,0.015854616
0.00102287,0.19726562,2224.88,16.13,0.8778090178966522,905,4757,1.3545641,-0.008274039,608896,5276.715687036514,4871168,0.011100919
0.0009469596,0.15185547,2223.26,16.16,0.8044113218784332,900,4758,1.291468,-0.009644042,609024,5277.8541531562805,4872192,0.019752432
0.001145182,0.1652832,2223.26,16.16,0.8567334115505219,926,4759,1.264242,-0.011039958,609152,5278.960312366486,4873216,0.018182216
0.0014068774,0.15673828,2224.79,16.17,0.8619446605443954,901,4760,1.2581626,-0.00902722,609280,5280.097039937973,4874240,0.015784884
0.0010833762,0.1616211,2224.79,16.17,0.7603145241737366,911,4761,1.3179008,-0.0080773225,609408,5281.220855474472,4875264,0.028348457
0.0007213536,0.13305664,2224.79,16.17,0.7771939635276794,939,4762,1.3065736,-0.0075894212,609536,5282.311439037323,4876288,0.023970889
0.0009404986,0.14819336,2225.53,16.15,0.7894824594259262,962,4763,1.3215573,-0.0076577226,609664,5283.376284837723,4877312,0.02123025
0.0010209829,0.16479492,2225.53,16.15,0.7106578648090363,961,4764,1.2716913,-0.008460612,609792,5284.442347764969,4878336,0.03826417
0.0018581249,0.19213867,2225.13,16.18,0.81276535987854,959,4765,1.2578073,-0.0076088766,609920,5285.51092004776,4879360,0.018843902
0.0011399698,0.14819336,2225.13,16.18,0.8486357629299164,963,4766,1.3486392,-0.008257292,610048,5286.574529647827,4880384,0.014263183
0.0013073187,0.15405273,2225.13,16.18,0.7351387441158295,906,4767,1.3261904,-0.0062726755,610176,5287.705138206482,4881408,0.02294659
0.0013768591,0.17504883,2225.13,16.18,0.840524360537529,920,4768,1.306889,-0.008415705,610304,5288.81786608696,4882432,0.015762186
0.0011692441,0.15527344,2215.93,16.32,0.8128257542848587,949,4769,1.2775315,-0.00863916,610432,5289.897000789642,4883456,0.01897177
0.00097566086,0.15332031,2215.93,16.32,0.8600779175758362,961,4770,1.3389287,-0.008191238,610560,5290.962866783142,4884480,0.009565767
0.0011175252,0.13598633,2228.23,16.23,0.7754101604223251,955,4771,1.3143042,-0.007813596,610688,5292.034885406494,4885504,0.022972994
0.0010460755,0.14648438,2228.23,16.23,0.7393584549427032,903,4772,1.2646013,-0.0077269096,610816,5293.169523715973,4886528,0.02622049
0.0011143335,0.16601562,2228.23,16.23,0.7670601606369019,906,4773,1.3020824,-0.009715215,610944,5294.299700975418,4887552,0.025491659
0.0010174676,0.13549805,2228.23,16.23,0.7889348417520523,902,4774,1.3102833,-0.0069153113,611072,5295.435334205627,4888576,0.023177585
0.0014084419,0.171875,2228.23,16.23,0.7368426620960236,906,4775,1.3471994,-0.00837829,611200,5296.565093755722,4889600,0.025153307
0.00090295955,0.14990234,2231.19,16.23,0.8377268612384796,953,4776,1.2783915,-0.0063095083,611328,5297.639741420746,4890624,0.017196218
0.00087204814,0.13012695,2229.22,16.24,0.8402870744466782,963,4777,1.1690655,-0.008083411,611456,5298.702870607376,4891648,0.025849737
0.00087640807,0.15795898,2229.77,16.24,0.7444484829902649,952,4778,1.2657305,-0.007966966,611584,5299.778626441956,4892672,0.034782846
0.000775645,0.13574219,2229.77,16.24,0.908356562256813,975,4779,1.3344271,-0.008865374,611712,5300.82895898819,4893696,0.009178677
0.0010549087,0.1640625,2229.77,16.24,0.8219204694032669,962,4780,1.3243933,-0.008155514,611840,5301.895419836044,4894720,0.019570492
0.0011397899,0.18115234,2229.77,16.24,0.8546844273805618,945,4781,1.354657,-0.00912216,611968,5302.978770494461,4895744,0.017961513
0.0012250489,0.16064453,2235.3,16.16,0.7622163444757462,949,4782,1.2337713,-0.008564717,612096,5304.058439016342,4896768,0.028687594
0.0008946726,0.16235352,2235.3,16.16,0.7959826737642288,980,4783,1.3783183,-0.008384047,612224,5305.103596687317,4897792,0.015895948
0.0012297226,0.15844727,2241.1,16.13,0.7647754102945328,951,4784,1.3355297,-0.0070999493,612352,5306.180164575577,4898816,0.030024083
0.0012060656,0.15576172,2241.1,16.13,0.8183915317058563,978,4785,1.2248484,-0.008361602,612480,5307.227509975433,4899840,0.020804062
0.0011651792,0.1430664,2233.34,16.17,0.8192999064922333,942,4786,1.3550233,-0.0074935104,612608,5308.315191745758,4900864,0.012811497
0.0007647185,0.12451172,2233.34,16.17,0.7939726263284683,943,4787,1.306526,-0.007660427,612736,5309.400982141495,4901888,0.022037907
0.0013163423,0.17797852,2233.34,16.17,0.8777154982089996,898,4788,1.2961112,-0.00854168,612864,5310.541171312332,4902912,0.011770399
0.00086403737,0.1394043,2234.1,16.17,0.8307342976331711,963,4789,1.2995458,-0.0061052535,612992,5311.605115890503,4903936,0.01462861
0.0011933683,0.17089844,2234.1,16.17,0.6277664005756378,952,4790,1.2470814,-0.0078115,613120,5312.681400537491,4904960,0.037965648
0.00094258814,0.15600586,2234.1,16.17,0.8490816950798035,948,4791,1.3713514,-0.008678451,613248,5313.761292457581,4905984,0.015728515
0.001057876,0.15429688,2234.1,16.17,0.8707682490348816,929,4792,1.2693995,-0.008998343,613376,5314.863764047623,4907008,0.014171012
0.0009339495,0.15014648,2234.28,16.17,0.8632785826921463,898,4793,1.3468703,-0.00827454,613504,5316.00425362587,4908032,0.0147984
0.0011477335,0.1652832,2234.28,16.17,0.8803068250417709,967,4794,1.3062783,-0.009610258,613632,5317.063656806946,4909056,0.011311491
0.0010691455,0.1550293,2234.46,16.17,0.9283990040421486,975,4795,1.2678499,-0.009244424,613760,5318.114888429642,4910080,0.009821663
0.0008776712,0.15551758,2228.9,16.21,0.8170696198940277,952,4796,1.3575457,-0.006927535,613888,5319.1907794475555,4911104,0.014433926
0.0010604197,0.15722656,2228.9,16.21,0.9246605113148689,976,4797,1.3383596,-0.009503867,614016,5320.240283489227,4912128,0.009451554
0.0010155302,0.15551758,2228.9,16.21,0.7668876051902771,971,4798,1.3764613,-0.0065685064,614144,5321.294679403305,4913152,0.013688091
0.00097364606,0.16821289,2228.9,16.21,0.9145494848489761,976,4799,1.378247,-0.0068103774,614272,5322.344073295593,4914176,0.0040382156
0.0012624542,0.1550293,2228.9,16.21,0.8103441447019577,960,4800,1.3839017,-0.006421083,614400,5323.461710929871,4915200,0.019369245
0.00087061455,0.13964844,2230.22,16.2,0.7321124970912933,960,4801,1.2802244,-0.007236186,614528,5324.528928995132,4916224,0.029193439
0.0009539549,0.14111328,2229.94,16.23,0.8171013742685318,939,4802,1.2490546,-0.0071284994,614656,5325.619596004486,4917248,0.022802332
0.0014200276,0.20361328,2229.94,16.23,0.9043057635426521,973,4803,1.2770514,-0.009351196,614784,5326.672602653503,4918272,0.013422492
0.0012077119,0.1875,2229.92,16.21,0.7574812471866608,955,4804,1.3287854,-0.0066968715,614912,5327.744549751282,4919296,0.01638502
0.0011914205,0.17407227,2231.74,16.21,0.8043166846036911,968,4805,1.3356869,-0.008764822,615040,5328.8030326366425,4920320,0.02023193
0.00067436544,0.115234375,2231.74,16.21,0.8970399647951126,962,4806,1.324432,-0.006972137,615168,5329.867508649826,4921344,0.008342078
0.0011712277,0.18261719,2231.74,16.21,0.8406532406806946,964,4807,1.325957,-0.008618904,615296,5330.9297311306,4922368,0.018930187
0.0009498367,0.14086914,2231.74,16.21,0.9269043058156967,932,4808,1.3541541,-0.007057487,615424,5332.028668880463,4923392,0.0076791346
0.0008682124,0.15429688,2231.74,16.21,0.7415664494037628,957,4809,1.3627938,-0.0053206123,615552,5333.09866976738,4924416,0.02093268
0.0011134438,0.15844727,2229.84,16.27,0.8129971474409103,928,4810,1.3028022,-0.007997026,615680,5334.202910900116,4925440,0.019370284
0.0010566964,0.13964844,2227.19,16.26,0.8075602203607559,916,4811,1.2814971,-0.007545342,615808,5335.320534706116,4926464,0.021730274
0.0012768302,0.119628906,2227.19,16.26,0.8252496421337128,955,4812,1.3225913,-0.0071750553,615936,5336.392921447754,4927488,0.016240804
0.0011950735,0.1809082,2227.19,16.26,0.8456641584634781,925,4813,1.3462534,-0.008585221,616064,5337.499884843826,4928512,0.016863093
0.001497265,0.17529297,2227.19,16.26,0.8480213135480881,959,4814,1.2292159,-0.008441759,616192,5338.56778883934,4929536,0.02152028
0.0012080461,0.18798828,2227.19,16.26,0.7397496104240417,916,4815,1.3596237,-0.007507452,616320,5339.685903310776,4930560,0.020476686
0.0012389286,0.15429688,2227.19,16.26,0.9040293172001839,902,4816,1.3048049,-0.007846334,616448,5340.821351528168,4931584,0.007944039
0.0010619162,0.17333984,2227.19,16.26,0.7941400557756424,920,4817,1.3460611,-0.0061414014,616576,5341.9351370334625,4932608,0.015117024
0.000942242,0.16552734,2227.19,16.26,0.8599444329738617,905,4818,1.3612117,-0.007409643,616704,5343.066385746002,4933632,0.015780812
0.0010631649,0.1459961,2227.97,16.26,0.8335867524147034,968,4819,1.2797996,-0.007093171,616832,5344.124930858612,4934656,0.022144513
0.0008300383,0.14013672,2227.97,16.26,0.6712199449539185,976,4820,1.3029352,-0.008401278,616960,5345.174720048904,4935680,0.029697746
0.0012234772,0.15893555,2224.08,16.27,0.6742670238018036,966,4821,1.2802923,-0.007745908,617088,5346.234617233276,4936704,0.033135638
0.000741828,0.12036133,2224.08,16.27,0.7308351695537567,904,4822,1.2825453,-0.007803642,617216,5347.368148565292,4937728,0.031648412
0.000888193,0.13208008,2231.98,16.2,0.8600103855133057,909,4823,1.3333402,-0.006762199,617344,5348.495281219482,4938752,0.011992025
0.0012597416,0.18481445,2231.98,16.2,0.7258118093013763,925,4824,1.2982653,-0.008167686,617472,5349.60227227211,4939776,0.029476508
0.0011377574,0.16699219,2226.66,16.27,0.827462837100029,913,4825,1.2900478,-0.0066776867,617600,5350.723485946655,4940800,0.016519723
0.00078568497,0.12646484,2213.49,16.4,0.7620220631361008,946,4826,1.3465296,-0.007033766,617728,5351.806364774704,4941824,0.020110331
0.0014691772,0.16308594,2205.34,16.45,0.8599635660648346,950,4827,1.3064244,-0.006956168,617856,5352.884035348892,4942848,0.014325058
0.0010186016,0.15356445,2205.34,16.45,0.8360915333032608,967,4828,1.3378483,-0.0075225946,617984,5353.943419933319,4943872,0.012112243
0.0009879188,0.17651367,2205.34,16.45,0.8340266197919846,973,4829,1.3709903,-0.0070010796,618112,5354.996233463287,4944896,0.017079702
0.0010109148,0.13623047,2205.34,16.45,0.7348075211048126,952,4830,1.3269289,-0.00750582,618240,5356.07271027565,4945920,0.023255909
0.00080170634,0.13427734,2205.34,16.45,0.7096654176712036,967,4831,1.2937864,-0.006828986,618368,5357.131751298904,4946944,0.027415818
0.0008873297,0.14892578,2205.34,16.45,0.8137097209692001,968,4832,1.3306073,-0.0074256826,618496,5358.189714670181,4947968,0.016331337
0.0014196865,0.16821289,2205.34,16.45,0.7345943450927734,971,4833,1.2873782,-0.008578521,618624,5359.244203090668,4948992,0.025250906
0.00091107294,0.1538086,2205.34,16.45,0.8007643818855286,958,4834,1.3230783,-0.008529673,618752,5360.313385009766,4950016,0.023777535
0.0012867921,0.19311523,2205.34,16.45,0.8656361699104309,905,4835,1.353631,-0.008771549,618880,5361.444844007492,4951040,0.009624734
0.0011410463,0.19482422,2208.91,16.44,0.8225426077842712,896,4836,1.327146,-0.008420806,619008,5362.588441610336,4952064,0.0155983195
0.00086097955,0.13183594,2200.96,16.5,0.8310063481330872,896,4837,1.2886909,-0.008031111,619136,5363.730951309204,4953088,0.018750235
0.0007813502,0.1303711,2200.96,16.5,0.7536410838365555,912,4838,1.3076005,-0.006466944,619264,5364.853330373764,4954112,0.021237403
0.0010382803,0.13964844,2201.23,16.48,0.774015799164772,944,4839,1.3189964,-0.007956762,619392,5365.938383817673,4955136,0.024828298
0.0012048179,0.16748047,2199.1,16.51,0.7424153387546539,910,4840,1.3047571,-0.007843174,619520,5367.064697027206,4956160,0.022171933
0.0010788995,0.14746094,2199.1,16.51,0.8231467753648758,971,4841,1.2917958,-0.0076874825,619648,5368.119765520096,4957184,0.020019498
0.0009997862,0.16333008,2198.07,16.51,0.8090909868478775,952,4842,1.3286042,-0.008100934,619776,5369.195788145065,4958208,0.017185321
0.0010075858,0.14135742,2198.07,16.51,0.7894428223371506,974,4843,1.2891726,-0.009005881,619904,5370.247406721115,4959232,0.026103273
0.0013144845,0.18261719,2193.52,16.55,0.8138944357633591,948,4844,1.2427083,-0.007470774,620032,5371.327867984772,4960256,0.023490142
0.0010667844,0.14453125,2193.52,16.55,0.8774905502796173,973,4845,1.3063412,-0.007621851,620160,5372.380141496658,4961280,0.0124911
0.0008029791,0.14135742,2193.52,16.55,0.829705074429512,946,4846,1.3411936,-0.0065672756,620288,5373.462539434433,4962304,0.015153282
0.0009828683,0.16015625,2193.52,16.55,0.914112038910389,952,4847,1.369552,-0.008016947,620416,5374.538598775864,4963328,0.010129279
0.0013993727,0.17700195,2192.03,16.59,0.852896437048912,954,4848,1.3293812,-0.0078324415,620544,5375.611754417419,4964352,0.011712736
0.0010745818,0.19604492,2192.03,16.59,0.8479187786579132,966,4849,1.3759255,-0.006496712,620672,5376.6714968681335,4965376,0.01593159
0.001024457,0.15649414,2192.03,16.59,0.7679788023233414,908,4850,1.307625,-0.006935457,620800,5377.799241542816,4966400,0.019714408
0.0011326141,0.2084961,2192.03,16.59,0.8542995601892471,962,4851,1.3700747,-0.007942691,620928,5378.863505601883,4967424,0.008914883
0.000982388,0.1508789,2193.9,16.6,0.7485629022121429,938,4852,1.322614,-0.008114663,621056,5379.955247402191,4968448,0.03142823
0.0010791309,0.15649414,2195.14,16.6,0.7546578645706177,960,4853,1.2762657,-0.0079887025,621184,5381.021943807602,4969472,0.031853355
0.0010103608,0.18041992,2195.14,16.6,0.8452090471982956,962,4854,1.376261,-0.0079630725,621312,5382.086098194122,4970496,0.0124269705
0.0011481197,0.17456055,2191.74,16.6,0.8165927231311798,967,4855,1.3331953,-0.008211746,621440,5383.145419120789,4971520,0.019233452
0.001165568,0.16040039,2191.74,16.6,0.7963286340236664,921,4856,1.2061118,-0.0079669235,621568,5384.257477760315,4972544,0.03347472
0.0010268782,0.15966797,2191.96,16.57,0.8454934060573578,957,4857,1.3437586,-0.008762026,621696,5385.328137636185,4973568,0.013557943
0.00130207,0.15405273,2191.9,16.57,0.7903689742088318,948,4858,1.2181573,-0.009062693,621824,5386.408850669861,4974592,0.026213847
0.0010058482,0.1496582,2191.9,16.57,0.7466408312320709,968,4859,1.2578642,-0.008209221,621952,5387.4670424461365,4975616,0.036111027
0.00091465894,0.13330078,2187.83,16.65,0.858546108007431,946,4860,1.2857054,-0.007852181,622080,5388.550204992294,4976640,0.013194529
0.0013074499,0.16503906,2191.82,16.62,0.8346483558416367,952,4861,1.2571996,-0.008520015,622208,5389.625606536865,4977664,0.0240959
0.00092943566,0.16186523,2191.82,16.62,0.7927281111478806,968,4862,1.2934984,-0.0068815346,622336,5390.683195590973,4978688,0.025253022
0.00092977955,0.13842773,2189.48,16.65,0.8119787573814392,946,4863,1.3157599,-0.0068493043,622464,5391.7661674022675,4979712,0.022687107
0.0008797031,0.12817383,2189.48,16.65,0.7403009235858917,933,4864,1.2487036,-0.0073977625,622592,5392.863396406174,4980736,0.033915404
0.000761203,0.12963867,2189.48,16.65,0.71767258644104,969,4865,1.3499563,-0.0068316576,622720,5393.920883178711,4981760,0.020043403
0.00082639063,0.13769531,2189.48,16.65,0.8227747529745102,928,4866,1.3054633,-0.0068457,622848,5395.024750709534,4982784,0.021878188
0.0008158188,0.15112305,2189.48,16.65,0.7794511467218399,925,4867,1.3054903,-0.007906633,622976,5396.131776809692,4983808,0.038953245
0.0008135655,0.1381836,2189.48,16.65,0.732385903596878,907,4868,1.2534287,-0.0075734453,623104,5397.260810613632,4984832,0.031480085
0.0010281857,0.13867188,2189.48,16.65,0.7883405089378357,912,4869,1.3047256,-0.007770271,623232,5398.383965969086,4985856,0.024308251
0.0015039085,0.14575195,2191.29,16.62,0.8666160106658936,948,4870,1.2473878,-0.008091205,623360,5399.4647805690765,4986880,0.015225752
0.00092053367,0.12548828,2191.29,16.62,0.7898744195699692,970,4871,1.3384655,-0.007602191,623488,5400.520804643631,4987904,0.024243021
0.00079049554,0.13623047,2191.29,16.62,0.887725830078125,950,4872,1.311075,-0.006922336,623616,5401.598664283752,4988928,0.010607302
0.0012371043,0.17114258,2191.29,16.62,0.6884069442749023,931,4873,1.3746433,-0.008090527,623744,5402.698607206345,4989952,0.03495056
0.001400888,0.118896484,2189.85,16.66,0.7133054137229919,937,4874,1.2791779,-0.007678323,623872,5403.792140245438,4990976,0.029494608
0.0013118874,0.18237305,2189.85,16.66,0.7450881898403168,975,4875,1.3265816,-0.008216835,624000,5404.84294128418,4992000,0.023481652
0.00077836844,0.13183594,2184.07,16.73,0.8506772816181183,929,4876,1.3744427,-0.007800008,624128,5405.945189237595,4993024,0.013186868
0.0012119343,0.12915039,2186.78,16.7,0.697201132774353,948,4877,1.2863942,-0.0066827545,624256,5407.025369644165,4994048,0.040081926
0.0015608981,0.14868164,2177.88,16.77,0.7807376831769943,963,4878,1.2480036,-0.0076362053,624384,5408.089351415634,4995072,0.024615724
0.0010602708,0.11791992,2177.88,16.77,0.7761287540197372,971,4879,1.3207068,-0.0064041433,624512,5409.143775701523,4996096,0.029721173
0.0009791248,0.18652344,2177.88,16.77,0.793825551867485,971,4880,1.3824397,-0.008589174,624640,5410.1989777088165,4997120,0.014951274
0.0009776821,0.17651367,2191.78,16.64,0.8383944034576416,970,4881,1.3472335,-0.0075676595,624768,5411.254828929901,4998144,0.013643907
0.000999228,0.16064453,2191.78,16.64,0.8049250245094299,967,4882,1.3760775,-0.008569942,624896,5412.313851118088,4999168,0.022481281
0.001152613,0.17529297,2191.78,16.64,0.8760635927319527,927,4883,1.3761687,-0.0070396764,625024,5413.4192070961,5000192,0.0073787975
0.0013351811,0.18920898,2191.78,16.64,0.7870313972234726,957,4884,1.3634136,-0.00683921,625152,5414.489491224289,5001216,0.020983007
0.0006373295,0.0859375,2191.78,16.64,0.8291890621185303,965,4885,1.3553345,-0.006531162,625280,5415.550867795944,5002240,0.01862655
0.00095229497,0.14526367,2191.78,16.64,0.8014548718929291,912,4886,1.3556749,-0.0075354814,625408,5416.67334985733,5003264,0.021984179
0.0010795629,0.14257812,2191.78,16.64,0.820859968662262,953,4887,1.2954011,-0.008310737,625536,5417.74776673317,5004288,0.023616413
0.0012721351,0.16625977,2191.78,16.64,0.707810640335083,961,4888,1.3104365,-0.0076836534,625664,5418.813962221146,5005312,0.035701018
0.0010212273,0.15698242,2200.55,16.54,0.7736543565988541,949,4889,1.2968014,-0.008080218,625792,5419.892706155777,5006336,0.020615015
0.0010106382,0.13427734,2192.77,16.59,0.7682691663503647,951,4890,1.1857021,-0.007933632,625920,5420.9699811935425,5007360,0.028752238
0.0009486251,0.1262207,2192.77,16.59,0.8915435820817947,972,4891,1.3459681,-0.0067147715,626048,5422.024177074432,5008384,0.011514127
0.0008009586,0.15478516,2203.5,16.48,0.8845467641949654,953,4892,1.3894968,-0.008485363,626176,5423.0983781814575,5009408,0.0067067323
0.0013913889,0.17211914,2203.5,16.48,0.8342109322547913,970,4893,1.366964,-0.0077960966,626304,5424.154562473297,5010432,0.013872067
0.0009458397,0.12792969,2203.5,16.48,0.5662626624107361,962,4894,1.2893398,-0.006452154,626432,5425.219205617905,5011456,0.05011504
0.00087404385,0.15576172,2203.5,16.48,0.8233859688043594,981,4895,1.3757622,-0.006969016,626560,5426.262991189957,5012480,0.020291684
0.0008521302,0.123291016,2205.9,16.44,0.8255260437726974,960,4896,1.3500595,-0.0068266713,626688,5427.329959869385,5013504,0.013488164
0.00089634024,0.14697266,2217.5,16.39,0.8000479489564896,908,4897,1.3298657,-0.006635486,626816,5428.458259820938,5014528,0.020019991
0.0013061191,0.19506836,2217.5,16.39,0.9074191898107529,901,4898,1.3633854,-0.00812046,626944,5429.594530820847,5015552,0.007907272
0.0011034448,0.16259766,2217.5,16.39,0.7160191535949707,969,4899,1.3992136,-0.0075034583,627072,5430.651068687439,5016576,0.033504535
0.00094824436,0.1381836,2217.5,16.39,0.7649669945240021,958,4900,1.2708206,-0.0077024726,627200,5431.71982383728,5017600,0.026931113
0.0009881723,0.1315918,2217.5,16.39,0.7694710344076157,939,4901,1.3936155,-0.007303587,627328,5432.810830831528,5018624,0.032356456
0.00108641,0.1694336,2211.85,16.42,0.799203634262085,895,4902,1.3195095,-0.0070797713,627456,5433.954820632935,5019648,0.02390685
0.00079592556,0.12646484,2211.85,16.42,0.7652757465839386,929,4903,1.3117602,-0.0066978564,627584,5435.057459592819,5020672,0.030094236
0.0012420453,0.17749023,2211.85,16.42,0.8291246742010117,905,4904,1.2933329,-0.007122528,627712,5436.188526391983,5021696,0.018136755
0.00081155566,0.13208008,2211.85,16.42,0.8692473918199539,915,4905,1.4080318,-0.0074428297,627840,5437.308354377747,5022720,0.0163521
0.00086901884,0.14892578,2209.51,16.37,0.831645667552948,920,4906,1.3580323,-0.006994092,627968,5438.421863794327,5023744,0.010799589
0.0010271942,0.14697266,2209.51,16.37,0.6326898634433746,943,4907,1.3576324,-0.007138889,628096,5439.507883071899,5024768,0.032661337
0.0008819758,0.16357422,2205.33,16.36,0.8771452754735947,890,4908,1.3332655,-0.008404048,628224,5440.657954692841,5025792,0.013394192
0.00088030763,0.14379883,2205.33,16.36,0.8185157775878906,975,4909,1.3132181,-0.008432575,628352,5441.708154916763,5026816,0.020870706
0.00077443564,0.15039062,2205.33,16.36,0.6895630955696106,961,4910,1.448355,-0.006802689,628480,5442.773460149765,5027840,0.0250257
0.001098115,0.16748047,2205.33,16.36,0.8430485278367996,948,4911,1.3080386,-0.008356236,628608,5443.853716135025,5028864,0.016071552
0.00090913055,0.15332031,2193.35,16.46,0.7636181265115738,899,4912,1.3664532,-0.006522705,628736,5444.993372440338,5029888,0.022719968
0.00073408417,0.11230469,2193.35,16.46,0.6682730317115784,967,4913,1.3612185,-0.006001432,628864,5446.052590370178,5030912,0.025351312
0.0006683129,0.11230469,2193.35,16.46,0.6901957392692566,958,4914,1.3744768,-0.006492231,628992,5447.121785402298,5031936,0.033222392
0.001081053,0.1809082,2192.01,16.51,0.7958143204450607,965,4915,1.3526312,-0.007557784,629120,5448.183064937592,5032960,0.018996526
0.00074503355,0.15527344,2192.01,16.51,0.780272975564003,967,4916,1.4001191,-0.0073613618,629248,5449.242232561111,5033984,0.021542642
0.0011978522,0.1328125,2198.66,16.41,0.7945592254400253,960,4917,1.4087094,-0.0064511625,629376,5450.3090608119965,5035008,0.014279887
0.0007624376,0.14941406,2198.66,16.41,0.83555106818676,951,4918,1.4240447,-0.0068176477,629504,5451.38592505455,5036032,0.0108456565
0.0008617282,0.13134766,2198.66,16.41,0.7455811202526093,963,4919,1.4045056,-0.006681633,629632,5452.449119091034,5037056,0.024025489
0.0011287964,0.13427734,2203.18,16.38,0.7742029279470444,945,4920,1.3015586,-0.008040249,629760,5453.53341794014,5038080,0.023539966
0.0014601692,0.12988281,2203.18,16.38,0.7607134133577347,962,4921,1.3254486,-0.008470548,629888,5454.597918510437,5039104,0.024316488
0.00083364826,0.107421875,2203.18,16.38,0.7237249612808228,957,4922,1.3157785,-0.0066736913,630016,5455.668573617935,5040128,0.030166067
0.0009938076,0.13916016,2203.18,16.38,0.804127037525177,961,4923,1.3472012,-0.0072665946,630144,5456.734668254852,5041152,0.024601609
0.0009960892,0.11206055,2201.46,16.38,0.8431171029806137,952,4924,1.3771247,-0.0074804793,630272,5457.810204982758,5042176,0.0133514665
0.0010753967,0.1418457,2201.46,16.38,0.7515082806348801,985,4925,1.3621002,-0.0077452683,630400,5458.850862979889,5043200,0.025680292
0.000934543,0.11816406,2203.79,16.36,0.7684868425130844,953,4926,1.3187692,-0.006626144,630528,5459.925275087357,5044224,0.025721645
0.0007977141,0.13647461,2203.79,16.36,0.7274618148803711,947,4927,1.3874199,-0.007439089,630656,5461.007043600082,5045248,0.029074011
0.00078973465,0.11401367,2201.37,16.36,0.8020258694887161,948,4928,1.3696768,-0.007465712,630784,5462.087680578232,5046272,0.016353127
0.00086794584,0.13916016,2206.61,16.27,0.7937611192464828,923,4929,1.3167876,-0.007621732,630912,5463.197515487671,5047296,0.020919595
0.0016579456,0.18286133,2206.61,16.27,0.7427485287189484,923,4930,1.2681813,-0.007812322,631040,5464.306607246399,5048320,0.034021277
0.001089784,0.16088867,2209.55,16.22,0.7002625167369843,927,4931,1.3624296,-0.006739038,631168,5465.412007808685,5049344,0.029419897
0.00088400627,0.1418457,2209.55,16.22,0.845778301358223,960,4932,1.3036145,-0.008404789,631296,5466.47859787941,5050368,0.015825324
0.000767395,0.15600586,2208.38,16.25,0.8324364274740219,948,4933,1.4008216,-0.007987342,631424,5467.558790922165,5051392,0.010885018
0.00080002664,0.16015625,2208.38,16.25,0.8724436908960342,929,4934,1.4268844,-0.007304268,631552,5468.66174030304,5052416,0.0082958825
0.0010147275,0.14257812,2208.38,16.25,0.8644179552793503,909,4935,1.3462815,-0.008026176,631680,5469.788486242294,5053440,0.012885519
0.00084900355,0.16015625,2202.03,16.29,0.8991828337311745,928,4936,1.3909367,-0.008307835,631808,5470.891749620438,5054464,0.009039458
0.0010664482,0.16479492,2202.03,16.29,0.7775072902441025,912,4937,1.3444703,-0.007248179,631936,5472.014784812927,5055488,0.022980003
0.0010351292,0.14208984,2202.03,16.29,0.8711524903774261,933,4938,1.3873167,-0.0069273794,632064,5473.112499713898,5056512,0.012266302
0.00080870127,0.12573242,2202.03,16.29,0.7754668891429901,912,4939,1.3730623,-0.006907079,632192,5474.235970497131,5057536,0.022134244
0.00079007715,0.13647461,2197.96,16.32,0.6550765633583069,899,4940,1.3041174,-0.007815909,632320,5475.374547958374,5058560,0.028855508
0.00096323644,0.1459961,2197.96,16.32,0.8440410196781158,948,4941,1.3299452,-0.008654636,632448,5476.454457044601,5059584,0.022399142
0.0007458868,0.13256836,2197.96,16.32,0.6648223400115967,955,4942,1.3382344,-0.006020725,632576,5477.526799201965,5060608,0.040715046
0.0011370298,0.11450195,2196.98,16.33,0.6782110929489136,924,4943,1.3512907,-0.006369154,632704,5478.635426521301,5061632,0.03654463
0.0008013565,0.13305664,2196.98,16.33,0.7130597233772278,961,4944,1.3407856,-0.0069799228,632832,5479.700968742371,5062656,0.024023354
0.0009823465,0.1628418,2196.98,16.33,0.847863495349884,972,4945,1.3626631,-0.008195807,632960,5480.754171133041,5063680,0.017447598
0.001020963,0.14868164,2198.6,16.33,0.8404457718133926,948,4946,1.3397859,-0.008705516,633088,5481.834008932114,5064704,0.019904021
0.0012272531,0.14111328,2201.55,16.32,0.7747667133808136,968,4947,1.44129,-0.007923012,633216,5482.892114877701,5065728,0.015460356
0.00086977205,0.14575195,2206.75,16.27,0.8412628173828125,964,4948,1.3441978,-0.008106295,633344,5483.954078674316,5066752,0.0148374
0.00088232383,0.15356445,2210.74,16.23,0.8466466963291168,972,4949,1.4502356,-0.0075265854,633472,5485.007810354233,5067776,0.00851798
0.0011756987,0.1484375,2210.74,16.23,0.7755594551563263,975,4950,1.3765525,-0.008104841,633600,5486.0590970516205,5068800,0.019076062
0.00079978,0.119384766,2215.22,16.2,0.8949637487530708,953,4951,1.3499513,-0.006928271,633728,5487.133398294449,5069824,0.008919893
0.0010560681,0.16845703,2215.22,16.2,0.8659663796424866,957,4952,1.3487138,-0.008452729,633856,5488.203237771988,5070848,0.016304167
0.0012493191,0.14819336,2215.22,16.2,0.8481510579586029,964,4953,1.3324237,-0.0077356175,633984,5489.265164136887,5071872,0.016583208
0.0009661721,0.17822266,2215.22,16.2,0.8018101751804352,958,4954,1.4360161,-0.007319874,634112,5490.334058761597,5072896,0.013076863
0.00078178645,0.13842773,2215.22,16.2,0.7985607981681824,966,4955,1.3206735,-0.00847709,634240,5491.394696474075,5073920,0.030061848
0.001178255,0.14550781,2215.22,16.2,0.7725241631269455,952,4956,1.3696434,-0.008215629,634368,5492.470833539963,5074944,0.017779924
0.0013470083,0.1472168,2215.22,16.2,0.8051333725452423,963,4957,1.4079885,-0.0066165403,634496,5493.534596920013,5075968,0.01691374
0.0011006738,0.12158203,2214.25,16.23,0.8230295479297638,946,4958,1.3665161,-0.0063520367,634624,5494.617007493973,5076992,0.017881747
0.000734318,0.13598633,2214.25,16.23,0.7595255821943283,957,4959,1.3933043,-0.006326815,634752,5495.687171936035,5078016,0.017427519
0.00090368144,0.1928711,2213.87,16.21,0.8448817431926727,962,4960,1.3660557,-0.009100452,634880,5496.751734256744,5079040,0.015543848
0.0010789628,0.14550781,2213.87,16.21,0.7182277739048004,949,4961,1.2968466,-0.0074586137,635008,5497.830721378326,5080064,0.03812214
0.0010013853,0.15478516,2213.87,16.21,0.844049796462059,919,4962,1.3280547,-0.008188326,635136,5498.9452447891235,5081088,0.01955301
0.0010062113,0.16040039,2216.92,16.2,0.8232557475566864,915,4963,1.3303697,-0.0068513923,635264,5500.0641922950745,5082112,0.02189348
0.0018468191,0.15551758,2210.75,16.27,0.778192862868309,954,4964,1.2611346,-0.008548936,635392,5501.137682676315,5083136,0.028653674
0.0009938546,0.15649414,2211.21,16.28,0.8422292768955231,965,4965,1.2946987,-0.007491666,635520,5502.198924064636,5084160,0.018087223
0.0011894566,0.15844727,2211.21,16.28,0.8360014706850052,965,4966,1.4000678,-0.006985707,635648,5503.260585069656,5085184,0.013687122
0.00093135267,0.15332031,2211.72,16.26,0.7738100439310074,971,4967,1.2974932,-0.008024726,635776,5504.31524515152,5086208,0.032594625
0.0006944461,0.10961914,2211.72,16.26,0.7738285660743713,971,4968,1.4027756,-0.007237552,635904,5505.3696303367615,5087232,0.020468803
0.001176965,0.1472168,2214.53,16.24,0.8644058406352997,926,4969,1.3642031,-0.008175008,636032,5506.4750554561615,5088256,0.0138333365
0.001267402,0.16918945,2214.53,16.24,0.810702919960022,950,4970,1.3392758,-0.009019002,636160,5507.5530552864075,5089280,0.026777996
0.00092530483,0.15454102,2214.53,16.24,0.7628573477268219,896,4971,1.3846453,-0.009788768,636288,5508.696017503738,5090304,0.024879396
0.00082129554,0.1262207,2221.14,16.15,0.8270833045244217,909,4972,1.4266698,-0.00921408,636416,5509.823004961014,5091328,0.01388723
0.0009284547,0.12792969,2216.36,16.18,0.8005703985691071,964,4973,1.2880702,-0.0073498273,636544,5510.885719060898,5092352,0.025832519
0.0007952552,0.122558594,2216.36,16.18,0.7950703352689743,964,4974,1.3555202,-0.0075486973,636672,5511.9486491680145,5093376,0.02262982
0.0008658251,0.114746094,2216.36,16.18,0.8828886821866035,977,4975,1.3155041,-0.007954739,636800,5512.997740745544,5094400,0.015460277
0.0010029327,0.1821289,2216.36,16.18,0.786225214600563,970,4976,1.3947401,-0.0074038114,636928,5514.053222417831,5095424,0.012891567
0.0007037028,0.1394043,2216.36,16.18,0.8831570670008659,925,4977,1.4206852,-0.007663145,637056,5515.160861730576,5096448,0.01075569
0.0010203635,0.16040039,2216.36,16.18,0.832114189863205,900,4978,1.432209,-0.0064781215,637184,5516.298765420914,5097472,0.0116500305
0.0012174444,0.16601562,2218.65,16.15,0.8006598055362701,902,4979,1.3139685,-0.006701833,637312,5517.433566093445,5098496,0.016275236
0.0012071688,0.16040039,2216.33,16.18,0.8744715452194214,930,4980,1.3076715,-0.0070424275,637440,5518.5353236198425,5099520,0.013865326
0.000700936,0.12426758,2211.68,16.18,0.7476822435855865,904,4981,1.3294288,-0.0071570924,637568,5519.668236732483,5100544,0.033838324
0.0010774675,0.16088867,2215.55,16.13,0.6924075782299042,940,4982,1.2552674,-0.0081389025,637696,5520.7573392391205,5101568,0.0370133
0.0008739332,0.16186523,2215.55,16.13,0.8279566168785095,966,4983,1.4427693,-0.007901452,637824,5521.817568778992,5102592,0.014019483
0.0008873631,0.13769531,2216.04,16.1,0.8517813831567764,898,4984,1.3445305,-0.0069195945,637952,5522.958069562912,5103616,0.013231873
0.0009570851,0.17456055,2206.1,16.16,0.8394797742366791,942,4985,1.3858159,-0.0077677155,638080,5524.045535087585,5104640,0.012924147
0.00087893597,0.14819336,2206.1,16.16,0.7704716622829437,959,4986,1.3544358,-0.00757227,638208,5525.113926410675,5105664,0.03563118
0.00091372844,0.14575195,2200.75,16.2,0.8829943314194679,955,4987,1.2987554,-0.006991121,638336,5526.1868550777435,5106688,0.009806999
0.0007566269,0.14257812,2200.75,16.2,0.8304965943098068,960,4988,1.3464667,-0.00669784,638464,5527.253299236298,5107712,0.0155706
0.00089057756,0.14941406,2200.75,16.2,0.9318343251943588,966,4989,1.4288527,-0.008730599,638592,5528.313040733337,5108736,0.005871269
0.0013216754,0.16430664,2200.75,16.2,0.7190605401992798,972,4990,1.3620354,-0.0066526285,638720,5529.367376089096,5109760,0.027944269
0.001081409,0.15942383,2200.75,16.2,0.7352193593978882,980,4991,1.3131652,-0.0065120095,638848,5530.412871599197,5110784,0.024428109
0.00084395555,0.13720703,2204.34,16.18,0.8515069782733917,901,4992,1.3939549,-0.006741233,638976,5531.549876213074,5111808,0.010873206
0.000838163,0.16748047,2204.34,16.18,0.9307309985160828,937,4993,1.4288273,-0.008132686,639104,5532.642987251282,5112832,0.003598897
0.00087171496,0.16601562,2204.34,16.18,0.7729025334119797,954,4994,1.4157658,-0.0069374433,639232,5533.716585636139,5113856,0.015657753
0.0010978281,0.14013672,2193.69,16.29,0.8154517412185669,964,4995,1.3051898,-0.0068689296,639360,5534.779048442841,5114880,0.023935543
0.00095013925,0.13842773,2188.16,16.29,0.8477343022823334,943,4996,1.2937269,-0.009104044,639488,5535.865355491638,5115904,0.014444096
0.0009418145,0.10913086,2188.16,16.29,0.8347266316413879,979,4997,1.3600794,-0.0060561197,639616,5536.911305904388,5116928,0.020505065
0.00091391697,0.15649414,2188.16,16.29,0.8308377265930176,941,4998,1.329264,-0.007592938,639744,5537.999354600906,5117952,0.020186782
0.0010596516,0.17016602,2188.16,16.29,0.9155272394418716,915,4999,1.4132898,-0.008554518,639872,5539.1191947460175,5118976,0.006298536
0.0009468774,0.14941406,2188.16,16.29,0.8583823889493942,912,5000,1.4027262,-0.0065660183,640000,5540.242941617966,5120000,0.009189957
0.0016729076,0.1706543,2188.15,16.32,0.7485230267047882,971,5001,1.3348346,-0.007334602,640128,5541.298094511032,5121024,0.03750944
0.0009713577,0.12207031,2184.81,16.35,0.7301346659660339,949,5002,1.2878418,-0.0053604967,640256,5542.376892328262,5122048,0.022053758
0.0010147894,0.21044922,2184.81,16.35,0.9079325497150421,981,5003,1.4030803,-0.00796507,640384,5543.420604705811,5123072,0.0049132337
0.0015857933,0.17675781,2184.81,16.35,0.8262402415275574,963,5004,1.384393,-0.007748754,640512,5544.4838581085205,5124096,0.016137509
0.0012811457,0.16699219,2186.73,16.33,0.8155581504106522,964,5005,1.2929114,-0.008462004,640640,5545.5462210178375,5125120,0.023994453
0.0011694308,0.13916016,2186.73,16.33,0.7503062635660172,960,5006,1.1578262,-0.008452392,640768,5546.612849712372,5126144,0.034372024
0.0010423706,0.1616211,2185.66,16.33,0.7116642892360687,913,5007,1.3971791,-0.008011121,640896,5547.734989643097,5127168,0.016267449
0.0013167227,0.17797852,2184.47,16.34,0.8481868952512741,913,5008,1.2592455,-0.008933758,641024,5548.857307672501,5128192,0.018166933
0.0008845483,0.16259766,2184.47,16.34,0.8333912491798401,979,5009,1.4107406,-0.008641896,641152,5549.904003620148,5129216,0.017282499
0.00083017326,0.15014648,2184.47,16.34,0.7923500388860703,958,5010,1.3243905,-0.0066061276,641280,5550.972952365875,5130240,0.017815573
0.0014362329,0.16479492,2184.47,16.34,0.6622221171855927,965,5011,1.3143964,-0.0070557334,641408,5552.034722805023,5131264,0.04329667
0.001061776,0.14990234,2181.69,16.33,0.839910700917244,963,5012,1.3611,-0.0074204006,641536,5553.09811091423,5132288,0.015333248
0.001016804,0.13989258,2181.69,16.33,0.7857173681259155,965,5013,1.3856539,-0.006917832,641664,5554.159832239151,5133312,0.013361829
0.0008682498,0.15332031,2177.03,16.36,0.80853471159935,903,5014,1.393462,-0.0071825422,641792,5555.294455051422,5134336,0.015322836
0.0010058155,0.15478516,2180.25,16.31,0.7833392471075058,932,5015,1.2761753,-0.008899802,641920,5556.393459558487,5135360,0.019994535
0.00089838024,0.14501953,2180.25,16.31,0.8480157256126404,958,5016,1.3736043,-0.008701658,642048,5557.4628393650055,5136384,0.017774649
0.00091341767,0.13208008,2180.25,16.31,0.7318532466888428,967,5017,1.2893919,-0.008676669,642176,5558.522208452225,5137408,0.035576463
0.0011599878,0.16870117,2180.25,16.31,0.8609176278114319,969,5018,1.3033493,-0.00819497,642304,5559.579571247101,5138432,0.018532058
0.00091852865,0.12670898,2189.3,16.25,0.7443698644638062,952,5019,1.3450184,-0.009096034,642432,5560.655249118805,5139456,0.030447742
0.0010195094,0.16674805,2189.3,16.25,0.6993314027786255,955,5020,1.34234,-0.007211633,642560,5561.727465391159,5140480,0.029011156
0.00079920597,0.1352539,2189.3,16.25,0.7499489784240723,964,5021,1.3352365,-0.0058442154,642688,5562.789457321167,5141504,0.026034521
0.000969788,0.14868164,2186.52,16.23,0.8437351286411285,897,5022,1.3387024,-0.008642654,642816,5563.931002616882,5142528,0.015359326
0.0009877996,0.17944336,2192.09,16.2,0.7986224591732025,956,5023,1.2882086,-0.008517634,642944,5565.002055644989,5143552,0.021351911
0.0010312776,0.14672852,2192.09,16.2,0.8090421110391617,962,5024,1.342788,-0.007378022,643072,5566.066970348358,5144576,0.025272371
0.0012096144,0.18334961,2192.09,16.2,0.7693629413843155,955,5025,1.2530425,-0.008319691,643200,5567.139028787613,5145600,0.032533847
0.0011192879,0.14868164,2192.09,16.2,0.7139716148376465,952,5026,1.3612994,-0.0075389748,643328,5568.214458942413,5146624,0.024989387
0.0010623035,0.15014648,2192.09,16.2,0.758546844124794,907,5027,1.2970738,-0.008791163,643456,5569.343943595886,5147648,0.033619232
0.001020685,0.15063477,2192.09,16.2,0.43662697076797485,907,5028,1.1922039,-0.008216042,643584,5570.473284482956,5148672,0.06521129
0.0009779063,0.16040039,2195.09,16.17,0.7655000388622284,959,5029,1.3934664,-0.0073915385,643712,5571.541263103485,5149696,0.015805274
0.0010748077,0.18383789,2195.09,16.17,0.8655777424573898,960,5030,1.3024137,-0.0078753345,643840,5572.608488559723,5150720,0.018200014
0.001176589,0.17456055,2194.92,16.15,0.8259396702051163,960,5031,1.3138449,-0.009375678,643968,5573.675712823868,5151744,0.020429078
0.0008402583,0.17041016,2194.92,16.15,0.8537311404943466,937,5032,1.3379443,-0.0073035993,644096,5574.768638372421,5152768,0.016171053
0.0009070843,0.14648438,2194.92,16.15,0.8505531996488571,962,5033,1.3120999,-0.008171051,644224,5575.833653211594,5153792,0.019561412
0.0008763529,0.17382812,2194.92,16.15,0.8962570056319237,914,5034,1.3930923,-0.007410182,644352,5576.9541347026825,5154816,0.007805503
0.0009238011,0.16357422,2194.92,16.15,0.8222185224294662,925,5035,1.371213,-0.008288503,644480,5578.061395168304,5155840,0.016845543
0.0009269194,0.14624023,2196.38,16.14,0.8009376525878906,892,5036,1.348277,-0.0077887224,644608,5579.209281206131,5156864,0.019239573
0.0013546745,0.14135742,2196.77,16.09,0.8378870636224747,896,5037,1.372319,-0.007111338,644736,5580.352777957916,5157888,0.017377948
0.0010408373,0.16259766,2196.77,16.09,0.7371922731399536,930,5038,1.273911,-0.007819596,644864,5581.453884601593,5158912,0.033712097
0.00088276167,0.16577148,2194.14,16.11,0.8101615458726883,962,5039,1.3723408,-0.009080865,644992,5582.518695354462,5159936,0.018384308
0.0012383701,0.1875,2200.94,16.02,0.794645220041275,947,5040,1.3086567,-0.008544471,645120,5583.60035943985,5160960,0.021796145
0.0007487316,0.14501953,2200.94,16.02,0.8538506925106049,975,5041,1.4043317,-0.007603226,645248,5584.650715589523,5161984,0.008801765
0.0010748417,0.16381836,2200.94,16.02,0.9256955832242966,961,5042,1.4067097,-0.00707621,645376,5585.716723918915,5163008,0.0037578065
0.0009725329,0.14648438,2200.94,16.02,0.8293040245771408,965,5043,1.3946855,-0.006707415,645504,5586.778596401215,5164032,0.013095986
0.00074459566,0.12597656,2208.17,15.96,0.7962984144687653,957,5044,1.3840954,-0.0077431486,645632,5587.848927974701,5165056,0.021568025
0.00087892433,0.13110352,2204.2,16.0,0.6866227984428406,969,5045,1.2211179,-0.007920623,645760,5588.905669927597,5166080,0.029430062
0.00090638775,0.17285156,2204.2,16.0,0.805514469742775,975,5046,1.4244254,-0.008452785,645888,5589.956157207489,5167104,0.014063457
0.0013988041,0.16601562,2204.2,16.0,0.7612421959638596,961,5047,1.3514608,-0.0065093804,646016,5591.021575689316,5168128,0.02664974
0.0012140704,0.1652832,2204.2,16.0,0.815973311662674,952,5048,1.3441539,-0.008072957,646144,5592.097325801849,5169152,0.014579253
0.0008770011,0.14672852,2204.2,16.0,0.7315561175346375,964,5049,1.3862435,-0.006466313,646272,5593.159958362579,5170176,0.021962933
0.001053274,0.14233398,2208.03,15.95,0.8401949405670166,954,5050,1.3650662,-0.008065875,646400,5594.233235120773,5171200,0.015188277
0.0010282651,0.15527344,2208.03,15.95,0.9307502061128616,971,5051,1.3745435,-0.0074615716,646528,5595.288204908371,5172224,0.0050657284
0.0009178479,0.16186523,2204.3,16.0,0.9352812170982361,944,5052,1.4318206,-0.009499473,646656,5596.3729820251465,5173248,0.003108362
0.00064105657,0.12915039,2204.3,16.0,0.916020929813385,934,5053,1.3888288,-0.0069349045,646784,5597.469848155975,5174272,0.007287905
0.0012156845,0.1628418,2205.16,16.0,0.7087912857532501,919,5054,1.309584,-0.0076354477,646912,5598.583632707596,5175296,0.034296904
0.0010192869,0.1538086,2205.16,16.0,0.8871350139379501,923,5055,1.3775738,-0.0073961653,647040,5599.693161725998,5176320,0.012448293
0.0010895279,0.15039062,2206.54,15.98,0.7904655784368515,907,5056,1.317365,-0.008179583,647168,5600.822602748871,5177344,0.021490691
0.000990177,0.13989258,2206.54,15.98,0.75806525349617,914,5057,1.3134079,-0.0073431586,647296,5601.9431183338165,5178368,0.025881222
0.0009316598,0.15209961,2200.95,16.02,0.7828353196382523,946,5058,1.3315749,-0.008126816,647424,5603.025386810303,5179392,0.023553029
0.0011255096,0.16870117,2192.35,16.08,0.7424671351909637,949,5059,1.2058991,-0.008671747,647552,5604.104635000229,5180416,0.029122632
0.0009148975,0.1484375,2192.35,16.08,0.7377856075763702,899,5060,1.3175522,-0.008321626,647680,5605.24406337738,5181440,0.023804842
0.0013498847,0.13720703,2192.35,16.08,0.7472085356712341,913,5061,1.2668679,-0.006228409,647808,5606.366091966629,5182464,0.030258382
0.0008542813,0.15161133,2192.35,16.08,0.8263921737670898,907,5062,1.3619756,-0.008133246,647936,5607.4954199790955,5183488,0.010648045
0.0009738966,0.15673828,2192.35,16.08,0.8244499862194061,909,5063,1.3867792,-0.008324752,648064,5608.622441291809,5184512,0.0117835775
0.00093900214,0.1640625,2192.35,16.08,0.818458080291748,898,5064,1.3654282,-0.007382829,648192,5609.762667894363,5185536,0.0234564
0.0009829472,0.14379883,2192.35,16.08,0.764675572514534,929,5065,1.2382154,-0.008848792,648320,5610.864662885666,5186560,0.029257774
0.00074926275,0.1105957,2192.75,16.06,0.8346078395843506,911,5066,1.2716954,-0.0070855813,648448,5611.989006280899,5187584,0.016001863
0.0007928245,0.13305664,2192.75,16.06,0.7984649389982224,952,5067,1.3155955,-0.007474176,648576,5613.064959049225,5188608,0.020953748
0.0008889499,0.12646484,2192.22,16.06,0.7201752364635468,905,5068,1.3519692,-0.0061495434,648704,5614.196852684021,5189632,0.01857644
0.00071957,0.12036133,2192.22,16.06,0.7898333221673965,955,5069,1.4140936,-0.0065376298,648832,5615.269595384598,5190656,0.018185565
0.0007865331,0.14868164,2192.22,16.06,0.9142577275633812,917,5070,1.3432014,-0.008015415,648960,5616.38668346405,5191680,0.0058681616
0.00078496215,0.15185547,2191.78,16.08,0.8129982948303223,905,5071,1.4222965,-0.0070167743,649088,5617.5185351371765,5192704,0.009813435
0.0012494666,0.1472168,2191.3,16.1,0.761588916182518,951,5072,1.2790335,-0.008515198,649216,5618.59570980072,5193728,0.022598881
0.0012223322,0.15673828,2191.3,16.1,0.6354493200778961,984,5073,1.2843357,-0.0076841665,649344,5619.636248350143,5194752,0.036684588
0.0011709535,0.18896484,2197.24,16.06,0.7586254477500916,952,5074,1.2907883,-0.008065389,649472,5620.711541891098,5195776,0.022343973
0.0016429478,0.19042969,2201.07,16.03,0.8020353019237518,932,5075,1.1999557,-0.008353159,649600,5621.810807466507,5196800,0.023025565
0.00084026216,0.12060547,2199.63,16.07,0.8162918835878372,933,5076,1.3317218,-0.0073822076,649728,5622.908532857895,5197824,0.017565507
0.0007922241,0.12133789,2202.68,16.06,0.687820166349411,967,5077,1.3275139,-0.007878865,649856,5623.967530012131,5198848,0.030466313
0.00076078146,0.13671875,2202.68,16.06,0.8132263571023941,945,5078,1.3908238,-0.008805906,649984,5625.050939321518,5199872,0.017807657
0.00085157,0.13916016,2202.68,16.06,0.8886704668402672,947,5079,1.3592199,-0.009100953,650112,5626.132751464844,5200896,0.009789223
0.00082496926,0.14990234,2202.68,16.06,0.8193946033716202,926,5080,1.3767956,-0.006781471,650240,5627.239362955093,5201920,0.015425643
0.0011354936,0.15161133,2202.68,16.06,0.8082949668169022,908,5081,1.301913,-0.00807231,650368,5628.367097854614,5202944,0.024652243
0.00093379675,0.16455078,2202.68,16.06,0.7456092536449432,908,5082,1.2573111,-0.008793518,650496,5629.494889497757,5203968,0.026321426
0.0007995289,0.13623047,2199.81,16.09,0.7395165264606476,943,5083,1.343729,-0.008287946,650624,5630.580398797989,5204992,0.023021871
0.0008550557,0.1640625,2199.81,16.09,0.8265083581209183,946,5084,1.3200663,-0.00834755,650752,5631.663402080536,5206016,0.016821925
0.0012711352,0.12524414,2199.81,16.09,0.8498358577489853,897,5085,1.324039,-0.0076961387,650880,5632.804707765579,5207040,0.015939672
0.0012179003,0.17919922,2199.81,16.09,0.7913514971733093,910,5086,1.3101008,-0.007465953,651008,5633.92998623848,5208064,0.026832888
0.0009877871,0.16894531,2199.81,16.09,0.8415501117706299,984,5087,1.2820781,-0.008496251,651136,5634.971339225769,5209088,0.015382552
0.0010764349,0.13842773,2199.81,16.09,0.8120389133691788,982,5088,1.4079058,-0.007882032,651264,5636.014376401901,5210112,0.015319904
0.00082743674,0.13745117,2198.56,16.09,0.798403188586235,964,5089,1.3812476,-0.0072344095,651392,5637.07657289505,5211136,0.017047998
0.0015408932,0.1887207,2198.56,16.09,0.8303723186254501,973,5090,1.2835234,-0.00938151,651520,5638.129958152771,5212160,0.02050175
0.0010235815,0.15991211,2202.93,16.09,0.7759033143520355,960,5091,1.2497389,-0.0075752377,651648,5639.196339130402,5213184,0.026328811
0.0008736427,0.15698242,2202.93,16.09,0.8451851904392242,970,5092,1.3865584,-0.0077958433,651776,5640.251937627792,5214208,0.016388314
0.00094994245,0.14453125,2202.93,16.09,0.7638246864080429,963,5093,1.267655,-0.007405594,651904,5641.315061807632,5215232,0.027191166
0.000810432,0.1352539,2217.43,16.04,0.8353643119335175,905,5094,1.2873509,-0.0057286266,652032,5642.446519613266,5216256,0.016214725
0.0009962518,0.16210938,2217.43,16.04,0.8052423894405365,942,5095,1.3937219,-0.007001028,652160,5643.5336928367615,5217280,0.015660115
0.0006552374,0.13183594,2217.43,16.04,0.8073882907629013,961,5096,1.363722,-0.006742171,652288,5644.599752902985,5218304,0.018872999
0.0010396669,0.12768555,2211.62,16.14,0.8256022185087204,941,5097,1.3432535,-0.006495713,652416,5645.688289642334,5219328,0.017113924
0.0009607617,0.11767578,2211.62,16.14,0.7606063187122345,964,5098,1.2954787,-0.007804288,652544,5646.750922203064,5220352,0.0314692
0.0008343639,0.13989258,2211.62,16.14,0.7867364138364792,923,5099,1.3442576,-0.0069332593,652672,5647.860029459,5221376,0.020592973
0.00084946473,0.16064453,2210.51,16.17,0.7471558749675751,939,5100,1.2856963,-0.007604827,652800,5648.951141119003,5222400,0.021217715
0.0008845275,0.12182617,2210.51,16.17,0.8984274938702583,970,5101,1.3410269,-0.0073052295,652928,5650.00714802742,5223424,0.008717811
0.0008218029,0.16967773,2210.51,16.17,0.8439244031906128,969,5102,1.4001932,-0.007816709,653056,5651.063673019409,5224448,0.010579791
0.00087743904,0.17626953,2210.51,16.17,0.8580601364374161,927,5103,1.3769157,-0.007933829,653184,5652.168989896774,5225472,0.010321504
0.00072245166,0.1459961,2209.76,16.17,0.6389607191085815,940,5104,1.3530205,-0.006354153,653312,5653.25893330574,5226496,0.030752791
0.0008627345,0.12841797,2209.76,16.17,0.6430192291736603,946,5105,1.269014,-0.009067838,653440,5654.341425895691,5227520,0.03860403
0.0011785855,0.13110352,2209.76,16.17,0.845578134059906,920,5106,1.292664,-0.007513321,653568,5655.454514503479,5228544,0.017708989
0.00072470447,0.13720703,2209.76,16.17,0.8552497625350952,971,5107,1.3357815,-0.006300385,653696,5656.509587287903,5229568,0.014197114
0.0010282005,0.12207031,2209.76,16.17,0.7586575150489807,925,5108,1.3181126,-0.008655334,653824,5657.616552591324,5230592,0.024973826
0.0010556063,0.16064453,2199.32,16.32,0.8965597674250603,930,5109,1.3445145,-0.008992613,653952,5658.717411279678,5231616,0.010144379
0.0012169313,0.17919922,2199.32,16.32,0.7792663127183914,942,5110,1.2664355,-0.0069042654,654080,5659.804302453995,5232640,0.021622134
0.0009526059,0.1303711,2199.32,16.32,0.7950193881988525,912,5111,1.2546364,-0.008717755,654208,5660.926828861237,5233664,0.02566022
0.0009828634,0.16015625,2199.32,16.32,0.7178927659988403,892,5112,1.3660755,-0.0069572115,654336,5662.074332714081,5234688,0.027531445
0.00084765395,0.14257812,2200.85,16.32,0.8404586762189865,970,5113,1.35467,-0.008200058,654464,5663.130352735519,5235712,0.017706893
0.0010781841,0.18701172,2200.85,16.32,0.8770574107766151,967,5114,1.3053774,-0.0088996785,654592,5664.190014839172,5236736,0.011824739
0.00097389484,0.16430664,2206.93,16.28,0.8207122534513474,934,5115,1.3468114,-0.009084499,654720,5665.286741733551,5237760,0.0153184235
0.001042241,0.13598633,2206.93,16.28,0.7688718289136887,958,5116,1.3234148,-0.0068331305,654848,5666.35551905632,5238784,0.022839671
0.00086722744,0.12866211,2206.93,16.28,0.8067757487297058,963,5117,1.3537782,-0.006851918,654976,5667.419410943985,5239808,0.016225547
0.00075964234,0.14135742,2206.93,16.28,0.8788793981075287,942,5118,1.374081,-0.008710761,655104,5668.5067019462585,5240832,0.012011587
0.000990134,0.14575195,2206.93,16.28,0.8280300498008728,896,5119,1.3424251,-0.009110323,655232,5669.649027347565,5241856,0.017312039
0.0009175297,0.15844727,2211.82,16.3,0.8161707073450089,892,5120,1.3406442,-0.006509414,655360,5670.797114372253,5242880,0.016111825
0.0010193582,0.12060547,2211.82,16.3,0.8272283226251602,905,5121,1.373169,-0.007140165,655488,5671.928546190262,5243904,0.015733944
0.0008055882,0.13427734,2211.82,16.3,0.8602426946163177,962,5122,1.35939,-0.008773082,655616,5672.993295907974,5244928,0.015675511
0.0008677641,0.14746094,2213.01,16.33,0.6164370179176331,958,5123,1.3451953,-0.007596068,655744,5674.061884880066,5245952,0.048645213
0.000791077,0.13110352,2213.01,16.33,0.6886571943759918,957,5124,1.3840789,-0.007727777,655872,5675.131833553314,5246976,0.029979547
0.0009298551,0.13549805,2212.82,16.36,0.8050399869680405,915,5125,1.3345451,-0.0068853046,656000,5676.2509553432465,5248000,0.014861014
0.00077136233,0.15185547,2212.82,16.36,0.8828086405992508,946,5126,1.3666191,-0.008287356,656128,5677.333469152451,5249024,0.01426382
0.00067980785,0.13061523,2212.82,16.36,0.7922372370958328,912,5127,1.3520131,-0.0068385606,656256,5678.456944942474,5250048,0.018787818
0.0006556632,0.11401367,2215.97,16.29,0.7333154678344727,926,5128,1.3434707,-0.0074203312,656384,5679.562943220139,5251072,0.028367328
0.0010448415,0.15283203,2215.97,16.29,0.8104509860277176,967,5129,1.396033,-0.007747507,656512,5680.621952295303,5252096,0.015841762
0.00067289977,0.10913086,2215.62,16.28,0.8093997985124588,914,5130,1.3563244,-0.0073789046,656640,5681.742404937744,5253120,0.021509152
0.0009149503,0.125,2214.32,16.28,0.753194198012352,899,5131,1.3069901,-0.0071557527,656768,5682.881975650787,5254144,0.026041945
0.0008692876,0.1274414,2214.32,16.28,0.84233258664608,902,5132,1.3517814,-0.0070130867,656896,5684.017516136169,5255168,0.017080884
0.0012634259,0.17382812,2215.03,16.32,0.8956476226449013,943,5133,1.326444,-0.009248164,657024,5685.103045940399,5256192,0.0105671445
0.0007881826,0.14819336,2215.03,16.32,0.8895082399249077,946,5134,1.3447168,-0.00898205,657152,5686.185450077057,5257216,0.014512544
0.0012268869,0.13598633,2215.03,16.32,0.8393689393997192,967,5135,1.2780576,-0.00792264,657280,5687.245099782944,5258240,0.024293035
0.00094632397,0.13867188,2203.3,16.38,0.7609390616416931,944,5136,1.2632546,-0.008122767,657408,5688.329733371735,5259264,0.034014918
0.0010485767,0.15625,2203.3,16.38,0.8253254890441895,963,5137,1.2558364,-0.008249785,657536,5689.393797874451,5260288,0.02326421
0.00072269567,0.12939453,2203.3,16.38,0.8736153542995453,961,5138,1.3576186,-0.008475447,657664,5690.46010518074,5261312,0.01212032
0.0019322087,0.21142578,2203.3,16.38,0.8343810737133026,966,5139,1.3496633,-0.0074765254,657792,5691.520547389984,5262336,0.01972602
0.0010530304,0.18286133,2203.3,16.38,0.852103054523468,921,5140,1.3523486,-0.0076771644,657920,5692.632050275803,5263360,0.016312903
0.00094476657,0.14746094,2203.3,16.38,0.74574014544487,927,5141,1.3699194,-0.00775481,658048,5693.736414670944,5264384,0.021458881
0.000649733,0.13183594,2203.3,16.38,0.7815205901861191,961,5142,1.3854865,-0.0058047734,658176,5694.80201292038,5265408,0.017062765
0.001069253,0.18261719,2205.03,16.35,0.7853547036647797,893,5143,1.3366727,-0.0068757124,658304,5695.949154615402,5266432,0.02194888
0.00097562734,0.14941406,2205.03,16.35,0.8526633679866791,972,5144,1.364845,-0.007966294,658432,5697.003029584885,5267456,0.019035839
0.0006275279,0.12866211,2205.03,16.35,0.8059085160493851,931,5145,1.3733016,-0.0068742097,658560,5698.102984905243,5268480,0.022750348
0.00051370834,0.109375,2205.03,16.35,0.903551273047924,966,5146,1.3813754,-0.0068751974,658688,5699.1637325286865,5269504,0.0085966475
0.000816821,0.119140625,2201.3,16.36,0.8137494474649429,965,5147,1.3611473,-0.0067541,658816,5700.225202798843,5270528,0.018661289
0.00074585405,0.1340332,2201.3,16.36,0.7450287044048309,969,5148,1.3123877,-0.0066643525,658944,5701.282559871674,5271552,0.026155395
0.00090845017,0.1472168,2201.3,16.36,0.8030708581209183,977,5149,1.3950346,-0.0065584444,659072,5702.330679655075,5272576,0.014932275
0.0008655273,0.16430664,2201.09,16.37,0.7511146664619446,949,5150,1.2887192,-0.006825742,659200,5703.409952402115,5273600,0.030731987
0.0010467989,0.16992188,2201.09,16.37,0.8124093860387802,975,5151,1.2621974,-0.008841328,659328,5704.46054315567,5274624,0.021312991
0.0009923766,0.16259766,2201.09,16.37,0.6950968205928802,957,5152,1.2816036,-0.008436242,659456,5705.530688285828,5275648,0.039883155
0.000841694,0.13183594,2201.09,16.37,0.8488724231719971,969,5153,1.3179293,-0.007210028,659584,5706.587566375732,5276672,0.019675503
0.0023442828,0.14379883,2207.21,16.35,0.6945054531097412,932,5154,1.261077,-0.007007758,659712,5707.686099529266,5277696,0.03806689
0.000807219,0.12646484,2207.21,16.35,0.7656194269657135,930,5155,1.3856831,-0.006286635,659840,5708.7869346141815,5278720,0.021751223
0.0007159547,0.1550293,2207.21,16.35,0.808061346411705,905,5156,1.3918381,-0.0061166976,659968,5709.918239593506,5279744,0.016982608
0.0007883017,0.14697266,2207.21,16.35,0.8428520113229752,977,5157,1.3343585,-0.0067563504,660096,5710.966618299484,5280768,0.014412986
0.0006193926,0.119628906,2207.21,16.35,0.9006027057766914,965,5158,1.4125248,-0.007617427,660224,5712.028281927109,5281792,0.010577406
0.00078251224,0.125,2227.53,16.11,0.772762656211853,958,5159,1.3280544,-0.0074276743,660352,5713.09755897522,5282816,0.025002372
0.0010464325,0.14648438,2228.64,16.1,0.792130246758461,911,5160,1.3626378,-0.008128878,660480,5714.222075223923,5283840,0.018347751
0.0007696437,0.14233398,2222.59,16.14,0.8349552601575851,943,5161,1.392489,-0.006341518,660608,5715.308010339737,5284864,0.010798083
0.0010361616,0.15991211,2221.39,16.18,0.8336532711982727,950,5162,1.3774189,-0.008345969,660736,5716.385848045349,5285888,0.017789247
0.0009167009,0.14672852,2212.53,16.28,0.7400712370872498,954,5163,1.2894568,-0.008757279,660864,5717.459406375885,5286912,0.028881378
0.0011196134,0.15405273,2212.53,16.28,0.8254995197057724,973,5164,1.2641019,-0.008283871,660992,5718.512399435043,5287936,0.022215785
0.0009130243,0.12158203,2212.53,16.28,0.7311558723449707,961,5165,1.3558394,-0.007041316,661120,5719.578156471252,5288960,0.026903642
0.0006928929,0.13891602,2212.53,16.28,0.9135678112506866,969,5166,1.4046755,-0.00750467,661248,5720.63489484787,5289984,0.0073543503
0.0008457039,0.14916992,2212.53,16.28,0.744690477848053,974,5167,1.3658899,-0.006105763,661376,5721.686230182648,5291008,0.016977724
0.00082913134,0.12719727,2212.53,16.28,0.8757986798882484,963,5168,1.3602746,-0.008248543,661504,5722.750059604645,5292032,0.016133664
0.00060596474,0.11010742,2212.53,16.28,0.6998962461948395,966,5169,1.3475443,-0.0066767926,661632,5723.810399055481,5293056,0.02640103
0.0008554854,0.15673828,2209.93,16.3,0.8621616810560226,945,5170,1.3702549,-0.008492057,661760,5724.893696784973,5294080,0.014234365
0.0007026549,0.13256836,2209.93,16.3,0.7558094412088394,947,5171,1.3283296,-0.0053325803,661888,5725.975001811981,5295104,0.02289299
0.0009373262,0.15332031,2218.13,16.28,0.8337361961603165,937,5172,1.3167694,-0.007881961,662016,5727.068352937698,5296128,0.021203546
0.0010193061,0.13647461,2218.13,16.28,0.7932762801647186,974,5173,1.3386309,-0.0064683785,662144,5728.119633436203,5297152,0.025614198
0.0009327865,0.16088867,2211.87,16.33,0.8002573251724243,947,5174,1.3083942,-0.007307015,662272,5729.201428413391,5298176,0.025673829
0.00079869776,0.1303711,2211.87,16.33,0.8030235916376114,967,5175,1.344014,-0.0071182805,662400,5730.260818243027,5299200,0.016506685
0.001231059,0.1796875,2211.87,16.33,0.7737068235874176,958,5176,1.3421531,-0.0067406143,662528,5731.329896688461,5300224,0.021115188
0.000959117,0.13134766,2213.51,16.35,0.791945293545723,945,5177,1.3033065,-0.008390597,662656,5732.413407564163,5301248,0.030419845
0.0009791511,0.1430664,2213.51,16.35,0.7426225543022156,960,5178,1.3635621,-0.00718152,662784,5733.480677127838,5302272,0.032335345
0.00090221176,0.1418457,2213.51,16.35,0.8760558366775513,969,5179,1.3372451,-0.0067759687,662912,5734.537508010864,5303296,0.014562448
0.0006416442,0.12133789,2213.55,16.33,0.758866474032402,951,5180,1.3583397,-0.0065980605,663040,5735.615013122559,5304320,0.028774576
0.0008630683,0.123535156,2213.55,16.33,0.7428937256336212,979,5181,1.3533381,-0.007297546,663168,5736.661228656769,5305344,0.024042634
0.0009992989,0.12036133,2224.22,16.26,0.8543585687875748,921,5182,1.2726398,-0.007478873,663296,5737.773412942886,5306368,0.017126553
0.00080115086,0.1496582,2224.22,16.26,0.8376604169607162,944,5183,1.2571422,-0.008392942,663424,5738.85880279541,5307392,0.023764111
0.0007211912,0.115234375,2224.22,16.26,0.8010972142219543,914,5184,1.3675735,-0.0064389003,663552,5739.979768276215,5308416,0.016750725
0.0010541094,0.16601562,2224.22,16.26,0.8494264036417007,939,5185,1.3274355,-0.00857338,663680,5741.071002244949,5309440,0.02096489
0.0008118277,0.13671875,2224.22,16.26,0.812396302819252,940,5186,1.3220886,-0.008127955,663808,5742.161257505417,5310464,0.027028818
0.001175315,0.17480469,2224.22,16.26,0.8318551182746887,933,5187,1.34053,-0.0075111142,663936,5743.259109258652,5311488,0.022779118
0.0009878062,0.17651367,2210.07,16.38,0.8196191638708115,916,5188,1.3184901,-0.0075736037,664064,5744.377660512924,5312512,0.020544853
0.00082992326,0.16015625,2210.07,16.38,0.7462881803512573,959,5189,1.372604,-0.007212304,664192,5745.445789575577,5313536,0.019770844
0.0010570331,0.14648438,2210.07,16.38,0.8957260400056839,924,5190,1.4279058,-0.0073878965,664320,5746.554637670517,5314560,0.013530872
0.0010645193,0.1394043,2210.07,16.38,0.855370506644249,928,5191,1.4072825,-0.0075518396,664448,5747.657666683197,5315584,0.01044797
0.0009591641,0.1652832,2219.1,16.26,0.7695479393005371,959,5192,1.356699,-0.006930666,664576,5748.7261328697205,5316608,0.026895076
0.0013077734,0.17773438,2216.69,16.28,0.9147830083966255,962,5193,1.355715,-0.008145666,664704,5749.790377616882,5317632,0.011812605
0.0008685582,0.13598633,2218.88,16.26,0.7789119482040405,946,5194,1.2980659,-0.0072225463,664832,5750.873150587082,5318656,0.033892144
0.0008406219,0.15942383,2217.45,16.27,0.716833621263504,967,5195,1.3368076,-0.0072075045,664960,5751.932192802429,5319680,0.035043932
0.0008389963,0.15112305,2217.45,16.27,0.8259252905845642,965,5196,1.2514144,-0.007195556,665088,5753.092513799667,5320704,0.02262985
0.00061675225,0.12963867,2217.45,16.27,0.8800700604915619,958,5197,1.352752,-0.008566804,665216,5754.162086725235,5321728,0.015196592
0.0008509918,0.13989258,2217.45,16.27,0.9050158634781837,934,5198,1.3363533,-0.009102792,665344,5755.258487939835,5322752,0.011165432
0.00067435915,0.1262207,2217.45,16.27,0.8061530739068985,962,5199,1.3891675,-0.007579712,665472,5756.32293343544,5323776,0.023804724
0.0008187634,0.18823242,2217.45,16.27,0.8856875225901604,962,5200,1.4155973,-0.007631506,665600,5757.387812137604,5324800,0.0061942185
0.0006721756,0.12109375,2216.51,16.26,0.7465453445911407,921,5201,1.3816472,-0.005842752,665728,5758.499324798584,5325824,0.013632255
0.00081055553,0.13183594,2216.51,16.26,0.7841407656669617,969,5202,1.3790257,-0.0063813496,665856,5759.556432723999,5326848,0.029384675
0.0006532565,0.1274414,2216.51,16.26,0.7617581933736801,982,5203,1.3097676,-0.007832538,665984,5760.599552631378,5327872,0.023841292
0.0006442807,0.14501953,2216.51,16.26,0.8119765818119049,970,5204,1.3843968,-0.007963017,666112,5761.655118942261,5328896,0.0221954
0.00091403694,0.14672852,2225.88,16.06,0.7710143178701401,961,5205,1.2095615,-0.007839103,666240,5762.720871210098,5329920,0.037827164
0.0007258918,0.1394043,2230.47,16.04,0.7830316424369812,953,5206,1.2693064,-0.006830921,666368,5763.795586109161,5330944,0.027542267
0.0007891059,0.1640625,2230.47,16.04,0.7897165268659592,972,5207,1.3682535,-0.008237675,666496,5764.848791599274,5331968,0.022837806
0.00095311174,0.15820312,2230.47,16.04,0.7583324313163757,933,5208,1.3385626,-0.008805744,666624,5765.946430444717,5332992,0.027576208
0.0009439066,0.15258789,2230.47,16.04,0.719329833984375,948,5209,1.3436975,-0.0067584747,666752,5767.027039051056,5334016,0.037204403
0.0015542242,0.20874023,2230.47,16.04,0.7380660474300385,946,5210,1.3531328,-0.008495575,666880,5768.109337568283,5335040,0.02529169
0.0008279229,0.1484375,2228.45,16.03,0.7454761862754822,966,5211,1.2433887,-0.007128785,667008,5769.170264005661,5336064,0.027983949
0.0009008716,0.15258789,2240.0,15.95,0.7531930655241013,950,5212,1.2704873,-0.008194868,667136,5770.24812245369,5337088,0.024263507
0.0011449858,0.15722656,2240.0,15.95,0.7957303673028946,972,5213,1.2805463,-0.007114685,667264,5771.302325248718,5338112,0.02316647
0.0012011934,0.18115234,2240.0,15.95,0.8462480455636978,935,5214,1.3939105,-0.007865032,667392,5772.397422552109,5339136,0.009952134
0.00086018635,0.15673828,2240.0,15.95,0.7707531750202179,937,5215,1.390659,-0.005939465,667520,5773.490363121033,5340160,0.014179168
0.00092986086,0.14526367,2240.0,15.95,0.7528917342424393,947,5216,1.3637831,-0.0075726705,667648,5774.57222700119,5341184,0.01917459
0.000829556,0.15478516,2240.0,15.95,0.8589421063661575,939,5217,1.3401738,-0.007935181,667776,5775.662595272064,5342208,0.022064516
0.0009630434,0.14990234,2240.0,15.95,0.7682647109031677,916,5218,1.3153504,-0.004691332,667904,5776.781034946442,5343232,0.021476883
0.0007171961,0.13061523,2244.46,15.92,0.8097854852676392,906,5219,1.3823231,-0.0053847674,668032,5777.910875082016,5344256,0.017656406
0.000723848,0.15283203,2241.97,15.93,0.8987224474549294,902,5220,1.379241,-0.0076086065,668160,5779.046084880829,5345280,0.0053178645
0.0007368449,0.1262207,2241.97,15.93,0.9043463692069054,919,5221,1.3581368,-0.0065542255,668288,5780.160833835602,5346304,0.010514698
0.0010167947,0.1586914,2241.97,15.93,0.8695567399263382,903,5222,1.340857,-0.008041443,668416,5781.294388771057,5347328,0.014568759
0.0011460325,0.12866211,2241.18,15.95,0.735469400882721,924,5223,1.2933061,-0.0074783396,668544,5782.402610063553,5348352,0.03246055
0.000841229,0.14746094,2241.18,15.95,0.7167388796806335,901,5224,1.261951,-0.007300358,668672,5783.538888216019,5349376,0.03722732
0.00073650933,0.14648438,2238.91,15.99,0.7966732084751129,905,5225,1.3434976,-0.0068736896,668800,5784.67049241066,5350400,0.016805058
0.00079965,0.13842773,2238.91,15.99,0.7631547600030899,923,5226,1.321749,-0.0076907165,668928,5785.780497550964,5351424,0.02662563
0.00091660157,0.13745117,2238.91,15.99,0.7581219375133514,964,5227,1.317425,-0.0073590674,669056,5786.843415260315,5352448,0.032797553
0.0009782126,0.1628418,2238.91,15.99,0.795839250087738,966,5228,1.3974531,-0.0074610393,669184,5787.9041538238525,5353472,0.012326924
0.0015157976,0.18359375,2244.77,15.93,0.8054290562868118,951,5229,1.3007071,-0.007359076,669312,5788.980753183365,5354496,0.027604517
0.0008253111,0.13769531,2251.11,15.88,0.7748218923807144,940,5230,1.3287262,-0.0074675004,669440,5790.07038807869,5355520,0.02086259
0.00071507425,0.14135742,2251.11,15.88,0.7881690412759781,973,5231,1.3383144,-0.008217457,669568,5791.123575210571,5356544,0.01846648
0.0011172821,0.15625,2251.11,15.88,0.8078868836164474,913,5232,1.3610438,-0.0077686436,669696,5792.245405197144,5357568,0.023112118
0.0008572371,0.14282227,2251.11,15.88,0.7465279698371887,904,5233,1.2529266,-0.0070378035,669824,5793.378318786621,5358592,0.029959619
0.0008448999,0.15600586,2251.11,15.88,0.8841040134429932,907,5234,1.3933991,-0.0077226805,669952,5794.5074944496155,5359616,0.00957202
0.0013459824,0.19165039,2251.11,15.88,0.9104538485407829,943,5235,1.3434716,-0.007963359,670080,5795.593408584595,5360640,0.007406029
0.0008097259,0.18017578,2251.11,15.88,0.9047183617949486,957,5236,1.4095367,-0.008315263,670208,5796.663733005524,5361664,0.0043821377
0.001983066,0.21777344,2242.37,15.98,0.8699958026409149,951,5237,1.2869663,-0.008703329,670336,5797.740267753601,5362688,0.016758742
0.00094046193,0.1928711,2242.37,15.98,0.8129778206348419,971,5238,1.3064324,-0.008993949,670464,5798.794732570648,5363712,0.026338011
0.001118555,0.17041016,2241.53,16.01,0.8417871594429016,953,5239,1.2450613,-0.008663163,670592,5799.869749307632,5364736,0.019739278
0.0008465053,0.1381836,2241.53,16.01,0.7251441180706024,955,5240,1.3046998,-0.008521678,670720,5800.942446470261,5365760,0.03711817
0.0010118603,0.1850586,2241.53,16.01,0.8023512959480286,924,5241,1.1804475,-0.008574758,670848,5802.050807476044,5366784,0.032970816
0.0009920936,0.17138672,2245.97,15.96,0.8699032962322235,924,5242,1.32778,-0.008500153,670976,5803.159140825272,5367808,0.012260258
0.0013264957,0.15844727,2245.97,15.96,0.9135624766349792,916,5243,1.3315799,-0.008546442,671104,5804.277155637741,5368832,0.012448973
0.0008294448,0.140625,2245.97,15.96,0.7798263132572174,902,5244,1.3524308,-0.00735492,671232,5805.412208080292,5369856,0.017373685
0.0009979865,0.17333984,2239.07,16.0,0.8466951549053192,916,5245,1.3601731,-0.006730508,671360,5806.529999732971,5370880,0.008884455
0.00068151,0.14746094,2239.07,16.0,0.8417078256607056,913,5246,1.3780984,-0.0071258442,671488,5807.652281999588,5371904,0.01451782
0.0009302794,0.18286133,2238.37,16.0,0.743477076292038,908,5247,1.2780149,-0.008045991,671616,5808.779665708542,5372928,0.027258664
0.0008189821,0.13867188,2240.75,16.0,0.8735401630401611,948,5248,1.3224305,-0.0068850215,671744,5809.860505819321,5373952,0.013108665
0.0010161481,0.14111328,2240.75,16.0,0.756629228591919,973,5249,1.3459929,-0.00828532,671872,5810.912854194641,5374976,0.027952436
0.001094154,0.17456055,2240.75,16.0,0.8301583379507065,954,5250,1.3109021,-0.008448928,672000,5811.986064195633,5376000,0.020399831
0.0009183197,0.19384766,2240.75,16.0,0.8072463124990463,967,5251,1.257068,-0.008365372,672128,5813.045228481293,5377024,0.029084157
0.00082029816,0.1550293,2240.75,16.0,0.7871330827474594,955,5252,1.3618268,-0.006543953,672256,5814.117703437805,5378048,0.012092938
0.0010371519,0.16796875,2240.75,16.0,0.8676161617040634,979,5253,1.3903263,-0.0073968293,672384,5815.163532495499,5379072,0.0103755295
0.001158799,0.14892578,2240.57,16.0,0.864405944943428,954,5254,1.2634535,-0.0076245395,672512,5816.236962795258,5380096,0.015157006
0.00087419583,0.16479492,2240.57,16.0,0.6921724677085876,976,5255,1.3594838,-0.0076605473,672640,5817.286312580109,5381120,0.019954884
0.0010280475,0.14501953,2240.57,16.0,0.7236000001430511,966,5256,1.3121326,-0.009004716,672768,5818.346063375473,5382144,0.031688035
0.0010194374,0.1616211,2241.53,16.01,0.8575284630060196,954,5257,1.2685171,-0.007617683,672896,5819.419643640518,5383168,0.0198508
0.0010451064,0.18017578,2241.53,16.01,0.7694934904575348,951,5258,1.3094754,-0.007999663,673024,5820.496782064438,5384192,0.03027183
0.00084844074,0.13745117,2241.53,16.01,0.8772585913538933,951,5259,1.2787135,-0.0082357,673152,5821.574261903763,5385216,0.014882649
0.0010247196,0.17675781,2238.36,16.09,0.917243093252182,895,5260,1.369078,-0.008223431,673280,5822.718201160431,5386240,0.006035326
0.0005650987,0.12426758,2238.36,16.09,0.7999396175146103,977,5261,1.3712327,-0.006056961,673408,5823.767242431641,5387264,0.010484898
0.0007775628,0.1796875,2238.36,16.09,0.7976293563842773,917,5262,1.3523613,-0.0074120644,673536,5824.884205579758,5388288,0.023365874
0.001059457,0.16088867,2240.42,16.07,0.7412914037704468,955,5263,1.299112,-0.008111043,673664,5825.9566485881805,5389312,0.03884398
0.0013628578,0.12646484,2233.74,16.09,0.8215749114751816,948,5264,1.3619516,-0.007381507,673792,5827.037026643753,5390336,0.020302845
0.00070652255,0.12841797,2233.74,16.09,0.8692321479320526,907,5265,1.2715185,-0.0069436776,673920,5828.166472911835,5391360,0.013920018
0.001029388,0.15356445,2233.74,16.09,0.8071068376302719,899,5266,1.3827593,-0.00742447,674048,5829.305104970932,5392384,0.019029943
0.00091334106,0.16577148,2233.74,16.09,0.7536746114492416,962,5267,1.366872,-0.0071604494,674176,5830.369368314743,5393408,0.028480856
0.0009413146,0.18310547,2233.74,16.09,0.8121894896030426,970,5268,1.3306818,-0.008348149,674304,5831.425065755844,5394432,0.01885175
0.00079506193,0.14526367,2233.74,16.09,0.7945493906736374,937,5269,1.3033863,-0.008200887,674432,5832.517827749252,5395456,0.02073535
0.0010510646,0.14575195,2235.04,16.1,0.7475221157073975,931,5270,1.2990441,-0.007888924,674560,5833.618248939514,5396480,0.024527267
0.00084115996,0.14160156,2235.04,16.1,0.8266208171844482,977,5271,1.2441448,-0.007162664,674688,5834.6666486263275,5397504,0.025764434
0.0012656298,0.17358398,2235.04,16.1,0.8683050721883774,966,5272,1.2934444,-0.007911468,674816,5835.727259874344,5398528,0.017365543
0.0009062776,0.18286133,2235.04,16.1,0.8661194145679474,935,5273,1.3521146,-0.007136718,674944,5836.822461605072,5399552,0.014338723
0.00085145776,0.1381836,2240.08,16.04,0.8568560630083084,906,5274,1.374293,-0.0064904047,675072,5837.952783346176,5400576,0.018472128
0.00083280157,0.15332031,2241.18,16.07,0.7925450354814529,954,5275,1.2747664,-0.007423522,675200,5839.0262796878815,5401600,0.02613099
0.00102003,0.1574707,2241.18,16.07,0.8503517061471939,866,5276,1.2711924,-0.009446734,675328,5840.20823597908,5402624,0.019273177
0.0008185068,0.15307617,2239.98,16.1,0.8055455982685089,915,5277,1.2726972,-0.00752348,675456,5841.32727098465,5403648,0.023669371
0.00080515177,0.14111328,2245.33,16.05,0.7328995764255524,929,5278,1.2992705,-0.007537364,675584,5842.429505348206,5404672,0.027683396
0.0010615399,0.15576172,2245.33,16.05,0.7289808690547943,943,5279,1.2647812,-0.0068818415,675712,5843.515200853348,5405696,0.026676247
0.0007681248,0.13793945,2247.81,16.03,0.7648797631263733,926,5280,1.3075806,-0.0074134944,675840,5844.620701313019,5406720,0.03165337
0.0008574886,0.16259766,2253.78,15.98,0.8295506238937378,956,5281,1.2888697,-0.008444698,675968,5845.691510915756,5407744,0.016717458
0.0007603573,0.14746094,2253.78,15.98,0.8719773143529892,972,5282,1.3483889,-0.007875976,676096,5846.745186328888,5408768,0.010568581
0.00083194,0.17626953,2253.78,15.98,0.9274257272481918,979,5283,1.3856413,-0.008762001,676224,5847.791779756546,5409792,0.0059951413
0.00075218384,0.15112305,2253.78,15.98,0.8185202479362488,970,5284,1.3864363,-0.006352197,676352,5848.847385644913,5410816,0.01303629
0.00093989295,0.1574707,2253.78,15.98,0.7841721028089523,982,5285,1.3089594,-0.0071338713,676480,5849.890208482742,5411840,0.0370752
0.00091094896,0.14624023,2253.78,15.98,0.7901238799095154,961,5286,1.241732,-0.007768051,676608,5850.955581903458,5412864,0.02846797
0.001024832,0.1574707,2253.78,15.98,0.8847598508000374,967,5287,1.2915615,-0.00908972,676736,5852.014917373657,5413888,0.017436232
0.0010180483,0.16870117,2253.78,15.98,0.8727116584777832,961,5288,1.3620505,-0.008897385,676864,5853.081196069717,5414912,0.015101092
0.0011246982,0.15600586,2253.78,15.98,0.7718544602394104,922,5289,1.3234439,-0.0070859976,676992,5854.191841602325,5415936,0.023269245
0.0008696386,0.15478516,2253.78,15.98,0.8477675914764404,954,5290,1.3562642,-0.00747362,677120,5855.264985561371,5416960,0.01260661
0.0009115803,0.15551758,2253.92,15.99,0.7675937414169312,906,5291,1.2494166,-0.0075891363,677248,5856.3957505226135,5417984,0.024881449
0.0010174596,0.15136719,2253.92,15.99,0.756361111998558,958,5292,1.262494,-0.008417166,677376,5857.464362621307,5419008,0.03048065
0.00071303674,0.14086914,2255.06,15.98,0.7013908922672272,917,5293,1.2802155,-0.008018199,677504,5858.581714391708,5420032,0.030515198
0.00089483475,0.1508789,2250.36,16.04,0.8576798141002655,893,5294,1.2971697,-0.007910556,677632,5859.728290557861,5421056,0.015732262
0.0010753042,0.14770508,2250.36,16.04,0.7947399318218231,928,5295,1.3044286,-0.0067993714,677760,5860.832330703735,5422080,0.021913672
0.0008527484,0.16235352,2250.36,16.04,0.8422441631555557,936,5296,1.3577049,-0.008411288,677888,5861.926785469055,5423104,0.013401601
0.0008269022,0.1418457,2260.47,15.97,0.8383048325777054,903,5297,1.2971404,-0.007437811,678016,5863.061003684998,5424128,0.016915511
0.00087723846,0.16088867,2263.14,15.93,0.8131702989339828,921,5298,1.2889882,-0.0069207936,678144,5864.172674417496,5425152,0.017894858
0.0007605481,0.12841797,2263.14,15.93,0.8195865005254745,981,5299,1.2511344,-0.0060789427,678272,5865.216339588165,5426176,0.024741909
0.0014630624,0.1472168,2271.94,15.86,0.7708735167980194,951,5300,1.3026533,-0.007466714,678400,5866.293115377426,5427200,0.02468557
0.0009265977,0.16796875,2271.94,15.86,0.8115195631980896,978,5301,1.2758261,-0.0073748454,678528,5867.339811563492,5428224,0.024438933
0.0010706634,0.13793945,2271.94,15.86,0.8337761908769608,967,5302,1.2908996,-0.006872616,678656,5868.398443222046,5429248,0.0150731355
0.000629209,0.13085938,2271.94,15.86,0.8296962976455688,979,5303,1.2836845,-0.007854392,678784,5869.444824457169,5430272,0.02069586
0.00088348496,0.18432617,2271.94,15.86,0.7756175249814987,967,5304,1.2869463,-0.007799393,678912,5870.504171133041,5431296,0.02522203
0.0006812653,0.13085938,2271.94,15.86,0.8570467680692673,978,5305,1.2786453,-0.0069829514,679040,5871.5519552230835,5432320,0.01691403
0.0007182101,0.13989258,2268.96,15.9,0.8283553719520569,959,5306,1.3143789,-0.0075195814,679168,5872.620349407196,5433344,0.018915232
0.0012817606,0.1574707,2268.96,15.9,0.7739747166633606,960,5307,1.3042198,-0.0069527803,679296,5873.68784236908,5434368,0.02373851
0.00084916205,0.17480469,2269.49,15.9,0.883131705224514,973,5308,1.2793881,-0.007899336,679424,5874.739990711212,5435392,0.01135348
0.0009876032,0.1550293,2269.49,15.9,0.8128036558628082,983,5309,1.2485896,-0.0069771362,679552,5875.782371044159,5436416,0.02876794
0.0014373893,0.12939453,2269.49,15.9,0.661396712064743,965,5310,1.3191427,-0.00764904,679680,5876.843401432037,5437440,0.04296834
0.0007889672,0.122558594,2269.49,15.9,0.8166735619306564,967,5311,1.3038552,-0.007850138,679808,5877.902748346329,5438464,0.022425052
0.0006645253,0.14208984,2269.49,15.9,0.7633667886257172,968,5312,1.2518878,-0.0071410267,679936,5878.961016178131,5439488,0.027778395
0.0007160545,0.15698242,2269.49,15.9,0.7595789432525635,970,5313,1.3450837,-0.006632624,680064,5880.017184019089,5440512,0.016832812
0.0006806042,0.14794922,2263.47,15.91,0.8354199677705765,941,5314,1.3190438,-0.0066873645,680192,5881.1053211688995,5441536,0.015389575
0.0007346911,0.15332031,2267.19,15.88,0.7840928137302399,918,5315,1.2789404,-0.007488662,680320,5882.220782279968,5442560,0.029159239
0.0008858563,0.15917969,2267.19,15.88,0.7430690824985504,921,5316,1.2586606,-0.008010978,680448,5883.332237958908,5443584,0.02827533
0.00068608817,0.14086914,2267.12,15.89,0.7492280900478363,902,5317,1.2793958,-0.008084618,680576,5884.467501401901,5444608,0.03529471
0.0010147868,0.15795898,2267.12,15.89,0.8329140692949295,957,5318,1.2317795,-0.0072661503,680704,5885.537281990051,5445632,0.02018286
0.0008628602,0.15429688,2267.12,15.89,0.7720939368009567,935,5319,1.2796733,-0.006867648,680832,5886.633203983307,5446656,0.03031517
0.0009791853,0.12768555,2269.68,15.85,0.6872175335884094,882,5320,1.3019487,-0.0070404224,680960,5887.7944123744965,5447680,0.020922579
0.00082735997,0.17407227,2269.68,15.85,0.8550629764795303,972,5321,1.291846,-0.008064499,681088,5888.848607540131,5448704,0.0141336825
0.0010484669,0.14575195,2269.68,15.85,0.7811259180307388,961,5322,1.281812,-0.006862333,681216,5889.915042638779,5449728,0.024354048
0.00085530896,0.15917969,2270.92,15.81,0.8227879405021667,962,5323,1.330229,-0.006678457,681344,5890.979341506958,5450752,0.020510558
0.00080576347,0.13671875,2270.92,15.81,0.7474659979343414,959,5324,1.2662206,-0.0068839896,681472,5892.04762673378,5451776,0.022820303
0.0007152497,0.16772461,2270.92,15.81,0.8086508363485336,918,5325,1.362603,-0.008898888,681600,5893.163510322571,5452800,0.025626518
0.00071839354,0.13842773,2270.92,15.81,0.8713214844465256,907,5326,1.3376286,-0.0072054956,681728,5894.293105840683,5453824,0.014767555
0.00073881226,0.115234375,2276.08,15.79,0.8681176453828812,962,5327,1.3089235,-0.006866536,681856,5895.357696056366,5454848,0.012085787
0.0007983498,0.1418457,2276.08,15.79,0.8487503677606583,969,5328,1.3679708,-0.0071343333,681984,5896.415175914764,5455872,0.01072357
0.0009733374,0.13208008,2276.08,15.79,0.8914211094379425,980,5329,1.344813,-0.007951994,682112,5897.459979772568,5456896,0.012431117
0.00063770486,0.15332031,2276.08,15.79,0.8272581547498703,959,5330,1.3719254,-0.006130162,682240,5898.527729034424,5457920,0.018906785
0.00074035005,0.15161133,2276.08,15.79,0.7899687886238098,962,5331,1.3021458,-0.007097169,682368,5899.592872142792,5458944,0.020634767
0.00077095156,0.14135742,2276.28,15.75,0.8012630045413971,902,5332,1.2882881,-0.007170748,682496,5900.728398323059,5459968,0.030137425
0.00065498904,0.14453125,2276.28,15.75,0.8485453426837921,937,5333,1.3140225,-0.007464015,682624,5901.821242809296,5460992,0.017100444
0.0008639135,0.14550781,2274.56,15.78,0.8666221499443054,890,5334,1.3901718,-0.00644585,682752,5902.971554279327,5462016,0.008591199
0.0005493159,0.12841797,2279.42,15.78,0.8802391812205315,903,5335,1.3922094,-0.0062160892,682880,5904.10613489151,5463040,0.008005953
0.00060997717,0.11230469,2279.42,15.78,0.6387770473957062,906,5336,1.2925951,-0.006976008,683008,5905.2366335392,5464064,0.037310667
0.000869166,0.12597656,2276.06,15.81,0.8314903080463409,901,5337,1.2984527,-0.0069811456,683136,5906.373109579086,5465088,0.015875667
0.00058274344,0.111816406,2283.11,15.77,0.8610461056232452,896,5338,1.3236276,-0.006830397,683264,5907.516640901566,5466112,0.012596844
0.00072784425,0.1706543,2283.11,15.77,0.7908060401678085,975,5339,1.3722358,-0.0072073806,683392,5908.56734585762,5467136,0.017997144
0.0009073223,0.16210938,2283.11,15.77,0.8869792968034744,969,5340,1.2841202,-0.007915915,683520,5909.6244921684265,5468160,0.013417605
0.0007389881,0.16308594,2283.11,15.77,0.880589596927166,961,5341,1.3875096,-0.0073921164,683648,5910.689878702164,5469184,0.0061749774
0.0008353108,0.14892578,2275.92,15.75,0.8542090058326721,895,5342,1.3328407,-0.007393997,683776,5911.834545135498,5470208,0.015129479
0.0011769629,0.12841797,2275.92,15.75,0.6753180623054504,980,5343,1.3192793,-0.006644088,683904,5912.879397153854,5471232,0.032112963
0.00067809736,0.14794922,2275.92,15.75,0.7654467821121216,962,5344,1.3386155,-0.0072483206,684032,5913.9441657066345,5472256,0.020346915
0.00079321605,0.15917969,2275.92,15.75,0.7575642615556717,970,5345,1.2981102,-0.007700254,684160,5915.000068664551,5473280,0.026186256
0.0009282816,0.17822266,2275.92,15.75,0.8896856680512428,960,5346,1.3289399,-0.007340478,684288,5916.066691398621,5474304,0.013698693
0.000605009,0.125,2275.92,15.75,0.8243844509124756,905,5347,1.4150862,-0.0065691583,684416,5917.199305295944,5475328,0.012777737
0.0008192614,0.16674805,2276.05,15.74,0.8729929029941559,946,5348,1.3336827,-0.006268653,684544,5918.2823395729065,5476352,0.01552903
0.0007612388,0.13989258,2272.81,15.81,0.7787431478500366,917,5349,1.298024,-0.0077486094,684672,5919.399185657501,5477376,0.02345449
0.00074347504,0.14160156,2270.89,15.84,0.771898940205574,898,5350,1.2154014,-0.0069698785,684800,5920.540166139603,5478400,0.026909143
0.00081228756,0.13427734,2270.89,15.84,0.8567316979169846,917,5351,1.3077588,-0.007447577,684928,5921.656402826309,5479424,0.01698109
0.0007698008,0.12524414,2270.89,15.84,0.8348275721073151,970,5352,1.3821095,-0.006197077,685056,5922.711869716644,5480448,0.011362925
0.00071146246,0.1381836,2270.89,15.84,0.8146293759346008,979,5353,1.2875198,-0.006433799,685184,5923.7575488090515,5481472,0.022440307
0.00085116306,0.16479492,2271.36,15.84,0.8764793872833252,957,5354,1.381552,-0.008174308,685312,5924.828155994415,5482496,0.00625371
0.0007974005,0.15576172,2269.97,15.86,0.785235121846199,961,5355,1.2877054,-0.00693798,685440,5925.894328832626,5483520,0.027412094
0.00079727924,0.12231445,2269.97,15.86,0.8214057683944702,957,5356,1.3087382,-0.005826238,685568,5926.963982582092,5484544,0.018736448
0.0007816596,0.14038086,2269.11,15.85,0.9167346879839897,960,5357,1.3537344,-0.006543706,685696,5928.031385421753,5485568,0.0077824173
0.00086508057,0.16357422,2269.11,15.85,0.7561416178941727,950,5358,1.3025262,-0.006589042,685824,5929.109302997589,5486592,0.024341203
0.0007810144,0.14160156,2269.11,15.85,0.832255631685257,927,5359,1.258641,-0.008561144,685952,5930.214411497116,5487616,0.023816027
0.00080648594,0.15820312,2275.34,15.8,0.8635144233703613,918,5360,1.3823909,-0.0077244863,686080,5931.330171108246,5488640,0.015629295
0.0008070898,0.13110352,2275.34,15.8,0.8585518598556519,958,5361,1.3549509,-0.0064106756,686208,5932.399438858032,5489664,0.014319943
0.0008337277,0.16357422,2276.39,15.83,0.9279390871524811,880,5362,1.3569524,-0.0068774084,686336,5933.562873125076,5490688,0.0052141766
0.0008042406,0.1652832,2276.39,15.83,0.9074937626719475,900,5363,1.3630794,-0.00757438,686464,5934.700719594955,5491712,0.008313528
0.00081941515,0.14868164,2276.39,15.83,0.8934068754315376,905,5364,1.419351,-0.005818169,686592,5935.832891464233,5492736,0.00727763
0.00052932784,0.12133789,2271.3,15.88,0.7118596136569977,897,5365,1.3393493,-0.006015651,686720,5936.974316358566,5493760,0.027467746
0.0006393724,0.13867188,2271.3,15.88,0.8732685893774033,953,5366,1.3818247,-0.006467851,686848,5938.048921108246,5494784,0.0084061595
0.00066558964,0.13598633,2271.3,15.88,0.8177207410335541,953,5367,1.367288,-0.007103595,686976,5939.1241064071655,5495808,0.021685595
0.00075890374,0.118896484,2271.3,15.88,0.6500963270664215,890,5368,1.2906433,-0.0075173248,687104,5940.274853467941,5496832,0.03777748
0.0008211447,0.115478516,2271.3,15.88,0.8308403342962265,912,5369,1.3569994,-0.0046516005,687232,5941.39728474617,5497856,0.018102244
0.0008908413,0.13842773,2276.47,15.85,0.7527547925710678,937,5370,1.3183159,-0.0073557785,687360,5942.4906413555145,5498880,0.028251369
0.0007336658,0.13964844,2274.54,15.87,0.7536407709121704,971,5371,1.3292049,-0.007820057,687488,5943.54562997818,5499904,0.025227886
0.0007523836,0.14990234,2274.54,15.87,0.8849892169237137,960,5372,1.3478848,-0.0065748417,687616,5944.612284660339,5500928,0.014739794
0.00083857146,0.11645508,2277.36,15.84,0.7268591821193695,952,5373,1.2605355,-0.005650272,687744,5945.687672376633,5501952,0.033006858
0.00065233745,0.1081543,2275.41,15.85,0.798543855547905,899,5374,1.3526374,-0.006469476,687872,5946.827178955078,5502976,0.018867906
0.0008755907,0.1550293,2275.41,15.85,0.8833739534020424,976,5375,1.3546911,-0.0068391627,688000,5947.876459360123,5504000,0.009628976
0.0006923038,0.16723633,2275.41,15.85,0.8214121311903,967,5376,1.4023414,-0.0068260357,688128,5948.936163663864,5505024,0.014346276
0.00085004757,0.1459961,2268.74,15.96,0.9218312501907349,938,5377,1.3080262,-0.008033151,688256,5950.028110265732,5506048,0.0079144975
0.0011007591,0.1940918,2256.45,16.06,0.7659510523080826,903,5378,1.271204,-0.007050176,688384,5951.16166973114,5507072,0.023909181
0.000709329,0.13500977,2256.15,16.06,0.8387966454029083,967,5379,1.3267248,-0.007672605,688512,5952.221118927002,5508096,0.01899638
0.00074658706,0.15112305,2256.15,16.06,0.8217561990022659,966,5380,1.3185682,-0.007463034,688640,5953.281011581421,5509120,0.019890841
0.00066314137,0.14941406,2257.49,16.05,0.831558495759964,951,5381,1.3721333,-0.007780682,688768,5954.357756614685,5510144,0.013519602
0.0006278171,0.1418457,2257.49,16.05,0.8220892399549484,955,5382,1.3145733,-0.0077050426,688896,5955.430639743805,5511168,0.022165561
0.0006732333,0.14257812,2257.49,16.05,0.8239730298519135,970,5383,1.3050691,-0.006928933,689024,5956.486613273621,5512192,0.019999484
0.00083310966,0.1616211,2257.49,16.05,0.8571204096078873,907,5384,1.3903337,-0.007750135,689152,5957.615869760513,5513216,0.012880268
0.00077396055,0.13598633,2256.92,16.03,0.7675844579935074,899,5385,1.3276024,-0.007231918,689280,5958.755374670029,5514240,0.022196617
0.0008019518,0.1340332,2256.92,16.03,0.7602779120206833,943,5386,1.3525766,-0.005987378,689408,5959.840881347656,5515264,0.018246451
0.00080394256,0.17236328,2256.92,16.03,0.7785860598087311,962,5387,1.3872875,-0.0061118053,689536,5960.905945777893,5516288,0.013984185
0.0009560414,0.1743164,2261.48,16.01,0.8672964721918106,943,5388,1.3182082,-0.007463201,689664,5961.991552114487,5517312,0.015733223
0.0014064477,0.14624023,2261.48,16.01,0.7106193900108337,962,5389,1.3153745,-0.0075810314,689792,5963.055873394012,5518336,0.036332563
0.0010122756,0.18579102,2262.77,15.98,0.8499000370502472,916,5390,1.3568466,-0.0077023683,689920,5964.174071073532,5519360,0.02345967
0.0007963646,0.12915039,2257.34,15.98,0.8103923052549362,957,5391,1.3382287,-0.006679533,690048,5965.244045495987,5520384,0.01969378
0.00078557717,0.13916016,2257.34,15.98,0.7350001931190491,962,5392,1.3730361,-0.0061467346,690176,5966.308563709259,5521408,0.02973839
0.0009345825,0.18115234,2261.77,15.94,0.8743779957294464,934,5393,1.3605375,-0.008008613,690304,5967.404723405838,5522432,0.008739423
0.0010528804,0.13867188,2261.77,15.94,0.8702546656131744,911,5394,1.3671875,-0.0076265805,690432,5968.529129266739,5523456,0.01197844
0.0007802271,0.16674805,2261.77,15.94,0.924022376537323,962,5395,1.3958359,-0.007877763,690560,5969.5935208797455,5524480,0.0060788495
0.00073699025,0.15820312,2261.16,15.9,0.8511570543050766,940,5396,1.3593501,-0.0069153183,690688,5970.683427095413,5525504,0.010435374
0.0005428551,0.12890625,2261.16,15.9,0.7818450927734375,981,5397,1.3995657,-0.006843022,690816,5971.727253675461,5526528,0.021620905
0.0010286995,0.13671875,2261.89,15.91,0.8020866215229034,953,5398,1.3393312,-0.0073480336,690944,5972.80145740509,5527552,0.019394513
0.0006925757,0.14672852,2261.89,15.91,0.8339743763208389,981,5399,1.3871815,-0.00808593,691072,5973.845622301102,5528576,0.017072937
0.0008017799,0.12963867,2261.89,15.91,0.7319313883781433,938,5400,1.3711914,-0.006137854,691200,5974.9368896484375,5529600,0.024412261
0.0015409115,0.1652832,2261.89,15.91,0.8371669054031372,942,5401,1.3138024,-0.0071691163,691328,5976.024673700333,5530624,0.019276734
0.0009311979,0.15820312,2257.98,15.93,0.8612229079008102,948,5402,1.3209379,-0.007126695,691456,5977.104835033417,5531648,0.015217553
0.0009766124,0.13500977,2257.98,15.93,0.7999817728996277,976,5403,1.3557564,-0.006346043,691584,5978.153822422028,5532672,0.01984928
0.00080805307,0.15356445,2257.98,15.93,0.8542868942022324,961,5404,1.3723719,-0.007313687,691712,5979.219110965729,5533696,0.019545836
0.0008474379,0.15576172,2250.76,16.0,0.8106408417224884,953,5405,1.3568282,-0.006742022,691840,5980.293996334076,5534720,0.020450804
0.0007019603,0.12866211,2250.76,16.0,0.8399512022733688,968,5406,1.3051682,-0.0067494824,691968,5981.35169506073,5535744,0.019249367
0.0005797988,0.13061523,2250.76,16.0,0.7855473309755325,979,5407,1.3584744,-0.005900697,692096,5982.397503614426,5536768,0.027202612
0.0010083098,0.18408203,2250.76,16.0,0.7971102893352509,921,5408,1.3424298,-0.0073205275,692224,5983.509114742279,5537792,0.021671796
0.0007137243,0.103759766,2256.06,15.94,0.7721205800771713,902,5409,1.3693767,-0.00578775,692352,5984.6450254917145,5538816,0.019051379
0.00063479797,0.13232422,2256.06,15.94,0.7862852066755295,913,5410,1.3875649,-0.0071637174,692480,5985.766926765442,5539840,0.025462864
0.0009561228,0.13378906,2256.06,15.94,0.9089956507086754,970,5411,1.3667823,-0.007234906,692608,5986.822633743286,5540864,0.012028075
0.0009280811,0.16186523,2256.06,15.94,0.7710231989622116,981,5412,1.3471452,-0.0070920307,692736,5987.866761445999,5541888,0.026566407
0.0005621509,0.1328125,2256.06,15.94,0.8756019398570061,974,5413,1.4046987,-0.007548762,692864,5988.917854309082,5542912,0.014736892
0.00074589456,0.107177734,2252.46,16.02,0.7120954096317291,928,5414,1.3916359,-0.007256317,692992,5990.021807432175,5543936,0.029513862
0.00059886853,0.14282227,2252.46,16.02,0.8859516084194183,976,5415,1.3227752,-0.0077716485,693120,5991.071581363678,5544960,0.017731626
0.0007460872,0.13061523,2252.46,16.02,0.6496252715587616,957,5416,1.2829587,-0.0065268436,693248,5992.141654014587,5545984,0.03878929
0.0007103563,0.15698242,2263.17,15.93,0.8152367919683456,927,5417,1.3666505,-0.0068896404,693376,5993.246768474579,5547008,0.016947854
0.0009603453,0.12866211,2260.33,15.97,0.7696743309497833,942,5418,1.4007833,-0.0061122333,693504,5994.334062337875,5548032,0.020713314
0.00060146896,0.12109375,2260.33,15.97,0.8287779688835144,956,5419,1.4104799,-0.006790394,693632,5995.405756473541,5549056,0.018128125
0.0007032297,0.12841797,2257.28,15.97,0.8106482774019241,902,5420,1.2589853,-0.006479349,693760,5996.540961742401,5550080,0.019774208
0.000853346,0.12768555,2257.28,15.97,0.8379282653331757,972,5421,1.323727,-0.0075953496,693888,5997.594646692276,5551104,0.018805923
0.0008263103,0.12548828,2257.28,15.97,0.7069665193557739,965,5422,1.3627563,-0.0064264718,694016,5998.655952453613,5552128,0.02271249
0.0007031512,0.14208984,2250.81,16.16,0.8603208810091019,916,5423,1.3797425,-0.0083526885,694144,5999.773910522461,5553152,0.012989502
0.000822408,0.14331055,2250.81,16.16,0.8637934476137161,961,5424,1.4095664,-0.0068083545,694272,6000.83997964859,5554176,0.00848681
0.0006210356,0.12670898,2250.81,16.16,0.8600113242864609,938,5425,1.423226,-0.0062184446,694400,6001.932369709015,5555200,0.014753596
0.00072520954,0.14941406,2250.81,16.16,0.8700926452875137,899,5426,1.40415,-0.006403509,694528,6003.071541309357,5556224,0.010570878
0.00085332943,0.14428711,2250.4,16.14,0.8667280822992325,907,5427,1.3934332,-0.0071404944,694656,6004.200866222382,5557248,0.014366374
0.0009181958,0.16967773,2250.4,16.14,0.7915938943624496,956,5428,1.3666378,-0.0068158917,694784,6005.2723886966705,5558272,0.025250686
0.0006559695,0.13305664,2250.4,16.14,0.8233302682638168,924,5429,1.3891295,-0.00800937,694912,6006.38054394722,5559296,0.01655083
0.0006522019,0.10498047,2249.63,16.15,0.8162434846162796,948,5430,1.3024427,-0.0066801445,695040,6007.460402965546,5560320,0.022311749
0.0009157477,0.1274414,2248.24,16.2,0.8770949393510818,897,5431,1.3375139,-0.007874813,695168,6008.601459026337,5561344,0.014664671
0.00084368873,0.14672852,2241.61,16.29,0.7424454391002655,915,5432,1.343745,-0.0064145955,695296,6009.72110414505,5562368,0.024076365
0.00074493646,0.13916016,2241.61,16.29,0.7857807278633118,970,5433,1.3336434,-0.007953101,695424,6010.777030467987,5563392,0.0303855
0.00095544005,0.15991211,2241.61,16.29,0.7655708193778992,956,5434,1.3010114,-0.006164539,695552,6011.848297357559,5564416,0.032532074
0.0008426218,0.1496582,2245.23,16.26,0.7572191208600998,962,5435,1.3331971,-0.007627099,695680,6012.913242101669,5565440,0.031225543
0.0005397677,0.1027832,2245.23,16.26,0.8328394144773483,950,5436,1.3614854,-0.0066499673,695808,6013.99117898941,5566464,0.018544126
0.0007418049,0.12695312,2246.44,16.27,0.8170128166675568,904,5437,1.3680738,-0.006673651,695936,6015.124700784683,5567488,0.019845854
0.0008332469,0.19067383,2246.44,16.27,0.8287022262811661,946,5438,1.3229208,-0.0070590135,696064,6016.206857442856,5568512,0.016109211
0.0007692795,0.1352539,2251.02,16.23,0.8383037447929382,925,5439,1.390479,-0.0070826663,696192,6017.3140687942505,5569536,0.0180974
0.00071479526,0.11621094,2250.17,16.25,0.8086698651313782,951,5440,1.3302387,-0.0071434416,696320,6018.391138076782,5570560,0.02599864
0.0006699399,0.12719727,2250.17,16.25,0.8315381556749344,984,5441,1.351268,-0.0068670027,696448,6019.43151807785,5571584,0.02125028
0.0008142467,0.16894531,2250.17,16.25,0.8734079450368881,940,5442,1.3933448,-0.006499785,696576,6020.520808458328,5572608,0.0104495045
0.0007143114,0.14282227,2250.17,16.25,0.82638318836689,960,5443,1.3565042,-0.006991172,696704,6021.5872576236725,5573632,0.021717869
0.0007583953,0.14648438,2250.54,16.22,0.8496856838464737,922,5444,1.3142492,-0.008615339,696832,6022.6978142261505,5574656,0.02202835
0.00081228005,0.14697266,2250.54,16.22,0.7211242020130157,939,5445,1.2917945,-0.006421763,696960,6023.788857936859,5575680,0.034422476
0.00063094206,0.12182617,2250.54,16.22,0.8535105884075165,945,5446,1.4158993,-0.0062878244,697088,6024.8726971149445,5576704,0.018054107
0.0008227249,0.15405273,2255.92,16.16,0.886225514113903,957,5447,1.3668296,-0.007465936,697216,6025.943385839462,5577728,0.014642896
0.000656659,0.13964844,2255.25,16.17,0.8136170953512192,962,5448,1.314475,-0.007072523,697344,6027.007740497589,5578752,0.021575648
0.0008442229,0.1328125,2253.83,16.19,0.7080280184745789,959,5449,1.29347,-0.007913021,697472,6028.075633525848,5579776,0.038056035
0.00076849735,0.15307617,2253.83,16.19,0.7116267681121826,955,5450,1.3835589,-0.0068526156,697600,6029.147796154022,5580800,0.030568978
0.00082969875,0.1081543,2253.83,16.19,0.7305226624011993,967,5451,1.4199036,-0.006392473,697728,6030.206846952438,5581824,0.027991744
0.00063130877,0.11694336,2250.22,16.23,0.8209412544965744,962,5452,1.3414037,-0.006413336,697856,6031.271991491318,5582848,0.02229694
0.00064837426,0.11401367,2250.22,16.23,0.8040176331996918,970,5453,1.3558865,-0.0064722826,697984,6032.328254699707,5583872,0.023253415
0.0011900316,0.13745117,2250.22,16.23,0.7987173795700073,967,5454,1.3195244,-0.0062941583,698112,6033.387676000595,5584896,0.019270482
0.00078850635,0.14038086,2248.7,16.24,0.7868248373270035,962,5455,1.3231608,-0.0064186333,698240,6034.452128171921,5585920,0.027316405
0.0011329934,0.13720703,2248.7,16.24,0.8323427736759186,974,5456,1.2557992,-0.0069749756,698368,6035.503173351288,5586944,0.021967117
0.00068194,0.14331055,2249.51,16.22,0.8439914137125015,956,5457,1.3757102,-0.006983337,698496,6036.575263500214,5587968,0.012559693
0.00071822584,0.14355469,2249.51,16.22,0.764469102025032,960,5458,1.3704593,-0.0064359056,698624,6037.641848564148,5588992,0.024914432
0.00071508286,0.123291016,2249.51,16.22,0.8346576541662216,947,5459,1.2862953,-0.0071889097,698752,6038.722901582718,5590016,0.025944915
0.0011220748,0.15429688,2249.51,16.22,0.885584831237793,934,5460,1.3673112,-0.0065715592,698880,6039.819818019867,5591040,0.014789249
0.00063845376,0.1508789,2249.51,16.22,0.8263491690158844,964,5461,1.3742187,-0.006972235,699008,6040.88237118721,5592064,0.018259043
0.00066609477,0.13354492,2249.51,16.22,0.8565034568309784,940,5462,1.3007649,-0.006322746,699136,6041.972756624222,5593088,0.024634011
0.00089120446,0.111328125,2266.86,16.05,0.8448994010686874,902,5463,1.346185,-0.0059809485,699264,6043.107575893402,5594112,0.018300347
0.00083515653,0.1640625,2266.86,16.05,0.8063636869192123,907,5464,1.3144054,-0.008017527,699392,6044.23686504364,5595136,0.02554864
0.0008961647,0.13232422,2266.86,16.05,0.8285474479198456,909,5465,1.3914282,-0.006873461,699520,6045.363538980484,5596160,0.018559145
0.00067990116,0.1274414,2272.56,15.94,0.8404483646154404,943,5466,1.3478464,-0.008666767,699648,6046.44987154007,5597184,0.019066535
0.00077570585,0.15649414,2276.48,15.9,0.8109872043132782,964,5467,1.3518243,-0.008305451,699776,6047.512624740601,5598208,0.02265491
0.00065051706,0.14086914,2276.48,15.9,0.723287045955658,958,5468,1.2678607,-0.007195073,699904,6048.582044839859,5599232,0.031107888
0.0010458765,0.1628418,2281.44,15.88,0.872795969247818,954,5469,1.3555666,-0.0077934433,700032,6049.655378341675,5600256,0.015055498
0.0007841188,0.1303711,2281.44,15.88,0.7183302044868469,967,5470,1.3117504,-0.0055677034,700160,6050.7141726017,5601280,0.031939372
0.0006882559,0.15161133,2281.88,15.86,0.8473057299852371,946,5471,1.4105761,-0.006797559,700288,6051.7972984313965,5602304,0.016248647
0.0007720078,0.17285156,2281.71,15.86,0.7750921845436096,954,5472,1.3620466,-0.007244504,700416,6052.871011972427,5603328,0.03106482
0.00059202133,0.099365234,2281.71,15.86,0.7523435354232788,962,5473,1.2851124,-0.0065423385,700544,6053.9357097148895,5604352,0.032458995
0.0010443042,0.16137695,2278.37,15.92,0.8322161436080933,950,5474,1.3978119,-0.007430596,700672,6055.013241052628,5605376,0.020579498
0.0006615587,0.14916992,2278.37,15.92,0.7739629298448563,970,5475,1.3145038,-0.0072920974,700800,6056.068662643433,5606400,0.031507336
0.00082500966,0.12988281,2278.37,15.92,0.7369859516620636,964,5476,1.3097844,-0.005460048,700928,6057.130682468414,5607424,0.03445951
0.00060128595,0.10986328,2278.37,15.92,0.6557989716529846,964,5477,1.3257805,-0.0065366942,701056,6058.1930594444275,5608448,0.038823757
0.0009951711,0.13793945,2278.37,15.92,0.7796491980552673,959,5478,1.3773001,-0.0054277806,701184,6059.261549949646,5609472,0.020626744
0.000566284,0.1315918,2278.37,15.92,0.8122638314962387,943,5479,1.4269633,-0.006734151,701312,6060.347707271576,5610496,0.01504399
0.0006264788,0.10644531,2278.37,15.92,0.7037510573863983,904,5480,1.3735042,-0.004534202,701440,6061.480728149414,5611520,0.029985178
0.0005455845,0.12866211,2278.37,15.92,0.8184722512960434,976,5481,1.3865732,-0.006181207,701568,6062.5302147865295,5612544,0.019181592
0.00052762526,0.10131836,2278.57,15.91,0.8248075395822525,906,5482,1.3585005,-0.005973165,701696,6063.66059756279,5613568,0.021397006
0.00069002,0.14550781,2278.57,15.91,0.7387261092662811,908,5483,1.3429365,-0.0074392445,701824,6064.788433074951,5614592,0.025569923
0.00069508835,0.122558594,2278.57,15.91,0.8347290307283401,896,5484,1.3620893,-0.0077879205,701952,6065.9312109947205,5615616,0.019981066
0.0008679344,0.1743164,2275.14,15.9,0.8482200801372528,892,5485,1.3840674,-0.007550637,702080,6067.079996585846,5616640,0.016502703
0.0006700617,0.1394043,2280.5,15.88,0.8576495796442032,935,5486,1.3400728,-0.006463501,702208,6068.175023794174,5617664,0.014587551
0.00062798563,0.10131836,2286.05,15.84,0.7660790830850601,963,5487,1.319279,-0.006225089,702336,6069.23862528801,5618688,0.031036343
0.00069169863,0.13085938,2286.05,15.84,0.7927061915397644,910,5488,1.3706129,-0.0077912016,702464,6070.364608764648,5619712,0.022975305
0.0009654728,0.14624023,2287.33,15.86,0.7529115676879883,897,5489,1.2690759,-0.0067516407,702592,6071.506831645966,5620736,0.03709703
0.0009920822,0.15161133,2287.33,15.86,0.738357663154602,902,5490,1.3690264,-0.007307567,702720,6072.641761302948,5621760,0.02990172
0.0005774502,0.1171875,2287.33,15.86,0.850286677479744,961,5491,1.4147153,-0.006827677,702848,6073.707051038742,5622784,0.014090013
0.00073875405,0.14282227,2287.33,15.86,0.7799158841371536,974,5492,1.3666599,-0.007362726,702976,6074.758676528931,5623808,0.026899047
0.0007301824,0.14038086,2293.52,15.8,0.8088353127241135,964,5493,1.3467795,-0.0070141796,703104,6075.82141160965,5624832,0.027032845
0.0006174398,0.114746094,2297.29,15.78,0.7458128929138184,957,5494,1.3511692,-0.0058326893,703232,6076.891907215118,5625856,0.025692698
0.0006609946,0.1315918,2297.29,15.78,0.8576046079397202,978,5495,1.3896426,-0.006772834,703360,6077.9395434856415,5626880,0.013738304
0.00070200063,0.09814453,2297.29,15.78,0.7828057557344437,941,5496,1.3787612,-0.005476917,703488,6079.027775764465,5627904,0.019832928
0.0011118772,0.16552734,2297.29,15.78,0.828281044960022,965,5497,1.3558042,-0.0071314666,703616,6080.089627742767,5628928,0.01964009
0.0007039796,0.13110352,2294.28,15.76,0.9056793749332428,950,5498,1.4089029,-0.0067811925,703744,6081.167690753937,5629952,0.0075347903
0.00082044106,0.13183594,2294.28,15.76,0.840460017323494,966,5499,1.3857405,-0.0063310615,703872,6082.228363752365,5630976,0.017184839
0.000957903,0.13842773,2294.28,15.76,0.8285332173109055,957,5500,1.412435,-0.007523019,704000,6083.298104524612,5632000,0.018537376
0.000704315,0.1381836,2294.28,15.76,0.8438608050346375,924,5501,1.3798475,-0.0053567416,704128,6084.406202316284,5633024,0.015954966
0.00062932377,0.12451172,2294.28,15.76,0.6638686060905457,950,5502,1.3497996,-0.0064295526,704256,6085.484254837036,5634048,0.035253316
0.001092428,0.21655273,2301.26,15.68,0.8310836106538773,924,5503,1.2695615,-0.008938912,704384,6086.592198610306,5635072,0.020381281
0.00060779916,0.12524414,2298.19,15.68,0.8095132857561111,933,5504,1.3779774,-0.007586811,704512,6087.69025850296,5636096,0.017872144
0.00058083166,0.12988281,2298.19,15.68,0.8795000165700912,954,5505,1.4229758,-0.006305853,704640,6088.763968467712,5637120,0.0099492725
0.00061103515,0.13964844,2298.19,15.68,0.8419563472270966,954,5506,1.3705841,-0.00648644,704768,6089.8375906944275,5638144,0.018901411
0.00065037044,0.123291016,2304.27,15.6,0.7130222618579865,923,5507,1.3262515,-0.0061414037,704896,6090.947704553604,5639168,0.030467993
0.0007348912,0.13330078,2300.19,15.61,0.9054948091506958,936,5508,1.3357042,-0.0076632737,705024,6092.041900396347,5640192,0.011240602
0.00073994487,0.13989258,2300.19,15.61,0.8595488220453262,920,5509,1.3877716,-0.006625043,705152,6093.15487408638,5641216,0.01382973
0.00062285695,0.14013672,2300.19,15.61,0.7735034376382828,891,5510,1.4313741,-0.007244018,705280,6094.30458521843,5642240,0.020561278
0.0008408658,0.15258789,2300.19,15.61,0.8645452857017517,912,5511,1.3490757,-0.006901722,705408,6095.427269697189,5643264,0.01649229
0.0005674967,0.10864258,2300.19,15.61,0.8396023362874985,956,5512,1.3921531,-0.006009887,705536,6096.4982306957245,5644288,0.016705485
0.0006266321,0.15161133,2304.09,15.59,0.8277195990085602,958,5513,1.4065295,-0.005938362,705664,6097.566802740097,5645312,0.014584623
0.0010603634,0.17895508,2304.09,15.59,0.781969279050827,972,5514,1.3721931,-0.0070284563,705792,6098.620591878891,5646336,0.033725902
0.0005245923,0.1184082,2304.09,15.59,0.8590785562992096,970,5515,1.3639755,-0.005801637,705920,6099.676238298416,5647360,0.0171238
0.0005546011,0.13085938,2304.09,15.59,0.8029675185680389,963,5516,1.401892,-0.006502886,706048,6100.73957657814,5648384,0.013642822
0.00061158405,0.13745117,2304.09,15.59,0.8010122179985046,965,5517,1.4083291,-0.006395941,706176,6101.800695896149,5649408,0.019920964
0.00070114806,0.11767578,2295.33,15.65,0.9216247797012329,891,5518,1.3588295,-0.0074247103,706304,6102.949721574783,5650432,0.009748231
0.0007149667,0.13183594,2288.12,15.69,0.7870345264673233,954,5519,1.3471297,-0.007368969,706432,6104.0237596035,5651456,0.030166687
0.0006780269,0.14477539,2288.12,15.69,0.7936205118894577,971,5520,1.3836454,-0.006429858,706560,6105.078612804413,5652480,0.01708429
0.0006927822,0.1274414,2286.09,15.7,0.7806639075279236,955,5521,1.3934888,-0.006901946,706688,6106.15070271492,5653504,0.02301177
0.00064199226,0.11450195,2286.09,15.7,0.6662947535514832,930,5522,1.3774366,-0.0072792787,706816,6107.252509832382,5654528,0.04078612
0.00060000696,0.12231445,2286.09,15.7,0.7171804308891296,921,5523,1.3452883,-0.007717249,706944,6108.3644251823425,5655552,0.028656611
0.0007745919,0.16186523,2279.75,15.74,0.8307869732379913,879,5524,1.3357239,-0.0069037904,707072,6109.529171228409,5656576,0.020410884
0.0007833927,0.123291016,2279.75,15.74,0.8230393677949905,981,5525,1.3513674,-0.0073323064,707200,6110.573030233383,5657600,0.018557224
0.0004903093,0.10913086,2279.75,15.74,0.7631192058324814,954,5526,1.3917663,-0.0064802174,707328,6111.646757364273,5658624,0.025047863
0.0007062992,0.12646484,2279.75,15.74,0.664227306842804,941,5527,1.4312694,-0.0058548143,707456,6112.7355053424835,5659648,0.032731287
0.0008196873,0.1340332,2279.75,15.74,0.8132489323616028,953,5528,1.3478287,-0.007142233,707584,6113.809927940369,5660672,0.023020307
0.0005756168,0.1262207,2279.75,15.74,0.754610538482666,971,5529,1.3487982,-0.00598135,707712,6114.864982366562,5661696,0.027710464
0.0006595219,0.13330078,2279.75,15.74,0.8770802244544029,957,5530,1.3579541,-0.0071471175,707840,6115.9356191158295,5662720,0.0149532035
0.00066944386,0.13208008,2279.75,15.74,0.8092223703861237,966,5531,1.3376957,-0.005911762,707968,6116.995532035828,5663744,0.024580685
0.0007732273,0.18774414,2284.4,15.68,0.8522354066371918,963,5532,1.3993239,-0.007048687,708096,6118.05920958519,5664768,0.014134213
0.00075535243,0.15112305,2284.4,15.68,0.8133839517831802,980,5533,1.3751928,-0.007173688,708224,6119.10409450531,5665792,0.025292894
0.00073632237,0.12963867,2284.4,15.68,0.829871416091919,974,5534,1.3675957,-0.006424174,708352,6120.156067609787,5666816,0.023388099
0.00077988027,0.15649414,2284.4,15.68,0.7796642482280731,973,5535,1.3600055,-0.0048061972,708480,6121.208366394043,5667840,0.025196264
0.0007617367,0.15258789,2281.22,15.68,0.8213926255702972,936,5536,1.3565813,-0.007233901,708608,6122.302312374115,5668864,0.02259665
0.0005987139,0.12109375,2277.43,15.69,0.8467865437269211,962,5537,1.4051082,-0.0064567565,708736,6123.366917848587,5669888,0.023059038
0.0003896883,0.09887695,2277.43,15.69,0.7449013292789459,938,5538,1.3685751,-0.0069208615,708864,6124.45839381218,5670912,0.029371567
0.0006233889,0.12866211,2275.49,15.63,0.8227068483829498,959,5539,1.3366387,-0.0065219332,708992,6125.526428461075,5671936,0.022331493
0.0007976026,0.12866211,2271.91,15.67,0.911956176161766,908,5540,1.4504486,-0.00751464,709120,6126.654822349548,5672960,0.006727425
0.0006303888,0.14331055,2271.91,15.67,0.8229611068964005,975,5541,1.4569674,-0.006420197,709248,6127.7050223350525,5673984,0.016307713
0.00054593844,0.125,2271.91,15.67,0.7358527779579163,966,5542,1.3623215,-0.0054162387,709376,6128.765818834305,5675008,0.031155547
0.0007447239,0.1484375,2269.81,15.67,0.8936347290873528,953,5543,1.3924016,-0.007395271,709504,6129.840867757797,5676032,0.011754779
0.0007726452,0.13061523,2272.67,15.69,0.8945929855108261,951,5544,1.3528924,-0.007071413,709632,6130.91749048233,5677056,0.015390961
0.0006694696,0.12426758,2272.67,15.69,0.8234672993421555,976,5545,1.4217422,-0.006810422,709760,6131.967199802399,5678080,0.026126307
0.0005501567,0.12719727,2272.67,15.69,0.8306444138288498,968,5546,1.3808539,-0.007170164,709888,6133.025343179703,5679104,0.02470953
0.0005322379,0.1027832,2272.67,15.69,0.7854047864675522,974,5547,1.429451,-0.0059937127,710016,6134.077362775803,5680128,0.02061516
0.0005269746,0.13256836,2268.08,15.69,0.7946133464574814,967,5548,1.3917717,-0.007268415,710144,6135.136780261993,5681152,0.029413324
0.00057082745,0.10522461,2268.08,15.69,0.8796221762895584,978,5549,1.4012052,-0.006820099,710272,6136.184394836426,5682176,0.013686965
0.0006431509,0.15307617,2268.08,15.69,0.8170979768037796,965,5550,1.4103683,-0.006905961,710400,6137.245951414108,5683200,0.013071102
0.00064104353,0.1171875,2268.08,15.69,0.8111704140901566,967,5551,1.3832793,-0.0064464463,710528,6138.3048396110535,5684224,0.028143087
0.000568595,0.115722656,2268.08,15.69,0.8041972219944,952,5552,1.3700424,-0.0073143966,710656,6139.380884647369,5685248,0.033006575
0.0006643747,0.1574707,2271.35,15.65,0.7979710698127747,950,5553,1.3506283,-0.0064464007,710784,6140.458867549896,5686272,0.022859927
0.0006469325,0.12207031,2266.19,15.65,0.8868648111820221,963,5554,1.3161753,-0.0067478693,710912,6141.522605895996,5687296,0.017329969
0.00075781276,0.123046875,2266.19,15.65,0.8129657804965973,939,5555,1.3534627,-0.0068541868,711040,6142.612735748291,5688320,0.029982934
0.0006948432,0.1237793,2266.09,15.64,0.8260589838027954,911,5556,1.3704667,-0.00612152,711168,6143.736880302429,5689344,0.023405751
0.00067526824,0.16040039,2262.55,15.62,0.8075693100690842,964,5557,1.3677368,-0.0073508243,711296,6144.799441099167,5690368,0.022605255
0.00065805874,0.13256836,2262.55,15.62,0.8502518385648727,965,5558,1.4071159,-0.007293083,711424,6145.861169099808,5691392,0.019616788
0.0004729591,0.10131836,2262.55,15.62,0.7121865451335907,969,5559,1.4190614,-0.0055588274,711552,6146.918097496033,5692416,0.017454822
0.0007928568,0.12036133,2262.55,15.62,0.7701438367366791,959,5560,1.4207392,-0.005348697,711680,6147.986622333527,5693440,0.027090102
0.0005069959,0.10498047,2262.55,15.62,0.7785434722900391,945,5561,1.367171,-0.005618483,711808,6149.070762634277,5694464,0.027276559
0.0005813561,0.12231445,2259.48,15.59,0.6707983314990997,918,5562,1.4169796,-0.0068184254,711936,6150.18635725975,5695488,0.029179402
0.0006962064,0.12890625,2266.82,15.55,0.8447742462158203,945,5563,1.3731563,-0.005810284,712064,6151.270644187927,5696512,0.016515203
0.00056955183,0.12036133,2266.82,15.55,0.7527601569890976,887,5564,1.2954884,-0.006759268,712192,6152.425097703934,5697536,0.032056477
0.000643051,0.1274414,2266.82,15.55,0.7608923763036728,980,5565,1.3796403,-0.0066901916,712320,6153.470502138138,5698560,0.032782383
0.0005943093,0.11035156,2266.82,15.55,0.7711678743362427,947,5566,1.3782388,-0.0062521882,712448,6154.5523936748505,5699584,0.033979118
0.0005967886,0.1315918,2267.42,15.51,0.8884812891483307,902,5567,1.3478509,-0.007087374,712576,6155.6879529953,5700608,0.014739044
0.0005224981,0.12768555,2265.48,15.52,0.8409058451652527,912,5568,1.3950993,-0.0055046333,712704,6156.810745954514,5701632,0.019393373
0.0006052819,0.13476562,2265.48,15.52,0.8332451581954956,964,5569,1.4174559,-0.007069861,712832,6157.872927188873,5702656,0.022423696
0.0007999296,0.16455078,2265.48,15.52,0.6920681893825531,933,5570,1.3317602,-0.0074538817,712960,6158.970588922501,5703680,0.03639631
0.0008561909,0.16748047,2268.46,15.48,0.8234460055828094,905,5571,1.4087311,-0.0062385276,713088,6160.102694511414,5704704,0.014478501
0.0008430808,0.19067383,2268.46,15.48,0.8438203036785126,902,5572,1.3535832,-0.0063981162,713216,6161.238176345825,5705728,0.021245394
0.00096869713,0.1953125,2268.46,15.48,0.8158047199249268,967,5573,1.3481959,-0.006899549,713344,6162.297688007355,5706752,0.024705058
0.0005839748,0.14160156,2276.29,15.35,0.8709669709205627,952,5574,1.4121393,-0.0068484233,713472,6163.3731009960175,5707776,0.012879935
0.00062060205,0.13623047,2276.29,15.35,0.7585721909999847,961,5575,1.3478358,-0.006129515,713600,6164.438760995865,5708800,0.027859276
0.00085567555,0.14453125,2276.29,15.35,0.8158914744853973,910,5576,1.3009219,-0.006862974,713728,6165.56463265419,5709824,0.022854969
0.000666427,0.16137695,2279.87,15.33,0.8273105621337891,929,5577,1.4484754,-0.0074331006,713856,6166.666836261749,5710848,0.011744578
0.000580436,0.16015625,2275.65,15.36,0.919268973171711,888,5578,1.4391503,-0.007675803,713984,6167.819820642471,5711872,0.0046482147
0.0006334747,0.14892578,2272.93,15.37,0.7781738638877869,925,5579,1.37598,-0.0066017574,714112,6168.927142858505,5712896,0.020541966
0.00062332035,0.13305664,2272.93,15.37,0.7857854515314102,928,5580,1.372023,-0.0074030384,714240,6170.030389547348,5713920,0.026504446
0.0006143353,0.1328125,2272.93,15.37,0.7757215946912766,907,5581,1.3444641,-0.0062640407,714368,6171.159254312515,5714944,0.027604332
0.00067996985,0.1550293,2272.93,15.37,0.8596194237470627,982,5582,1.3883904,-0.008129456,714496,6172.202723503113,5715968,0.016418811
0.0008667439,0.1730957,2269.29,15.39,0.7056896388530731,964,5583,1.30251,-0.0061269547,714624,6173.264804124832,5716992,0.039598145
0.00094782683,0.16308594,2269.29,15.39,0.6987436413764954,926,5584,1.3174379,-0.0070564905,714752,6174.370696544647,5718016,0.035014864
0.0007547838,0.15722656,2269.29,15.39,0.805061474442482,900,5585,1.3940461,-0.0075033605,714880,6175.508441448212,5719040,0.020505885
0.000582027,0.12597656,2269.29,15.39,0.8466364294290543,913,5586,1.4095864,-0.0070713777,715008,6176.630697965622,5720064,0.01932056
0.00064303615,0.14355469,2277.15,15.28,0.7551126629114151,915,5587,1.3254056,-0.007553971,715136,6177.749887943268,5721088,0.030635485
0.0007809761,0.16796875,2277.15,15.28,0.7625930160284042,971,5588,1.2871927,-0.007933664,715264,6178.804886341095,5722112,0.03427863
0.0008374239,0.15625,2277.15,15.28,0.7979193180799484,968,5589,1.3935157,-0.0073127253,715392,6179.862442970276,5723136,0.021531422
0.0010245073,0.21557617,2277.15,15.28,0.8170009255409241,911,5590,1.3481066,-0.008703528,715520,6180.986127614975,5724160,0.023408346
0.0008310069,0.1694336,2277.15,15.28,0.8320064544677734,906,5591,1.415592,-0.0071722567,715648,6182.117105960846,5725184,0.016639236
0.0008340671,0.14208984,2274.17,15.28,0.877721756696701,888,5592,1.3466829,-0.006084527,715776,6183.270633935928,5726208,0.016726566
0.00066488265,0.12036133,2274.17,15.28,0.8381534963846207,972,5593,1.3467846,-0.005343033,715904,6184.3243181705475,5727232,0.018705549
0.0006944168,0.15527344,2279.05,15.26,0.842985063791275,950,5594,1.3945299,-0.0077248206,716032,6185.40234708786,5728256,0.016745238
0.00064253993,0.13476562,2279.05,15.26,0.8404116034507751,972,5595,1.3986114,-0.0068041994,716160,6186.456171751022,5729280,0.015672723
0.00082966825,0.15820312,2275.5,15.26,0.7517680525779724,931,5596,1.3704438,-0.0069814213,716288,6187.556729078293,5730304,0.029061489
0.0009777289,0.15063477,2275.5,15.26,0.8729824721813202,904,5597,1.3786423,-0.00664214,716416,6188.689512729645,5731328,0.015813908
0.00092360855,0.171875,2278.2,15.25,0.7929826080799103,914,5598,1.3931271,-0.006933554,716544,6189.810197353363,5732352,0.019893462
0.0008634407,0.17700195,2278.2,15.25,0.8966757282614708,931,5599,1.34881,-0.009282141,716672,6190.910138368607,5733376,0.013392529
0.0009506647,0.14331055,2278.2,15.25,0.8527998775243759,955,5600,1.3759197,-0.006622549,716800,6191.98221206665,5734400,0.017055117
0.0006184341,0.15893555,2279.18,15.23,0.8392416387796402,881,5601,1.3999032,-0.007979279,716928,6193.145127296448,5735424,0.012121061
0.0006055654,0.1381836,2279.18,15.23,0.8130447715520859,918,5602,1.3399858,-0.0070563606,717056,6194.261238574982,5736448,0.023988338
0.0008153324,0.14526367,2279.18,15.23,0.8045707494020462,903,5603,1.2939663,-0.0077944905,717184,6195.394876003265,5737472,0.02670418
0.0009173136,0.16381836,2280.12,15.23,0.8241496682167053,902,5604,1.3539937,-0.006416126,717312,6196.530902862549,5738496,0.016410438
0.0005615363,0.1484375,2280.12,15.23,0.8157528042793274,974,5605,1.4225179,-0.0061963527,717440,6197.582890748978,5739520,0.01383114
0.00076507905,0.18310547,2280.12,15.23,0.8143079876899719,954,5606,1.3971905,-0.007124378,717568,6198.656381368637,5740544,0.016701078
0.00077593635,0.15820312,2280.12,15.23,0.8324740827083588,981,5607,1.3593258,-0.007166681,717696,6199.700976610184,5741568,0.018870391
0.00070911646,0.15112305,2280.12,15.23,0.867297425866127,959,5608,1.3795614,-0.007903574,717824,6200.769160985947,5742592,0.016365163
0.000665016,0.16992188,2280.12,15.23,0.8177302330732346,955,5609,1.3533435,-0.007272273,717952,6201.841344356537,5743616,0.019629426
0.00062642084,0.12890625,2281.41,15.22,0.7590882629156113,918,5610,1.3201481,-0.005948167,718080,6202.957155704498,5744640,0.025258796
0.00085240114,0.16064453,2281.41,15.22,0.7966593354940414,917,5611,1.3289845,-0.0071980515,718208,6204.074201583862,5745664,0.02622123
0.0007871063,0.15820312,2281.41,15.22,0.8243274837732315,922,5612,1.3242397,-0.0068027168,718336,6205.18533372879,5746688,0.021770773
0.00080671743,0.17675781,2284.98,15.18,0.8641001880168915,928,5613,1.4075177,-0.0063182237,718464,6206.288450479507,5747712,0.012060419
0.00084816746,0.13549805,2285.88,15.19,0.7322236597537994,946,5614,1.2779739,-0.0067690862,718592,6207.371089935303,5748736,0.02866187
0.00095168065,0.17138672,2291.01,15.2,0.8122783750295639,968,5615,1.3169752,-0.0068469415,718720,6208.428987026215,5749760,0.021877736
0.0007455197,0.14990234,2289.75,15.2,0.8535315841436386,959,5616,1.3642915,-0.0070250686,718848,6209.497491836548,5750784,0.012931022
0.0006555819,0.14672852,2289.75,15.2,0.8728614151477814,971,5617,1.4053088,-0.0068946397,718976,6210.551993846893,5751808,0.014140906
0.000634906,0.15429688,2289.75,15.2,0.8831474483013153,964,5618,1.3548876,-0.0065177847,719104,6211.614304065704,5752832,0.01106801
0.00065013184,0.16235352,2285.91,15.25,0.7934166043996811,917,5619,1.40315,-0.0073536565,719232,6212.731025457382,5753856,0.022119492
0.0010260225,0.15209961,2285.91,15.25,0.9297100305557251,932,5620,1.3968773,-0.00818344,719360,6213.830285549164,5754880,0.008608714
0.00055946584,0.12719727,2285.91,15.25,0.8454548120498657,911,5621,1.3927306,-0.0060405405,719488,6214.954929113388,5755904,0.01754758
0.00062912185,0.15795898,2285.91,15.25,0.7488351464271545,958,5622,1.4154028,-0.0066089174,719616,6216.024726867676,5756928,0.025425434
0.0005468416,0.15356445,2285.91,15.25,0.8617110997438431,970,5623,1.4321235,-0.00668623,719744,6217.080838680267,5757952,0.012685356
0.0009904614,0.16821289,2288.21,15.24,0.8456450253725052,948,5624,1.3352937,-0.008054311,719872,6218.16142988205,5758976,0.020322673
0.0006434327,0.13134766,2288.21,15.24,0.8856259360909462,976,5625,1.3668789,-0.007064207,720000,6219.210887908936,5760000,0.016022395
0.00062619685,0.1652832,2288.21,15.24,0.8353627771139145,962,5626,1.3731121,-0.0078002913,720128,6220.275096654892,5761024,0.021113262
0.0009782221,0.16137695,2288.21,15.24,0.7730287611484528,959,5627,1.3668692,-0.007119876,720256,6221.343355894089,5762048,0.023567442
0.0007504073,0.13916016,2288.21,15.24,0.8176345229148865,948,5628,1.384424,-0.0067676664,720384,6222.424048423767,5763072,0.029473258
0.0006758773,0.12890625,2288.38,15.23,0.6382393836975098,957,5629,1.2937602,-0.0071330415,720512,6223.494765758514,5764096,0.040079687
0.00086922105,0.1586914,2289.09,15.21,0.7717968672513962,961,5630,1.3058779,-0.0069307545,720640,6224.560225009918,5765120,0.025506638
0.00059621717,0.12988281,2289.42,15.22,0.8585495501756668,970,5631,1.335121,-0.008080408,720768,6225.615674495697,5766144,0.017897442
0.0007902477,0.12695312,2289.42,15.22,0.7541879713535309,970,5632,1.3076175,-0.007617456,720896,6226.671429872513,5767168,0.036420375
0.0006312558,0.12426758,2287.99,15.25,0.8019814193248749,964,5633,1.380793,-0.006882553,721024,6227.7335641384125,5768192,0.02437715
0.0008126394,0.16235352,2290.96,15.2,0.8569753617048264,953,5634,1.3484017,-0.0069447067,721152,6228.808829545975,5769216,0.020459695
0.0006644392,0.110839844,2290.96,15.2,0.8353877365589142,975,5635,1.3770587,-0.00648911,721280,6229.858927726746,5770240,0.020790216
0.0007404701,0.15258789,2302.07,15.1,0.8474838435649872,950,5636,1.4115795,-0.0066957395,721408,6230.937401771545,5771264,0.015386638
0.0006258131,0.15039062,2302.07,15.1,0.8087534606456757,958,5637,1.4109285,-0.0071459045,721536,6232.007232427597,5772288,0.017813096
0.00044354564,0.11303711,2302.07,15.1,0.9068265408277512,906,5638,1.4190675,-0.007251683,721664,6233.137746810913,5773312,0.00989631
0.0006756113,0.1796875,2302.07,15.1,0.8706586956977844,923,5639,1.4389675,-0.007891154,721792,6234.246983289719,5774336,0.015712008
0.00075957394,0.13891602,2302.07,15.1,0.860207587480545,919,5640,1.3799317,-0.0066385595,721920,6235.360824346542,5775360,0.014090212
0.0005132798,0.11987305,2302.07,15.1,0.8318501561880112,909,5641,1.3791136,-0.0065172017,722048,6236.487559556961,5776384,0.0212251
0.0006601285,0.14160156,2302.07,15.1,0.8282942324876785,980,5642,1.4169568,-0.0069984603,722176,6237.532395362854,5777408,0.021872055
0.00075047184,0.12182617,2302.07,15.1,0.8512412309646606,967,5643,1.3354005,-0.0069753,722304,6238.591630935669,5778432,0.020338787
0.0005729966,0.13989258,2302.07,15.1,0.8002065271139145,986,5644,1.4122298,-0.0064696507,722432,6239.630316257477,5779456,0.014190787
0.0005635813,0.14550781,2291.64,15.19,0.8098969012498856,962,5645,1.43405,-0.0063500423,722560,6240.6952612400055,5780480,0.02038493
0.0007310647,0.15600586,2301.79,15.14,0.7084205746650696,955,5646,1.3595353,-0.008256962,722688,6241.768221139908,5781504,0.028374786
0.0005781084,0.13208008,2301.79,15.14,0.7985347211360931,978,5647,1.3761585,-0.007426202,722816,6242.814993858337,5782528,0.024290225
0.0007861671,0.13720703,2300.49,15.18,0.7749910354614258,960,5648,1.3965591,-0.0064345514,722944,6243.882268667221,5783552,0.026905626
0.0006579413,0.12792969,2300.49,15.18,0.728998988866806,924,5649,1.4036267,-0.006425142,723072,6244.990494728088,5784576,0.02031653
0.00054265413,0.13500977,2297.54,15.21,0.7388017177581787,945,5650,1.3835717,-0.0072251502,723200,6246.074731588364,5785600,0.026656628
0.00068319123,0.15039062,2300.39,15.16,0.8651365041732788,929,5651,1.3761785,-0.0072714514,723328,6247.177033901215,5786624,0.016726816
0.00085737737,0.14746094,2300.39,15.16,0.8197301924228668,976,5652,1.3806988,-0.007007801,723456,6248.226357460022,5787648,0.01703455
0.00048852,0.1081543,2300.39,15.16,0.8081996738910675,960,5653,1.4078864,-0.0072657247,723584,6249.292703151703,5788672,0.018306283
0.0008958603,0.1538086,2301.38,15.16,0.7192303240299225,917,5654,1.3574083,-0.00792808,723712,6250.409390926361,5789696,0.028353903
0.0005914424,0.13720703,2301.38,15.16,0.879211001098156,953,5655,1.3958051,-0.007478012,723840,6251.483944654465,5790720,0.013996127
0.0006533721,0.13085938,2301.38,15.16,0.8485257476568222,972,5656,1.4388957,-0.006125356,723968,6252.537692785263,5791744,0.011365109
0.00055837806,0.12792969,2301.38,15.16,0.7766832709312439,941,5657,1.4378511,-0.0058928533,724096,6253.625823497772,5792768,0.022284685
0.0005979085,0.14892578,2310.33,15.14,0.8474645167589188,894,5658,1.4088647,-0.0075773243,724224,6254.7712297439575,5793792,0.01332611
0.00062391564,0.13647461,2310.33,15.14,0.8184337913990021,902,5659,1.3748804,-0.0073425523,724352,6255.905943155289,5794816,0.0184067
0.0006682759,0.13696289,2310.33,15.14,0.7039682865142822,905,5660,1.3124019,-0.0067045446,724480,6257.0373158454895,5795840,0.0291187
0.0005794975,0.1694336,2310.33,15.14,0.8174832463264465,965,5661,1.4231234,-0.0066014184,724608,6258.098539590836,5796864,0.018232087
0.00062994193,0.13769531,2310.33,15.14,0.7837001085281372,965,5662,1.3421563,-0.0071762796,724736,6259.160573244095,5797888,0.029181791
0.0009921254,0.107177734,2305.6,15.17,0.673276424407959,889,5663,1.3687156,-0.005705824,724864,6260.312420129776,5798912,0.036904737
0.00052914995,0.11791992,2305.66,15.17,0.8369992673397064,931,5664,1.3529036,-0.007502774,724992,6261.412992954254,5799936,0.022844099
0.00042043897,0.110839844,2305.66,15.17,0.8377510905265808,942,5665,1.3915324,-0.006458052,725120,6262.499649524689,5800960,0.016526151
0.00075647957,0.1430664,2307.52,15.2,0.726083517074585,895,5666,1.3153267,-0.006583862,725248,6263.643395423889,5801984,0.028830817
0.0010354115,0.13671875,2306.12,15.21,0.7399775683879852,922,5667,1.3738437,-0.0067713195,725376,6264.754354000092,5803008,0.025992405
0.00049956935,0.11010742,2306.12,15.21,0.7476969957351685,982,5668,1.3992202,-0.0049431343,725504,6265.79717707634,5804032,0.027165838
0.00059949077,0.14770508,2306.12,15.21,0.8156471699476242,969,5669,1.3605254,-0.0076798284,725632,6266.854376792908,5805056,0.022492088
0.0005281254,0.12402344,2306.12,15.21,0.7781994938850403,975,5670,1.3880256,-0.00684771,725760,6267.905108451843,5806080,0.02459019
0.0007650143,0.15283203,2304.94,15.22,0.8133400678634644,957,5671,1.381631,-0.0069269873,725888,6268.975341796875,5807104,0.021437675
0.0007588854,0.13623047,2304.94,15.22,0.8609414100646973,978,5672,1.3620358,-0.007187852,726016,6270.072506427765,5808128,0.015623897
0.000759464,0.15307617,2312.39,15.15,0.791656881570816,947,5673,1.3726608,-0.0076195262,726144,6271.154417991638,5809152,0.02594759
0.0006798707,0.15161133,2312.39,15.15,0.8770360350608826,989,5674,1.4610301,-0.0077020186,726272,6272.1900272369385,5810176,0.015370577
0.0007309465,0.14624023,2312.39,15.15,0.8465721607208252,965,5675,1.439809,-0.0066797975,726400,6273.251731157303,5811200,0.010432298
0.00052909757,0.14111328,2312.39,15.15,0.8006946742534637,980,5676,1.4137489,-0.006487833,726528,6274.296664714813,5812224,0.018549336
0.0007111243,0.13574219,2312.39,15.15,0.8820291236042976,946,5677,1.368532,-0.007569127,726656,6275.380034446716,5813248,0.015325318
0.0008239371,0.14624023,2316.08,15.12,0.8330017179250717,931,5678,1.4272686,-0.0068550007,726784,6276.480487823486,5814272,0.014934154
0.0010619729,0.15844727,2313.89,15.14,0.8773043900728226,948,5679,1.4099858,-0.0071171597,726912,6277.561360120773,5815296,0.011256251
0.0007003119,0.16796875,2313.89,15.14,0.7190140187740326,970,5680,1.441553,-0.0053684628,727040,6278.617658853531,5816320,0.031168493
0.000655997,0.13476562,2313.89,15.14,0.7459791600704193,969,5681,1.388795,-0.005074336,727168,6279.67516040802,5817344,0.031260993
0.0009170631,0.1484375,2311.79,15.17,0.8204504549503326,977,5682,1.397691,-0.0057027345,727296,6280.723953008652,5818368,0.01889324
0.0009729193,0.16381836,2315.15,15.17,0.7626714557409286,974,5683,1.4009728,-0.0062878337,727424,6281.775492191315,5819392,0.02214475
0.0005942999,0.14746094,2304.51,15.26,0.823309987783432,970,5684,1.3742965,-0.0071376367,727552,6282.83101940155,5820416,0.019901294
0.0006381076,0.1340332,2299.2,15.32,0.7514791339635849,946,5685,1.3424493,-0.0069537833,727680,6283.914131402969,5821440,0.029871859
0.0006549666,0.14038086,2296.2,15.39,0.797022670507431,940,5686,1.3837228,-0.006063609,727808,6285.003881931305,5822464,0.021772992
0.0007055591,0.17041016,2296.2,15.39,0.7634125649929047,958,5687,1.370986,-0.006643172,727936,6286.0732254981995,5823488,0.034415785
0.00080527284,0.12182617,2296.2,15.39,0.8413193076848984,967,5688,1.3250667,-0.0054688575,728064,6287.132088422775,5824512,0.019019926
0.00052403565,0.12084961,2296.2,15.39,0.8394911140203476,964,5689,1.4354482,-0.0069332737,728192,6288.194034576416,5825536,0.018408153
0.00038983623,0.10058594,2296.2,15.39,0.8539158403873444,961,5690,1.3795297,-0.006087767,728320,6289.259692430496,5826560,0.018741593
0.000649012,0.13989258,2295.6,15.4,0.8098893612623215,943,5691,1.3524153,-0.007542985,728448,6290.345970392227,5827584,0.020920508
0.00067619473,0.13256836,2295.6,15.4,0.7309264540672302,945,5692,1.3029883,-0.0071370406,728576,6291.4293258190155,5828608,0.028840616
0.00054601557,0.10253906,2295.6,15.4,0.7765146791934967,916,5693,1.3569571,-0.006026933,728704,6292.547288417816,5829632,0.031437222
0.00046576804,0.111083984,2295.6,15.4,0.8491905331611633,924,5694,1.3530009,-0.006169303,728832,6293.655091524124,5830656,0.018239025
0.00073351327,0.13574219,2295.6,15.4,0.7934305667877197,987,5695,1.3200744,-0.007426174,728960,6294.692667007446,5831680,0.025333596
0.00047356836,0.118896484,2295.6,15.4,0.741411030292511,978,5696,1.4001474,-0.0060043167,729088,6295.73986697197,5832704,0.028795566
0.0010776324,0.171875,2293.9,15.37,0.8870063498616219,966,5697,1.3172675,-0.006526703,729216,6296.799968242645,5833728,0.0147482995
0.00061254593,0.13500977,2289.26,15.42,0.7298436760902405,906,5698,1.3263439,-0.0064444966,729344,6297.930387735367,5834752,0.03927377
0.0004810095,0.12402344,2293.16,15.37,0.9038442149758339,947,5699,1.4003403,-0.006902586,729472,6299.011595010757,5835776,0.009218741
0.0006773219,0.14355469,2291.78,15.37,0.8289143294095993,953,5700,1.405093,-0.0071327477,729600,6300.086590766907,5836800,0.017857144
0.00066062727,0.14501953,2292.83,15.36,0.8394849002361298,945,5701,1.3616958,-0.0070603425,729728,6301.170072317123,5837824,0.018530395
0.00066899194,0.15527344,2292.83,15.36,0.8256965279579163,984,5702,1.3476539,-0.0058461567,729856,6302.210878372192,5838848,0.02614731
0.00064559944,0.14453125,2292.83,15.36,0.7906665205955505,939,5703,1.34557,-0.005851197,729984,6303.3017654418945,5839872,0.025349285
0.0005750401,0.09082031,2292.65,15.35,0.6513469219207764,965,5704,1.3985589,-0.0046607796,730112,6304.363125085831,5840896,0.023877222
0.0007135413,0.19189453,2292.65,15.35,0.8893928676843643,968,5705,1.3943884,-0.0067719747,730240,6305.4210324287415,5841920,0.00861757
0.00088148104,0.13061523,2297.4,15.31,0.8012507557868958,906,5706,1.3692394,-0.0057954956,730368,6306.551669836044,5842944,0.019920543
0.00048295126,0.103759766,2297.4,15.31,0.8023491054773331,923,5707,1.3492472,-0.0051089423,730496,6307.661933898926,5843968,0.023620669
0.0007376268,0.111328125,2297.4,15.31,0.7791641056537628,929,5708,1.4040699,-0.006455699,730624,6308.7637486457825,5844992,0.023609893
0.0005373717,0.12207031,2297.4,15.31,0.7737844735383987,956,5709,1.3925742,-0.0056949463,730752,6309.835091590881,5846016,0.02169948
0.00067793264,0.12133789,2297.4,15.31,0.7422452867031097,974,5710,1.4347309,-0.0062325387,730880,6310.887051105499,5847040,0.022286033
0.00055738626,0.119628906,2297.4,15.31,0.8680500686168671,964,5711,1.3970985,-0.007212124,731008,6311.949348211288,5848064,0.014535755
0.00080006174,0.14160156,2297.4,15.31,0.8657159060239792,967,5712,1.4091803,-0.0078074085,731136,6313.008696317673,5849088,0.01648587
0.0006951664,0.14868164,2297.4,15.31,0.9132519587874413,954,5713,1.4255558,-0.0070694303,731264,6314.082510471344,5850112,0.008500978
0.00067109603,0.13378906,2293.88,15.3,0.7916292995214462,897,5714,1.3621528,-0.005878542,731392,6315.224098682404,5851136,0.025069455
0.0008271984,0.15405273,2297.92,15.31,0.9039882346987724,891,5715,1.4337521,-0.0063858293,731520,6316.373888492584,5852160,0.006957465
0.00041026858,0.10546875,2297.92,15.31,0.8195160925388336,946,5716,1.4542751,-0.0057779374,731648,6317.457201719284,5853184,0.013691518
0.00054570695,0.10205078,2290.76,15.42,0.7654377073049545,899,5717,1.3912117,-0.00545399,731776,6318.596170425415,5854208,0.023089442
0.000518359,0.1496582,2290.76,15.42,0.7570861726999283,918,5718,1.3770068,-0.007847315,731904,6319.712047338486,5855232,0.036666226
0.0006323064,0.12597656,2290.01,15.41,0.7675309181213379,953,5719,1.4353937,-0.005940346,732032,6320.786288976669,5856256,0.026851494
0.00047966858,0.10571289,2290.58,15.4,0.7200152575969696,977,5720,1.3492594,-0.005877072,732160,6321.834422111511,5857280,0.027374674
0.00064759364,0.14819336,2290.58,15.4,0.7773277014493942,961,5721,1.3390126,-0.0067945207,732288,6322.900361061096,5858304,0.025416188
0.0005929002,0.13549805,2290.58,15.4,0.8317660093307495,967,5722,1.3495642,-0.0066484804,732416,6323.959211111069,5859328,0.022444367
0.000704103,0.17529297,2290.58,15.4,0.8270985037088394,965,5723,1.3961418,-0.0063274545,732544,6325.020574092865,5860352,0.016764631
0.00054513593,0.11987305,2290.58,15.4,0.9147921055555344,938,5724,1.3631634,-0.006059782,732672,6326.11212682724,5861376,0.011245011
0.000863843,0.16918945,2290.58,15.4,0.7132162153720856,907,5725,1.3561716,-0.0068485495,732800,6327.241581439972,5862400,0.030691909
0.0006873056,0.11645508,2293.19,15.36,0.7561283111572266,905,5726,1.332646,-0.006239503,732928,6328.373755931854,5863424,0.03395559
0.00048807779,0.11425781,2293.19,15.36,0.7898640036582947,967,5727,1.4320644,-0.0059140963,733056,6329.432588338852,5864448,0.01820552
0.0005288259,0.1303711,2293.19,15.36,0.8626206666231155,975,5728,1.3862156,-0.0062543247,733184,6330.482969999313,5865472,0.015738424
0.00053044356,0.11621094,2293.19,15.36,0.771637424826622,970,5729,1.3214488,-0.006323758,733312,6331.538376331329,5866496,0.032094944
0.00048014626,0.118896484,2291.9,15.38,0.8709147721529007,965,5730,1.4185855,-0.0053213295,733440,6332.599967002869,5867520,0.012577301
0.0003755847,0.09716797,2287.91,15.44,0.7134910225868225,952,5731,1.3091067,-0.0057982844,733568,6333.67591047287,5868544,0.036927115
0.00051250187,0.118896484,2287.91,15.44,0.8263753354549408,983,5732,1.429769,-0.005978388,733696,6334.718105316162,5869568,0.0115544535
0.0005517213,0.140625,2286.35,15.43,0.82407446205616,953,5733,1.4011263,-0.0072499826,733824,6335.79224896431,5870592,0.019863078
0.00046803965,0.12988281,2289.73,15.39,0.7529981583356857,976,5734,1.3369043,-0.006547831,733952,6336.841392755508,5871616,0.023957383
0.00054632314,0.12084961,2289.73,15.39,0.8214626610279083,967,5735,1.413763,-0.0061126407,734080,6337.900260448456,5872640,0.012549999
0.0006335579,0.14819336,2286.78,15.41,0.7567258328199387,964,5736,1.3812062,-0.007110028,734208,6338.962826728821,5873664,0.024206717
0.00071083184,0.14624023,2289.88,15.4,0.8513255715370178,927,5737,1.3883729,-0.006625347,734336,6340.067425727844,5874688,0.013976049
0.0005834751,0.13476562,2289.88,15.4,0.7777483314275742,952,5738,1.4275122,-0.005771391,734464,6341.143303632736,5875712,0.018822912
0.000617915,0.10961914,2289.88,15.4,0.8098544925451279,937,5739,1.3600155,-0.006681922,734592,6342.236617326736,5876736,0.021182628
0.0005803018,0.13793945,2289.88,15.4,0.8727052956819534,939,5740,1.4123607,-0.005634461,734720,6343.327414989471,5877760,0.00802586
0.0005493638,0.1430664,2289.88,15.4,0.8278056085109711,978,5741,1.4595383,-0.005587567,734848,6344.374173641205,5878784,0.014784513
0.0005372866,0.095458984,2289.88,15.4,0.8237713277339935,973,5742,1.3708056,-0.005309052,734976,6345.426889657974,5879808,0.023260571
0.00065229414,0.17895508,2289.88,15.4,0.7996711134910583,963,5743,1.4351465,-0.006721518,735104,6346.489907979965,5880832,0.01908995
0.00091969356,0.1459961,2300.62,15.33,0.8388589024543762,939,5744,1.3462018,-0.0063297637,735232,6347.580214738846,5881856,0.017270803
0.0005449225,0.123535156,2300.62,15.33,0.7088786363601685,961,5745,1.3987367,-0.0056582964,735360,6348.646397829056,5882880,0.027408028
0.0004816543,0.09765625,2295.0,15.38,0.8362597972154617,948,5746,1.4002211,-0.006601061,735488,6349.7274124622345,5883904,0.017933533
0.0005167069,0.1303711,2295.38,15.35,0.8489980846643448,958,5747,1.3882202,-0.006220015,735616,6350.796826839447,5884928,0.015618221
0.0006014104,0.15185547,2295.38,15.35,0.762566402554512,977,5748,1.3135808,-0.008288921,735744,6351.8451471328735,5885952,0.02771084
0.00058228825,0.13500977,2291.0,15.38,0.7192444205284119,964,5749,1.292906,-0.006019407,735872,6352.90731549263,5886976,0.024832971
0.0004567894,0.11035156,2293.29,15.38,0.801407128572464,973,5750,1.3658592,-0.0066897543,736000,6353.960016965866,5888000,0.024180315
0.0006055639,0.12036133,2293.29,15.38,0.7666960954666138,960,5751,1.3419795,-0.006341676,736128,6355.027262687683,5889024,0.022309594
0.00060494104,0.11743164,2293.29,15.38,0.7203569114208221,919,5752,1.3498225,-0.0071820803,736256,6356.141273021698,5890048,0.035323583
0.0005730982,0.09765625,2293.29,15.38,0.7958086282014847,950,5753,1.4092757,-0.005614508,736384,6357.219363689423,5891072,0.018770253
0.0004858547,0.12573242,2293.29,15.38,0.9098120033740997,963,5754,1.4033587,-0.0056557935,736512,6358.282490968704,5892096,0.008787769
0.00063494075,0.1394043,2297.05,15.39,0.7764833569526672,963,5755,1.3778584,-0.005918549,736640,6359.346067905426,5893120,0.022314997
0.0008269755,0.1394043,2297.05,15.39,0.8415254652500153,979,5756,1.3280873,-0.0070290337,736768,6360.392603635788,5894144,0.02111433
0.0006185341,0.14208984,2297.05,15.39,0.8721753060817719,959,5757,1.3549297,-0.006152655,736896,6361.4602682590485,5895168,0.013605502
0.00048658077,0.14038086,2297.05,15.39,0.7155210077762604,953,5758,1.4421159,-0.0053892676,737024,6362.534958600998,5896192,0.020775042
0.00056621653,0.14746094,2297.05,15.39,0.8786353319883347,950,5759,1.4119247,-0.0064999284,737152,6363.6126391887665,5897216,0.0125591075
0.00050007127,0.11791992,2297.05,15.39,0.813365638256073,959,5760,1.3380536,-0.0061966926,737280,6364.68012547493,5898240,0.024731182
0.00047595878,0.107177734,2297.05,15.39,0.7406952381134033,964,5761,1.3791461,-0.0056898417,737408,6365.742679595947,5899264,0.019569326
0.0005872424,0.12060547,2302.6,15.41,0.8692050874233246,940,5762,1.4315063,-0.006076198,737536,6366.832649230957,5900288,0.010524996
0.0005676908,0.123046875,2298.1,15.52,0.7217694520950317,938,5763,1.3395665,-0.0062988377,737664,6367.923916578293,5901312,0.032110337
0.00074402755,0.17626953,2298.1,15.52,0.8579737693071365,908,5764,1.4135146,-0.0074737594,737792,6369.051250219345,5902336,0.0155503005
0.00070559914,0.15649414,2298.1,15.52,0.8165357708930969,932,5765,1.3207296,-0.007257917,737920,6370.150483846664,5903360,0.028804878
0.0006683068,0.14233398,2298.1,15.52,0.8279955089092255,899,5766,1.3324164,-0.0067986953,738048,6371.289242982864,5904384,0.016121117
0.00082835427,0.17700195,2298.1,15.52,0.843754380941391,908,5767,1.3594538,-0.006808791,738176,6372.417788267136,5905408,0.01742941
0.0006324949,0.13208008,2301.14,15.47,0.8146034181118011,902,5768,1.3680996,-0.0070533585,738304,6373.553077697754,5906432,0.017608762
0.00048049272,0.12866211,2301.54,15.48,0.8182370364665985,898,5769,1.4197252,-0.006105347,738432,6374.693509340286,5907456,0.013659183
0.000638366,0.140625,2301.54,15.48,0.8050283342599869,948,5770,1.3272839,-0.005468755,738560,6375.773896694183,5908480,0.027960684
0.0010517222,0.14233398,2301.54,15.48,0.8815521523356438,964,5771,1.364928,-0.0058747963,738688,6376.836635112762,5909504,0.014280628
0.0005162032,0.12133789,2308.51,15.49,0.8861542120575905,945,5772,1.3708651,-0.006384677,738816,6377.920399188995,5910528,0.011349718
0.00080016913,0.16088867,2308.51,15.49,0.7744820713996887,960,5773,1.3745185,-0.005943085,738944,6378.987637519836,5911552,0.01816412
0.0006625966,0.18115234,2308.51,15.49,0.8328693360090256,963,5774,1.4201398,-0.0061043645,739072,6380.051283836365,5912576,0.01297275
0.00051859353,0.11010742,2308.51,15.49,0.8404781073331833,958,5775,1.3647392,-0.006880129,739200,6381.120302438736,5913600,0.01624028
0.0005205515,0.122802734,2308.51,15.49,0.6961498558521271,957,5776,1.2649957,-0.006401773,739328,6382.190458059311,5914624,0.03577919
0.00056289096,0.15136719,2308.51,15.49,0.7052933275699615,958,5777,1.4138079,-0.0060388874,739456,6383.259575128555,5915648,0.02446481
0.0007004668,0.13769531,2308.51,15.49,0.8318986892700195,960,5778,1.372108,-0.005698381,739584,6384.326725959778,5916672,0.018707678
0.00047059965,0.09814453,2307.74,15.5,0.6727262437343597,972,5779,1.260091,-0.006307722,739712,6385.380737066269,5917696,0.029179387
0.00063848426,0.15405273,2307.74,15.5,0.7877829521894455,977,5780,1.3250159,-0.0067060147,739840,6386.42880320549,5918720,0.021600882
0.000470668,0.12011719,2307.74,15.5,0.7949432283639908,962,5781,1.4283016,-0.0062655555,739968,6387.493175268173,5919744,0.0126327425
0.0007479589,0.15258789,2305.44,15.51,0.6960792541503906,958,5782,1.3039793,-0.0070312945,740096,6388.562098503113,5920768,0.030267196
0.0005362454,0.11791992,2303.95,15.55,0.7637474238872528,940,5783,1.3202934,-0.004911651,740224,6389.651875257492,5921792,0.025733244
0.0006011215,0.1418457,2303.95,15.55,0.7818795442581177,975,5784,1.32386,-0.0060479157,740352,6390.70246052742,5922816,0.023916764
0.0007992459,0.14916992,2308.08,15.56,0.7374347746372223,953,5785,1.3956916,-0.0062256358,740480,6391.77809715271,5923840,0.026763724
0.00046316965,0.12402344,2308.08,15.56,0.8381438553333282,978,5786,1.3509078,-0.0053420523,740608,6392.82502746582,5924864,0.016113697
0.00065851165,0.14794922,2297.39,15.7,0.8867297992110252,947,5787,1.3855066,-0.006415273,740736,6393.906359434128,5925888,0.008812525
0.0006443915,0.119628906,2297.39,15.7,0.731530636548996,978,5788,1.3622018,-0.00552907,740864,6394.953687667847,5926912,0.026332445
0.00045792662,0.09033203,2297.39,15.7,0.7313407957553864,973,5789,1.423078,-0.0059992345,740992,6396.00598359108,5927936,0.022659784
0.0005637634,0.14208984,2297.39,15.7,0.8182936459779739,974,5790,1.3540828,-0.006140774,741120,6397.05792760849,5928960,0.022348039
0.00063901907,0.15356445,2297.39,15.7,0.8169407248497009,955,5791,1.3969271,-0.0075635854,741248,6398.130298614502,5929984,0.023977853
0.0007123776,0.14453125,2297.39,15.7,0.8444221466779709,953,5792,1.3480463,-0.005935978,741376,6399.205506801605,5931008,0.015910521
0.0005427627,0.14624023,2297.39,15.7,0.7520327419042587,961,5793,1.3570971,-0.006502632,741504,6400.271800518036,5932032,0.028952142
0.0011260547,0.123535156,2302.12,15.69,0.7555755823850632,947,5794,1.3125341,-0.0061873444,741632,6401.353383302689,5933056,0.027408773
0.00064284,0.1274414,2302.12,15.69,0.8169376254081726,985,5795,1.3606871,-0.0061552157,741760,6402.393318653107,5934080,0.015816433
0.00049051165,0.11816406,2302.12,15.69,0.8264182955026627,967,5796,1.4217471,-0.0045127887,741888,6403.452235221863,5935104,0.011047951
0.0005418334,0.14135742,2302.12,15.69,0.8147213310003281,969,5797,1.3788353,-0.0064405827,742016,6404.509532213211,5936128,0.0154920155
0.00048036943,0.109375,2302.12,15.69,0.8076264560222626,961,5798,1.3914669,-0.005592065,742144,6405.575050830841,5937152,0.022872906
0.00060043955,0.1496582,2293.53,15.8,0.8443863838911057,929,5799,1.3479532,-0.0073791565,742272,6406.67794585228,5938176,0.017253706
0.00074967,0.12207031,2289.74,15.85,0.7468465864658356,958,5800,1.3352206,-0.0056953877,742400,6407.747077465057,5939200,0.038524263
0.00055765064,0.14941406,2292.28,15.83,0.6716271340847015,918,5801,1.2942264,-0.0052816784,742528,6408.862851858139,5940224,0.03828738
0.00080440665,0.12109375,2290.31,15.86,0.8056404441595078,949,5802,1.3591031,-0.0065726317,742656,6409.942252159119,5941248,0.022868974
0.00065603683,0.14794922,2290.31,15.86,0.8686358481645584,974,5803,1.3601387,-0.0066648796,742784,6410.993958950043,5942272,0.011560376
0.00083151617,0.1508789,2290.31,15.86,0.7482078373432159,959,5804,1.3421696,-0.006289923,742912,6412.061416387558,5943296,0.02635207
0.0007196327,0.13842773,2290.31,15.86,0.802615761756897,923,5805,1.4073036,-0.0071342066,743040,6413.17295217514,5944320,0.01975253
0.0005554179,0.14208984,2290.31,15.86,0.8734896332025528,900,5806,1.3064343,-0.006849625,743168,6414.3113925457,5945344,0.013460139
0.0006092651,0.12866211,2290.31,15.86,0.8567158579826355,966,5807,1.3663517,-0.0064429664,743296,6415.371965885162,5946368,0.015068915
0.00078949815,0.15551758,2295.07,15.8,0.7759197950363159,919,5808,1.4010303,-0.007034651,743424,6416.486327648163,5947392,0.025771283
0.0006054772,0.14624023,2289.35,15.86,0.6858256757259369,959,5809,1.4162912,-0.006434955,743552,6417.554606437683,5948416,0.04248626
0.00060695055,0.16210938,2289.35,15.86,0.7933276742696762,911,5810,1.3536396,-0.0062386338,743680,6418.678514480591,5949440,0.032668337
0.00068828417,0.14819336,2289.35,15.86,0.7090380489826202,931,5811,1.3886857,-0.0069253165,743808,6419.7787363529205,5950464,0.02488044
0.0006097912,0.16137695,2289.35,15.86,0.7840754091739655,899,5812,1.391529,-0.0062457803,743936,6420.91806936264,5951488,0.013791218
0.00070513145,0.12548828,2289.35,15.86,0.727032333612442,907,5813,1.3683009,-0.004815258,744064,6422.047203779221,5952512,0.0221058
0.0006238532,0.14208984,2294.97,15.86,0.8861342445015907,896,5814,1.3426465,-0.005985147,744192,6423.190269470215,5953536,0.011233456
0.00064158125,0.1303711,2293.31,15.92,0.7564099431037903,892,5815,1.3452944,-0.0067814616,744320,6424.338505029678,5954560,0.025617214
0.00085893465,0.14013672,2286.93,15.95,0.7345925569534302,889,5816,1.31366,-0.006863134,744448,6425.4904980659485,5955584,0.02774575
0.0005669541,0.16870117,2286.93,15.95,0.8300966024398804,922,5817,1.3915745,-0.006829711,744576,6426.601646184921,5956608,0.011649582
0.0013072585,0.1328125,2286.93,15.95,0.9137295931577682,888,5818,1.4276873,-0.0060907714,744704,6427.754626750946,5957632,0.007056754
0.00050909346,0.11206055,2286.93,15.95,0.8632809221744537,953,5819,1.3060658,-0.006139196,744832,6428.8289539813995,5958656,0.01607795
0.0006575313,0.17382812,2290.61,15.84,0.8802652731537819,896,5820,1.4322675,-0.007172694,744960,6429.972059011459,5959680,0.011109142
0.0006549532,0.13256836,2290.61,15.84,0.7948751598596573,952,5821,1.3622334,-0.006494106,745088,6431.047491788864,5960704,0.02083686
0.0008776424,0.14477539,2290.61,15.84,0.8138330429792404,958,5822,1.3998346,-0.0059176213,745216,6432.116510629654,5961728,0.019511381
0.0007363764,0.14624023,2290.61,15.84,0.8337925672531128,911,5823,1.4205856,-0.006219206,745344,6433.240041017532,5962752,0.012941256
0.0007089817,0.1496582,2290.61,15.84,0.7884477972984314,928,5824,1.4020295,-0.005878417,745472,6434.343403100967,5963776,0.02351427
0.000725305,0.114990234,2290.61,15.84,0.8743128627538681,979,5825,1.3821898,-0.0057332506,745600,6435.389613866806,5964800,0.01328942
0.00074841955,0.19995117,2289.82,15.86,0.8202913105487823,954,5826,1.4120988,-0.0067953737,745728,6436.4630036354065,5965824,0.023544254
0.00051792973,0.114990234,2293.07,15.82,0.8196162581443787,970,5827,1.360682,-0.0067969095,745856,6437.518825769424,5966848,0.017497197
0.00056658813,0.17089844,2293.07,15.82,0.9039372503757477,961,5828,1.439508,-0.00701773,745984,6438.584375619888,5967872,0.0050821756
0.0008642006,0.17089844,2289.04,15.82,0.8318064361810684,957,5829,1.4100491,-0.006812041,746112,6439.654918670654,5968896,0.021725787
0.0006895807,0.12451172,2289.04,15.82,0.8859755471348763,962,5830,1.361797,-0.0065240287,746240,6440.720205307007,5969920,0.010393174
0.00060332107,0.12060547,2289.04,15.82,0.8616772145032883,959,5831,1.3920215,-0.005707883,746368,6441.788659572601,5970944,0.019264843
0.0006887976,0.16699219,2284.32,15.86,0.8019006848335266,921,5832,1.3647225,-0.0060468554,746496,6442.900614261627,5971968,0.018977476
0.0010881287,0.16357422,2284.32,15.86,0.8363734781742096,971,5833,1.3177519,-0.006784536,746624,6443.955883026123,5972992,0.020759474
0.00059184845,0.14648438,2281.89,15.88,0.836859941482544,954,5834,1.3503225,-0.0063540256,746752,6445.029770374298,5974016,0.019141313
0.00066058896,0.16064453,2281.89,15.88,0.871904119849205,976,5835,1.3597769,-0.006893228,746880,6446.079163789749,5975040,0.017618598
0.0007784262,0.1586914,2283.67,15.85,0.8381605446338654,953,5836,1.3502973,-0.0065415213,747008,6447.154037952423,5976064,0.016098538
0.00077688345,0.16064453,2283.67,15.85,0.8550546020269394,971,5837,1.385501,-0.006935744,747136,6448.20925450325,5977088,0.019388137
0.0009166625,0.20336914,2283.67,15.85,0.8434227555990219,955,5838,1.3537434,-0.008753365,747264,6449.281702756882,5978112,0.017037246
0.00081522606,0.1394043,2281.82,15.8,0.8171954303979874,965,5839,1.3315425,-0.0069696396,747392,6450.343438863754,5979136,0.022564394
0.0007183246,0.16625977,2281.82,15.8,0.7206200659275055,968,5840,1.330301,-0.0070507387,747520,6451.4010236263275,5980160,0.034817066
0.000846591,0.16625977,2281.82,15.8,0.763502687215805,924,5841,1.29161,-0.006297216,747648,6452.509213447571,5981184,0.03089439
0.0005847308,0.122558594,2281.71,15.81,0.7557101845741272,898,5842,1.3302583,-0.0053765518,747776,6453.649293661118,5982208,0.02879129
0.00076270156,0.15112305,2281.71,15.81,0.8434403985738754,971,5843,1.2540345,-0.007862807,747904,6454.704464435577,5983232,0.0186789
0.00056221854,0.11206055,2281.71,15.81,0.8433476090431213,967,5844,1.3595381,-0.0068007736,748032,6455.763915777206,5984256,0.023078261
0.0006471699,0.11669922,2286.12,15.78,0.8319846093654633,963,5845,1.3433547,-0.00733473,748160,6456.827548980713,5985280,0.022435738
0.0006233582,0.13549805,2286.12,15.78,0.7831868976354599,975,5846,1.370053,-0.006214706,748288,6457.878467798233,5986304,0.018861644
0.0005839278,0.15698242,2286.12,15.78,0.8035905212163925,973,5847,1.4011977,-0.0057564317,748416,6458.9316556453705,5987328,0.016075369
0.00081246597,0.16015625,2285.2,15.78,0.8745710998773575,919,5848,1.3774502,-0.0060575265,748544,6460.046364545822,5988352,0.013785488
0.0009950906,0.11816406,2285.2,15.78,0.8094435781240463,974,5849,1.3445244,-0.005790024,748672,6461.098387479782,5989376,0.023871861
0.00066171907,0.1665039,2287.51,15.77,0.9301607012748718,944,5850,1.3906214,-0.0076170554,748800,6462.183065891266,5990400,0.0049836705
0.0005925752,0.1262207,2287.51,15.77,0.7337900996208191,968,5851,1.3844284,-0.0056573357,748928,6463.240786790848,5991424,0.027258446
0.0007035845,0.10839844,2287.51,15.77,0.7796586602926254,957,5852,1.4199861,-0.0052214796,749056,6464.310993909836,5992448,0.019817665
0.00062626594,0.16381836,2294.13,15.73,0.9075843915343285,961,5853,1.3749795,-0.0072646663,749184,6465.376309871674,5993472,0.009747058
0.0008462968,0.140625,2290.45,15.75,0.845446914434433,953,5854,1.372488,-0.006106305,749312,6466.451098680496,5994496,0.014778279
0.00061109604,0.12402344,2287.79,15.81,0.8818830400705338,959,5855,1.4104902,-0.0054607894,749440,6467.519608974457,5995520,0.012120843
0.00082621066,0.15551758,2287.79,15.81,0.7886861860752106,956,5856,1.357613,-0.006172197,749568,6468.591256380081,5996544,0.021105014
0.0007375896,0.13208008,2281.57,15.85,0.76329006254673,925,5857,1.3235085,-0.0067567956,749696,6469.697894334793,5997568,0.0305009
0.00066432485,0.15185547,2281.57,15.85,0.8295358419418335,905,5858,1.3851929,-0.00706659,749824,6470.829391717911,5998592,0.01674073
0.0006739061,0.15039062,2276.59,15.89,0.948476005345583,905,5859,1.340725,-0.007164415,749952,6471.961322784424,5999616,0.006070986
0.0005915733,0.1586914,2276.59,15.89,0.8482433259487152,900,5860,1.3764575,-0.005959476,750080,6473.099148511887,6000640,0.017094174
0.00066716614,0.11645508,2276.59,15.89,0.9271486476063728,894,5861,1.3345838,-0.00683699,750208,6474.244748592377,6001664,0.010902245
0.00064318895,0.15917969,2276.59,15.89,0.78841632604599,907,5862,1.3735527,-0.006570851,750336,6475.373297214508,6002688,0.026428105
0.0006731147,0.1586914,2276.59,15.89,0.7856066226959229,913,5863,1.3215696,-0.00647676,750464,6476.4952709674835,6003712,0.031086154
0.0007606139,0.15893555,2276.59,15.89,0.7552740275859833,959,5864,1.3036861,-0.00527426,750592,6477.56324338913,6004736,0.038503412
0.0004927901,0.11694336,2276.59,15.89,0.8568896353244781,956,5865,1.3892074,-0.006100732,750720,6478.634761333466,6005760,0.01860134
0.0008272212,0.16235352,2277.65,15.89,0.8496869057416916,879,5866,1.3385351,-0.007236057,750848,6479.799499750137,6006784,0.018933466
0.00065870665,0.12719727,2277.65,15.89,0.8403572589159012,895,5867,1.379367,-0.0063573057,750976,6480.94347858429,6007808,0.023208484
0.0006901915,0.12841797,2277.65,15.89,0.6938227415084839,912,5868,1.3359272,-0.0053638457,751104,6482.066550016403,6008832,0.032192014
0.0007280763,0.15844727,2275.36,15.92,0.7488067150115967,967,5869,1.3465991,-0.006272905,751232,6483.125562667847,6009856,0.02415962
0.00058467925,0.12573242,2275.12,15.91,0.8252778053283691,913,5870,1.3369408,-0.0054644537,751360,6484.247894287109,6010880,0.02529134
0.0005917141,0.14648438,2275.12,15.91,0.744506448507309,911,5871,1.4336671,-0.0063028065,751488,6485.371986150742,6011904,0.023282899
0.0008485706,0.12817383,2275.12,15.91,0.8618500679731369,970,5872,1.3552421,-0.0052790036,751616,6486.427303314209,6012928,0.01605217
0.0008966002,0.13476562,2276.16,15.88,0.7740952223539352,942,5873,1.3876686,-0.0050318297,751744,6487.514911413193,6013952,0.024615575
0.0006587491,0.16113281,2281.95,15.85,0.808419868350029,947,5874,1.3108793,-0.005891893,751872,6488.596036434174,6014976,0.024879036
0.00069716125,0.15820312,2281.29,15.84,0.8418442904949188,969,5875,1.3349532,-0.00565542,752000,6489.653345584869,6016000,0.020029062
0.00057001004,0.12207031,2279.73,15.77,0.8599484413862228,952,5876,1.3957373,-0.0053052604,752128,6490.729208707809,6017024,0.020081535
0.00041341461,0.12524414,2279.73,15.77,0.798266738653183,972,5877,1.4020506,-0.005952674,752256,6491.782652854919,6018048,0.016107993
0.0005976891,0.1484375,2279.73,15.77,0.7315308153629303,973,5878,1.3938103,-0.0062585464,752384,6492.835156679153,6019072,0.023162972
0.00045002793,0.119140625,2279.73,15.77,0.9261430352926254,965,5879,1.4062619,-0.006846745,752512,6493.896770000458,6020096,0.007610541
0.00049097085,0.12890625,2279.73,15.77,0.8017046749591827,968,5880,1.3987975,-0.006137654,752640,6494.955010652542,6021120,0.027035713
0.00064336427,0.15844727,2279.73,15.77,0.8555230349302292,975,5881,1.4069443,-0.005847148,752768,6496.005286455154,6022144,0.01685862
0.00048099522,0.12939453,2279.73,15.77,0.8737260401248932,987,5882,1.4245746,-0.0064606736,752896,6497.043005466461,6023168,0.01572542
0.0010279964,0.13085938,2275.18,15.77,0.8252540230751038,965,5883,1.4075682,-0.006552545,753024,6498.103896379471,6024192,0.018690351
0.00045231526,0.111572266,2275.18,15.77,0.8699693232774734,961,5884,1.3912585,-0.0059421617,753152,6499.169943809509,6025216,0.01288402
0.00062633,0.14575195,2271.69,15.74,0.7675047963857651,951,5885,1.3501256,-0.006950139,753280,6500.247059345245,6026240,0.023815056
0.0007431111,0.16894531,2271.69,15.74,0.7835203409194946,969,5886,1.3736739,-0.006259698,753408,6501.3038918972015,6027264,0.02403561
0.000434304,0.10888672,2271.69,15.74,0.8243572860956192,966,5887,1.4411137,-0.004941324,753536,6502.364160299301,6028288,0.016861785
0.00088145904,0.17626953,2267.01,15.77,0.848062589764595,961,5888,1.3925718,-0.006194145,753664,6503.430255651474,6029312,0.012442979
0.0009759723,0.16503906,2267.01,15.77,0.6996106207370758,974,5889,1.3524268,-0.005943563,753792,6504.481368303299,6030336,0.028830139
0.00071780407,0.18408203,2264.14,15.8,0.7805023044347763,957,5890,1.4265587,-0.0076716715,753920,6505.55106139183,6031360,0.023212954
0.00053722545,0.114990234,2264.14,15.8,0.883169874548912,978,5891,1.31108,-0.0059404816,754048,6506.5987639427185,6032384,0.016734848
0.0005761938,0.1262207,2264.14,15.8,0.7711652666330338,964,5892,1.3091239,-0.0060463604,754176,6507.660925149918,6033408,0.033281814
0.00057959784,0.12573242,2264.14,15.8,0.7243141233921051,961,5893,1.3801664,-0.005952543,754304,6508.726986885071,6034432,0.030930936
0.00038874545,0.12109375,2266.07,15.83,0.8605002164840698,919,5894,1.3904012,-0.0067131873,754432,6509.841628551483,6035456,0.01043949
0.0007023686,0.13452148,2261.47,15.86,0.8797386065125465,901,5895,1.3278558,-0.0060928166,754560,6510.979311466217,6036480,0.01557173
0.0005907849,0.13891602,2261.47,15.86,0.8590351492166519,921,5896,1.3748753,-0.006113281,754688,6512.091292381287,6037504,0.014991281
0.0006059082,0.12182617,2261.47,15.86,0.799897089600563,973,5897,1.3508785,-0.0061528585,754816,6513.144331455231,6038528,0.02643696
0.0007443214,0.12524414,2267.84,15.83,0.8611531257629395,957,5898,1.3191031,-0.006768768,754944,6514.2139847278595,6039552,0.018809672
0.00054885243,0.125,2267.84,15.83,0.7857980728149414,968,5899,1.3935428,-0.0053543197,755072,6515.271947145462,6040576,0.019369595
0.0005510486,0.13256836,2268.61,15.83,0.7537980377674103,949,5900,1.398175,-0.005942565,755200,6516.351784467697,6041600,0.026488401
0.0007748556,0.16088867,2268.61,15.83,0.8242442309856415,967,5901,1.3548504,-0.0069992365,755328,6517.410924196243,6042624,0.01854565
0.000642126,0.13061523,2273.43,15.84,0.8971041515469551,961,5902,1.4382908,-0.0066366126,755456,6518.476661682129,6043648,0.009492839
0.00096616015,0.17211914,2273.43,15.84,0.8467520773410797,981,5903,1.3445723,-0.005373978,755584,6519.521015405655,6044672,0.019693304
0.0006892481,0.13916016,2273.43,15.84,0.649660587310791,971,5904,1.3879719,-0.0062408573,755712,6520.576197147369,6045696,0.038882412
0.00072048185,0.13134766,2269.6,15.83,0.7746283710002899,964,5905,1.370974,-0.0052871536,755840,6521.638902902603,6046720,0.015919922
0.000578109,0.13330078,2272.14,15.87,0.9066366776823997,963,5906,1.4708763,-0.006418643,755968,6522.702949285507,6047744,0.006616343
0.0006115835,0.14013672,2272.14,15.87,0.7277489304542542,975,5907,1.3624045,-0.0060217907,756096,6523.753293037415,6048768,0.027210563
0.0004969754,0.12475586,2272.14,15.87,0.8166258186101913,974,5908,1.4061856,-0.004929953,756224,6524.8049223423,6049792,0.020410424
0.0005616566,0.14257812,2272.14,15.87,0.8333211094141006,971,5909,1.4273521,-0.005327873,756352,6525.860100746155,6050816,0.015858673
0.0007481205,0.16503906,2272.14,15.87,0.6354194581508636,945,5910,1.4082103,-0.0059763268,756480,6526.944420814514,6051840,0.036282785
0.00063232204,0.16699219,2272.14,15.87,0.7647976279258728,970,5911,1.354475,-0.006551009,756608,6527.999937295914,6052864,0.0231451
0.0005074315,0.12207031,2272.14,15.87,0.8235864639282227,971,5912,1.4060503,-0.0068742842,756736,6529.054577589035,6053888,0.026098851
0.0007099188,0.16699219,2277.57,15.82,0.8241782784461975,960,5913,1.3834093,-0.00805832,756864,6530.121663570404,6054912,0.017368108
0.00063270214,0.14575195,2281.42,15.84,0.8746765702962875,927,5914,1.4164904,-0.0054891054,756992,6531.226758241653,6055936,0.011968674
0.00060559047,0.12451172,2282.24,15.84,0.8186626583337784,964,5915,1.3921773,-0.00562806,757120,6532.289152383804,6056960,0.02133895
0.0005418153,0.10644531,2282.24,15.84,0.8497196733951569,941,5916,1.4240698,-0.006393524,757248,6533.3773283958435,6057984,0.013776094
0.00064562296,0.1459961,2282.24,15.84,0.8160195648670197,918,5917,1.4399837,-0.0051404154,757376,6534.493386268616,6059008,0.01921049
0.0005082166,0.1472168,2282.24,15.84,0.8503047525882721,919,5918,1.3906258,-0.0061336076,757504,6535.6074113845825,6060032,0.013645537
0.00061744923,0.1508789,2274.84,15.93,0.890378549695015,947,5919,1.4877151,-0.0073116473,757632,6536.688499212265,6061056,0.005744409
0.0006991591,0.19116211,2276.69,15.91,0.898630179464817,910,5920,1.3771298,-0.006470047,757760,6537.813766956329,6062080,0.012665455
0.00066190364,0.1508789,2276.69,15.91,0.7950604557991028,943,5921,1.3786305,-0.0061037904,757888,6538.899428367615,6063104,0.022419196
0.0004951215,0.140625,2276.69,15.91,0.8636918067932129,958,5922,1.4699448,-0.0055550146,758016,6539.968845129013,6064128,0.010693621
0.00042404773,0.11376953,2276.69,15.91,0.8891296461224556,958,5923,1.4735202,-0.0060397913,758144,6541.037702798843,6065152,0.010052
0.0006778595,0.16430664,2274.32,15.96,0.8652896136045456,942,5924,1.4250216,-0.006942911,758272,6542.1251673698425,6066176,0.015999623
0.00046340033,0.10083008,2274.32,15.96,0.8227432370185852,979,5925,1.4261434,-0.0053200726,758400,6543.171133041382,6067200,0.011880062
0.0006401693,0.16918945,2266.81,16.04,0.8317470699548721,946,5926,1.4223197,-0.005551877,758528,6544.254278182983,6068224,0.012504891
0.0005162333,0.12988281,2266.81,16.04,0.7696170508861542,975,5927,1.4569991,-0.006070924,758656,6545.304835796356,6069248,0.018157704
0.00034699787,0.1171875,2266.81,16.04,0.8313832730054855,958,5928,1.4690657,-0.006364692,758784,6546.3735184669495,6070272,0.012850848
0.00068710814,0.13500977,2257.03,16.12,0.8391710668802261,925,5929,1.3581803,-0.0070569944,758912,6547.480769634247,6071296,0.021708269
0.0007522623,0.13793945,2245.86,16.16,0.8015768080949783,940,5930,1.4057665,-0.006799377,759040,6548.570241212845,6072320,0.016862364
0.00055126863,0.16040039,2245.86,16.16,0.8678993582725525,977,5931,1.3903842,-0.006532013,759168,6549.618483543396,6073344,0.015272773
0.00052484573,0.13330078,2245.86,16.16,0.7010346353054047,967,5932,1.4279394,-0.0046952125,759296,6550.678074598312,6074368,0.030956618
0.00057888543,0.12524414,2245.86,16.16,0.8031796216964722,963,5933,1.3205798,-0.0063104033,759424,6551.741403341293,6075392,0.029193357
0.0007483124,0.119628906,2245.86,16.16,0.9026615098118782,953,5934,1.4289297,-0.0068358066,759552,6552.815727233887,6076416,0.009655927
0.0005308881,0.12426758,2240.24,16.19,0.7185045480728149,897,5935,1.4073964,-0.006065145,759680,6553.957804679871,6077440,0.027695794
0.00054319244,0.1418457,2240.03,16.18,0.820785865187645,897,5936,1.3975283,-0.006075879,759808,6555.100058317184,6078464,0.01631295
0.00058815157,0.1459961,2240.03,16.18,0.8945244774222374,932,5937,1.4051723,-0.0068244454,759936,6556.1990032196045,6079488,0.010829033
0.0005202708,0.14624023,2240.03,16.18,0.8272068351507187,947,5938,1.4378763,-0.006487484,760064,6557.281023263931,6080512,0.015687065
0.00053596165,0.12817383,2240.03,16.18,0.7787773162126541,970,5939,1.329482,-0.005472789,760192,6558.3365433216095,6081536,0.028257892
0.0004052535,0.119628906,2240.03,16.18,0.8318488448858261,936,5940,1.457466,-0.00633872,760320,6559.430721521378,6082560,0.012017279
0.00058804045,0.1315918,2240.03,16.18,0.8860027641057968,942,5941,1.4077609,-0.0074996054,760448,6560.518437385559,6083584,0.012802602
0.00042009554,0.12597656,2240.03,16.18,0.8549175262451172,903,5942,1.4548072,-0.0062977914,760576,6561.653028488159,6084608,0.010800956
0.00052345434,0.119384766,2243.16,16.18,0.8188501447439194,909,5943,1.4010365,-0.0069585918,760704,6562.77992773056,6085632,0.01739331
0.0004651111,0.12548828,2235.63,16.22,0.5668742060661316,884,5944,1.3197134,-0.006101538,760832,6563.938873767853,6086656,0.05009583
0.0007964898,0.14111328,2235.63,16.22,0.8748210519552231,964,5945,1.367858,-0.006034689,760960,6565.001175403595,6087680,0.014361755
0.000559929,0.14501953,2235.51,16.22,0.7291459441184998,948,5946,1.4268606,-0.006417055,761088,6566.081267118454,6088704,0.016999956
0.0006607128,0.17553711,2235.51,16.22,0.9267987981438637,974,5947,1.4840521,-0.007732464,761216,6567.132462978363,6089728,0.0039684223
0.0006744568,0.17089844,2236.0,16.26,0.8620404601097107,959,5948,1.4183612,-0.00665902,761344,6568.200018167496,6090752,0.012716773
0.00042065044,0.115478516,2236.0,16.26,0.9108559265732765,975,5949,1.4453926,-0.0063335607,761472,6569.250365972519,6091776,0.006330473
0.0005267882,0.12036133,2233.01,16.32,0.7702808082103729,960,5950,1.3973726,-0.005758636,761600,6570.317039966583,6092800,0.020176165
0.0006620468,0.15478516,2230.66,16.33,0.8722080588340759,943,5951,1.3708179,-0.007024259,761728,6571.403441429138,6093824,0.01685284
0.00065073045,0.17163086,2230.66,16.33,0.8529386669397354,972,5952,1.3472904,-0.0066200364,761856,6572.457160949707,6094848,0.018525438
0.0005988227,0.118896484,2230.66,16.33,0.7875470221042633,970,5953,1.4025183,-0.0059507955,761984,6573.512923002243,6095872,0.021015702
0.0004946666,0.15405273,2230.66,16.33,0.7251088321208954,966,5954,1.4185917,-0.004982443,762112,6574.572994232178,6096896,0.017960083
0.0006148523,0.14916992,2230.66,16.33,0.8608120232820511,980,5955,1.4756014,-0.0050685033,762240,6575.618879556656,6097920,0.00842909
0.0006884211,0.1574707,2230.66,16.33,0.7280829846858978,963,5956,1.4581668,-0.0065654675,762368,6576.682636976242,6098944,0.021804998
0.00067595445,0.1105957,2230.66,16.33,0.83000148832798,964,5957,1.4224441,-0.0059137205,762496,6577.745199918747,6099968,0.022216534
0.0005764307,0.1484375,2230.66,16.33,0.7749227583408356,955,5958,1.3732507,-0.006730523,762624,6578.817772626877,6100992,0.021417556
0.0007136506,0.12939453,2214.25,16.46,0.9030409529805183,936,5959,1.4079206,-0.0071582007,762752,6579.911875963211,6102016,0.009445698
0.00048696433,0.13427734,2211.39,16.46,0.8420732021331787,941,5960,1.3399758,-0.006289277,762880,6581.000794172287,6103040,0.016044784
0.00064609235,0.11767578,2211.39,16.46,0.8520846366882324,978,5961,1.3528776,-0.005935452,763008,6582.047752380371,6104064,0.01859749
0.0006576201,0.14941406,2211.39,16.46,0.7828651368618011,929,5962,1.3822455,-0.005565431,763136,6583.150483131409,6105088,0.023109118
0.0005741421,0.1394043,2211.39,16.46,0.8453172594308853,921,5963,1.3915968,-0.0068529104,763264,6584.262908697128,6106112,0.014690728
0.00073508965,0.13427734,2216.16,16.46,0.9041213169693947,948,5964,1.4327855,-0.007329976,763392,6585.343765497208,6107136,0.009246271
0.00066475983,0.14038086,2221.59,16.41,0.8400782644748688,964,5965,1.435683,-0.005684966,763520,6586.40598154068,6108160,0.014910377
0.000638236,0.16259766,2218.76,16.41,0.7637472152709961,964,5966,1.3697096,-0.005352237,763648,6587.468783855438,6109184,0.028227244
0.00077246496,0.13330078,2213.74,16.44,0.8784725740551949,973,5967,1.3499591,-0.0064071463,763776,6588.521941184998,6110208,0.014071329
0.0007039837,0.19238281,2213.74,16.44,0.7838679999113083,967,5968,1.4315012,-0.0064225295,763904,6589.580810785294,6111232,0.024107097
0.0004452543,0.13696289,2213.74,16.44,0.7491935789585114,972,5969,1.3520358,-0.0058000013,764032,6590.634965896606,6112256,0.031241631
0.0006387122,0.11425781,2213.74,16.44,0.9188160970807076,963,5970,1.4336601,-0.005742593,764160,6591.69873547554,6113280,0.0071936925
0.0007388572,0.17822266,2213.74,16.44,0.8316990435123444,934,5971,1.3675545,-0.005953183,764288,6592.795608758926,6114304,0.02192821
0.00037732566,0.1015625,2213.74,16.44,0.7303706705570221,950,5972,1.3835764,-0.0051564677,764416,6593.873566389084,6115328,0.032231763
0.0005917453,0.111328125,2213.74,16.44,0.8385660946369171,927,5973,1.348477,-0.005106502,764544,6594.978848934174,6116352,0.024311924
0.0008057419,0.12084961,2213.74,16.44,0.7830644398927689,920,5974,1.4076114,-0.0059508183,764672,6596.092537403107,6117376,0.023037722
0.00059983716,0.123291016,2208.53,16.48,0.8528718650341034,912,5975,1.4532528,-0.0060371635,764800,6597.215568065643,6118400,0.012716972
0.00059225823,0.13647461,2208.53,16.48,0.8686725497245789,953,5976,1.404194,-0.0051429467,764928,6598.289882183075,6119424,0.015901815
0.00055485306,0.12988281,2207.32,16.47,0.7269300222396851,969,5977,1.3461494,-0.0052772067,765056,6599.347002029419,6120448,0.030956164
0.0005770014,0.1394043,2207.32,16.47,0.8728163689374924,961,5978,1.4069993,-0.0066535072,765184,6600.412987947464,6121472,0.0143395895
0.0006765654,0.15136719,2203.34,16.47,0.8696569204330444,911,5979,1.3668494,-0.0073528155,765312,6601.537788629532,6122496,0.016614048
0.00052240386,0.13598633,2203.34,16.47,0.8789124861359596,970,5980,1.4348567,-0.0056705903,765440,6602.594124078751,6123520,0.016475841
0.0006332021,0.16357422,2207.94,16.43,0.8231783956289291,951,5981,1.3301862,-0.006059571,765568,6603.670659065247,6124544,0.018350704
0.0005093451,0.12695312,2207.94,16.43,0.7543220967054367,946,5982,1.3689406,-0.0058200574,765696,6604.753212928772,6125568,0.032738645
0.00042563817,0.099365234,2207.94,16.43,0.7614041864871979,907,5983,1.3954352,-0.0045992923,765824,6605.882202625275,6126592,0.02635231
0.0005660978,0.17529297,2207.94,16.43,0.8063933551311493,904,5984,1.3493685,-0.0069313217,765952,6607.015566825867,6127616,0.031761046
0.0007517273,0.16040039,2212.95,16.35,0.8667228370904922,929,5985,1.3444387,-0.006733788,766080,6608.11835360527,6128640,0.018532483
0.00047110312,0.13232422,2212.95,16.35,0.6898741722106934,965,5986,1.3853375,-0.0054505,766208,6609.179601192474,6129664,0.031999864
0.00047225135,0.14819336,2212.95,16.35,0.7302387952804565,978,5987,1.4111569,-0.0049722567,766336,6610.227254867554,6130688,0.027359052
0.00038265,0.11352539,2212.95,16.35,0.8541363328695297,964,5988,1.4010965,-0.0052188584,766464,6611.289728164673,6131712,0.017250465
0.00053906656,0.14990234,2212.95,16.35,0.8692092001438141,964,5989,1.4007614,-0.006285803,766592,6612.351729393005,6132736,0.012528089
0.00061941985,0.13623047,2212.95,16.35,0.7678421586751938,952,5990,1.378679,-0.0055753025,766720,6613.427984237671,6133760,0.027698562
0.0005122714,0.12719727,2221.51,16.28,0.9027965739369392,906,5991,1.3778406,-0.0065048803,766848,6614.558965444565,6134784,0.009753666
0.00080472825,0.16479492,2221.51,16.28,0.8606545925140381,943,5992,1.3982447,-0.006697552,766976,6615.6451942920685,6135808,0.017038126
0.000565769,0.1237793,2221.51,16.28,0.8128456622362137,933,5993,1.3658128,-0.0064601805,767104,6616.743017435074,6136832,0.022502167
0.00087524997,0.14331055,2210.0,16.41,0.8677171915769577,872,5994,1.3485422,-0.007163107,767232,6617.91841340065,6137856,0.013368387
0.00056768476,0.14868164,2210.0,16.41,0.8178565502166748,906,5995,1.4835953,-0.0066481624,767360,6619.048914432526,6138880,0.010489062
0.00054284965,0.14453125,2215.6,16.37,0.9064142853021622,904,5996,1.3890467,-0.00548451,767488,6620.181793928146,6139904,0.009345192
0.0006129477,0.14135742,2212.83,16.39,0.8725793361663818,964,5997,1.37039,-0.0058224997,767616,6621.244689464569,6140928,0.009817329
0.00061679963,0.16479492,2216.07,16.36,0.7647795230150223,950,5998,1.3716024,-0.005492487,767744,6622.3224058151245,6141952,0.028047077
0.0005856773,0.17602539,2206.11,16.43,0.8225041180849075,963,5999,1.4078145,-0.006682488,767872,6623.386184692383,6142976,0.012226441
0.0007210304,0.14624023,2211.85,16.37,0.9200978353619576,944,6000,1.4156711,-0.0061218203,768000,6624.470722436905,6144000,0.007078787
0.0010942803,0.12548828,2211.85,16.37,0.7912142425775528,967,6001,1.4106385,-0.0053771455,768128,6625.5303275585175,6145024,0.01803423
0.0005746298,0.16723633,2211.85,16.37,0.8669540286064148,973,6002,1.3604399,-0.0065522813,768256,6626.582956314087,6146048,0.016863836
0.00048700278,0.1508789,2211.85,16.37,0.8127960562705994,969,6003,1.4106057,-0.0058763353,768384,6627.640409946442,6147072,0.017694008
0.00077392074,0.15356445,2211.85,16.37,0.8739574253559113,978,6004,1.3918049,-0.0050224704,768512,6628.688262224197,6148096,0.014746337
0.0005520367,0.16357422,2211.85,16.37,0.8855211809277534,975,6005,1.3203534,-0.006628685,768640,6629.73867058754,6149120,0.016611153
0.00071783795,0.17382812,2211.85,16.37,0.876902237534523,960,6006,1.3705808,-0.0066421535,768768,6630.805064439774,6150144,0.017368553
0.000737407,0.16430664,2207.93,16.39,0.8328352719545364,937,6007,1.3900219,-0.005802958,768896,6631.898631811142,6151168,0.01561421
0.0006101445,0.16381836,2199.03,16.45,0.866452544927597,932,6008,1.3836106,-0.006192256,769024,6632.997305393219,6152192,0.015548013
0.0007134499,0.18261719,2199.03,16.45,0.8129711747169495,980,6009,1.3825431,-0.006568947,769152,6634.04319524765,6153216,0.025697341
0.0008062928,0.19482422,2199.03,16.45,0.8050213754177094,972,6010,1.3392532,-0.006747596,769280,6635.096745729446,6154240,0.023399824
0.00060451095,0.115234375,2199.03,16.45,0.6579885482788086,964,6011,1.3572245,-0.006210348,769408,6636.159645795822,6155264,0.032147285
0.00043540553,0.12524414,2199.03,16.45,0.8937679380178452,907,6012,1.4170108,-0.0050784303,769536,6637.288694858551,6156288,0.01240735
0.00059183396,0.16601562,2201.32,16.44,0.8532322943210602,892,6013,1.3593782,-0.006297194,769664,6638.43647480011,6157312,0.013997697
0.00062974915,0.12939453,2201.32,16.44,0.7977019995450974,899,6014,1.3191419,-0.005577741,769792,6639.5751667022705,6158336,0.030379375
0.0005182576,0.103515625,2210.88,16.4,0.8348040133714676,971,6015,1.3591586,-0.0054609952,769920,6640.629944086075,6159360,0.01841922
0.0005706674,0.15234375,2219.47,16.29,0.723241001367569,892,6016,1.3550602,-0.0062253717,770048,6641.778262376785,6160384,0.02418175
0.0007339136,0.15771484,2219.47,16.29,0.8816418498754501,913,6017,1.4065032,-0.00590628,770176,6642.9000289440155,6161408,0.010848886
0.0008038292,0.16210938,2219.47,16.29,0.9309980198740959,895,6018,1.3603549,-0.006579149,770304,6644.044666051865,6162432,0.007962136
0.0003999841,0.114746094,2226.2,16.28,0.8113486915826797,898,6019,1.3763647,-0.0064257714,770432,6645.185447216034,6163456,0.01929438
0.00044671097,0.122802734,2226.2,16.28,0.8580139726400375,975,6020,1.3476999,-0.006308158,770560,6646.235643625259,6164480,0.015959816
0.000725067,0.14990234,2226.2,16.28,0.8568124771118164,967,6021,1.3916607,-0.0061429953,770688,6647.294549465179,6165504,0.015404711
0.0005136904,0.1459961,2226.2,16.28,0.8955446109175682,956,6022,1.4131793,-0.0065287985,770816,6648.366203784943,6166528,0.0091333045
0.0005080424,0.11401367,2226.2,16.28,0.9033346176147461,966,6023,1.3764052,-0.0054898327,770944,6649.426637649536,6167552,0.011695148
0.00045447104,0.118896484,2226.2,16.28,0.9033584371209145,946,6024,1.4428792,-0.0057029338,771072,6650.5087950229645,6168576,0.012933875
0.0005117314,0.13745117,2226.2,16.28,0.8315003365278244,969,6025,1.3646867,-0.0062394897,771200,6651.565779924393,6169600,0.024523344
0.0005826852,0.12036133,2220.27,16.37,0.7023049294948578,941,6026,1.3340194,-0.0063786325,771328,6652.653774023056,6170624,0.03779379
0.0005452323,0.13378906,2220.27,16.37,0.8134006410837173,977,6027,1.3061486,-0.0062016854,771456,6653.701879024506,6171648,0.022006014
0.0005175354,0.12646484,2220.94,16.35,0.8641466051340103,954,6028,1.3921463,-0.0057763974,771584,6654.7758893966675,6172672,0.011669035
0.00061139814,0.16113281,2220.94,16.35,0.8134588897228241,973,6029,1.390418,-0.0066865967,771712,6655.829027891159,6173696,0.018873775
0.00057621626,0.16894531,2220.94,16.35,0.8534149527549744,954,6030,1.3942066,-0.006681848,771840,6656.90231013298,6174720,0.017893173
0.00057417026,0.15576172,2218.95,16.37,0.8269800096750259,921,6031,1.3771552,-0.0065370835,771968,6658.013733148575,6175744,0.016539672
0.0005949245,0.18139648,2218.95,16.37,0.8479796200990677,967,6032,1.3683851,-0.00627149,772096,6659.073081970215,6176768,0.016947934
0.00065223756,0.14892578,2218.95,16.37,0.8760342374444008,983,6033,1.3867786,-0.0064455103,772224,6660.1154906749725,6177792,0.013415482
0.0005881982,0.15332031,2221.61,16.35,0.8440229743719101,951,6034,1.2983115,-0.006252852,772352,6661.192936658859,6178816,0.020919744
0.0006268657,0.1616211,2215.84,16.51,0.8609146624803543,904,6035,1.3507298,-0.006019018,772480,6662.325910806656,6179840,0.011329605
0.0004929975,0.14257812,2215.84,16.51,0.7604602575302124,932,6036,1.3393462,-0.0053944467,772608,6663.424441576004,6180864,0.02418738
0.00052124483,0.14038086,2215.84,16.51,0.8594299107789993,911,6037,1.3795115,-0.0064503034,772736,6664.548060417175,6181888,0.014315284
0.00066475925,0.15698242,2215.84,16.51,0.9473396800458431,962,6038,1.3931252,-0.006488519,772864,6665.612642526627,6182912,0.005800263
0.00052445446,0.16821289,2215.84,16.51,0.8151033520698547,921,6039,1.3695892,-0.006217528,772992,6666.724623918533,6183936,0.016837025
0.0005507044,0.14746094,2215.84,16.51,0.8206401169300079,910,6040,1.4145862,-0.006566614,773120,6667.849720239639,6184960,0.0139522385
0.00062743964,0.18164062,2215.84,16.51,0.8161040097475052,917,6041,1.3735846,-0.006199714,773248,6668.966693162918,6185984,0.02220087
0.0006844376,0.1550293,2215.84,16.51,0.8853332325816154,953,6042,1.4407904,-0.005669085,773376,6670.041639089584,6187008,0.009023069
0.00050718745,0.15600586,2215.84,16.51,0.7271183431148529,973,6043,1.3523405,-0.005985031,773504,6671.094070196152,6188032,0.027546087
0.0004946762,0.13598633,2215.84,16.51,0.8706642240285873,956,6044,1.3183739,-0.006333818,773632,6672.1651310920715,6189056,0.016082633
0.00042437552,0.12695312,2221.59,16.53,0.8175224661827087,897,6045,1.3428534,-0.0054120854,773760,6673.307377338409,6190080,0.014374256
0.0005444388,0.18530273,2221.59,16.53,0.8087309002876282,914,6046,1.3963971,-0.006084312,773888,6674.427964448929,6191104,0.020812687
0.0005700871,0.14697266,2221.59,16.53,0.7958550453186035,902,6047,1.351558,-0.006727663,774016,6675.563489675522,6192128,0.022753932
0.0005397041,0.14355469,2216.02,16.57,0.8059341311454773,951,6048,1.3153836,-0.006474964,774144,6676.640988588333,6193152,0.02093208
0.0007206949,0.15795898,2216.02,16.57,0.9210292249917984,979,6049,1.3686993,-0.006211345,774272,6677.687067270279,6194176,0.010660046
0.00060604484,0.16699219,2222.27,16.53,0.9100109860301018,945,6050,1.3690745,-0.00611946,774400,6678.770712614059,6195200,0.007159112
0.00052665523,0.13208008,2215.22,16.64,0.8029311150312424,961,6051,1.3186476,-0.0060031307,774528,6679.8367331027985,6196224,0.019907571
0.0005201696,0.13916016,2215.22,16.64,0.8132040798664093,969,6052,1.3729331,-0.006639305,774656,6680.893730401993,6197248,0.021649027
0.0005454088,0.15820312,2215.22,16.64,0.817520022392273,971,6053,1.3418401,-0.0064573693,774784,6681.9485919475555,6198272,0.020690989
0.0005742492,0.12719727,2215.22,16.64,0.845165953040123,951,6054,1.3838292,-0.005322316,774912,6683.026044368744,6199296,0.018435586
0.0007017413,0.14404297,2215.22,16.64,0.8817670196294785,969,6055,1.3807557,-0.005464025,775040,6684.082895040512,6200320,0.012343205
0.00065524643,0.13916016,2215.22,16.64,0.8421594649553299,972,6056,1.3876967,-0.005287162,775168,6685.136677503586,6201344,0.013487257
0.00062363275,0.16845703,2215.22,16.64,0.7693654745817184,979,6057,1.4391631,-0.005529458,775296,6686.182550907135,6202368,0.017917655
0.0007240374,0.17041016,2215.22,16.64,0.7518658488988876,970,6058,1.3686459,-0.005797421,775424,6687.238230466843,6203392,0.031785958
0.00030918355,0.09326172,2215.22,16.64,0.6990475356578827,961,6059,1.3872817,-0.004768611,775552,6688.304183244705,6204416,0.035021864
0.000528258,0.14941406,2215.57,16.63,0.6878366470336914,943,6060,1.2945375,-0.0061801244,775680,6689.389737129211,6205440,0.045840137
0.0007520075,0.17919922,2212.51,16.65,0.7901774942874908,973,6061,1.2027595,-0.005936675,775808,6690.442324399948,6206464,0.029873064
0.00055814645,0.1665039,2212.51,16.65,0.8791273608803749,961,6062,1.3883572,-0.0064607747,775936,6691.507744312286,6207488,0.012813004
0.00056419865,0.15625,2208.03,16.7,0.8801058754324913,892,6063,1.3517169,-0.0066910423,776064,6692.656481027603,6208512,0.013165107
0.00061453925,0.13891602,2208.03,16.7,0.9003976956009865,970,6064,1.3969212,-0.0065600593,776192,6693.712769985199,6209536,0.0084687285
0.0005432091,0.1459961,2208.03,16.7,0.8297632783651352,975,6065,1.3873309,-0.0051338035,776320,6694.763138771057,6210560,0.01731185
0.0006662187,0.1340332,2208.03,16.7,0.7492074072360992,961,6066,1.3560419,-0.006153707,776448,6695.828414678574,6211584,0.029753925
0.0003842047,0.12841797,2201.45,16.74,0.8321782648563385,963,6067,1.3930187,-0.0059897946,776576,6696.892346858978,6212608,0.016213126
0.00055105827,0.12548828,2205.29,16.72,0.7434723079204559,925,6068,1.3548943,-0.0046787066,776704,6697.998987197876,6213632,0.02084977
0.000615888,0.16674805,2202.48,16.74,0.8154458999633789,907,6069,1.3590205,-0.005976897,776832,6699.128247499466,6214656,0.020463523
0.0006202121,0.14550781,2210.8,16.62,0.7102321088314056,952,6070,1.3394135,-0.0062333657,776960,6700.204421520233,6215680,0.039635967
0.0006139239,0.15551758,2210.8,16.62,0.8303290009498596,968,6071,1.2594122,-0.006512723,777088,6701.262336015701,6216704,0.022344418
0.00046683662,0.15161133,2210.8,16.62,0.7670421302318573,927,6072,1.4340067,-0.0052773706,777216,6702.36666560173,6217728,0.012047308
0.00073025085,0.17382812,2210.8,16.62,0.7851165533065796,952,6073,1.3034532,-0.0070402855,777344,6703.443274259567,6218752,0.027105145
0.0008647385,0.20874023,2210.8,16.62,0.7844903469085693,891,6074,1.2943907,-0.0060753827,777472,6704.592727184296,6219776,0.03111988
0.0005917424,0.15161133,2210.8,16.62,0.787680447101593,909,6075,1.332514,-0.0063050846,777600,6705.7197988033295,6220800,0.027473208
0.0009274701,0.16601562,2210.8,16.62,0.8924979194998741,953,6076,1.3360996,-0.0065089962,777728,6706.794697523117,6221824,0.0143595785
0.0006250956,0.15551758,2207.42,16.66,0.8545688986778259,888,6077,1.3007618,-0.0066678487,777856,6707.948511362076,6222848,0.016749451
0.0005271415,0.15209961,2207.42,16.66,0.9064761623740196,955,6078,1.443672,-0.0072360234,777984,6709.021108865738,6223872,0.0061589302
0.000705388,0.21655273,2207.42,16.66,0.9014577493071556,961,6079,1.3865077,-0.0070109977,778112,6710.087280750275,6224896,0.0054493872
0.0006611828,0.14526367,2207.42,16.66,0.7860000133514404,918,6080,1.426428,-0.0048252014,778240,6711.2030375003815,6225920,0.012617109
0.0006879257,0.1586914,2205.87,16.67,0.8123253434896469,940,6081,1.3631525,-0.006225439,778368,6712.292346715927,6226944,0.021625852
0.0007183678,0.15966797,2205.62,16.62,0.8456860780715942,954,6082,1.3089474,-0.0064717927,778496,6713.365444660187,6227968,0.014830956
0.0005087044,0.12524414,2205.62,16.62,0.8165744543075562,964,6083,1.3574762,-0.006249788,778624,6714.427490472794,6228992,0.017322296
0.00042137242,0.11621094,2201.95,16.64,0.9434592835605145,945,6084,1.3912802,-0.0065271356,778752,6715.511477231979,6230016,0.004806013
0.0005747713,0.1550293,2201.95,16.64,0.9280227273702621,962,6085,1.3857703,-0.00637645,778880,6716.575952529907,6231040,0.007752915
0.0008469939,0.1784668,2196.71,16.68,0.9144622012972832,923,6086,1.292312,-0.006598309,779008,6717.685139417648,6232064,0.009372991
0.0005478553,0.14916992,2196.71,16.68,0.813909038901329,969,6087,1.3327566,-0.005677401,779136,6718.742565870285,6233088,0.022312772
0.00053016364,0.16674805,2196.71,16.68,0.7440825402736664,961,6088,1.3877286,-0.005784449,779264,6719.808466911316,6234112,0.016467322
0.000833186,0.20703125,2196.71,16.68,0.8691550046205521,972,6089,1.397777,-0.005816328,779392,6720.862330675125,6235136,0.013148103
0.00060112146,0.18359375,2196.71,16.68,0.789906233549118,958,6090,1.3879102,-0.005796182,779520,6721.931421041489,6236160,0.019122845
0.0006383401,0.1430664,2194.41,16.73,0.7576672583818436,958,6091,1.3362466,-0.0051757386,779648,6723.000568151474,6237184,0.032141056
0.00048494444,0.15966797,2194.41,16.73,0.8113783895969391,923,6092,1.3450391,-0.0060959477,779776,6724.110318899155,6238208,0.0202232
0.00050387834,0.14990234,2187.98,16.77,0.861893430352211,905,6093,1.3327726,-0.007242671,779904,6725.242020606995,6239232,0.01783695
0.00057699805,0.13696289,2187.98,16.77,0.8204376548528671,948,6094,1.4186988,-0.0052833706,780032,6726.322773218155,6240256,0.014947869
0.00051337486,0.13354492,2187.98,16.77,0.73210608959198,964,6095,1.3437556,-0.005691142,780160,6727.384830951691,6241280,0.035936624
0.0005631737,0.14086914,2188.34,16.79,0.7585871666669846,906,6096,1.3715633,-0.005577177,780288,6728.5156190395355,6242304,0.020063967
0.0006550586,0.15917969,2187.61,16.79,0.7521811127662659,921,6097,1.3594487,-0.0070357644,780416,6729.627296209335,6243328,0.02637546
0.0005332866,0.14233398,2187.61,16.79,0.7549559324979782,958,6098,1.3282526,-0.006170078,780544,6730.696154117584,6244352,0.023655873
0.00064063736,0.15161133,2187.61,16.79,0.9280937984585762,922,6099,1.3810303,-0.00629305,780672,6731.8072373867035,6245376,0.0063091614
0.00069507974,0.16455078,2186.33,16.84,0.800802931189537,890,6100,1.3470924,-0.0052908985,780800,6732.958254337311,6246400,0.0193167
0.0006909044,0.13598633,2186.33,16.84,0.7925598323345184,914,6101,1.3755422,-0.0062999227,780928,6734.078856945038,6247424,0.01961572
0.0005371687,0.12963867,2189.98,16.81,0.8837322667241096,890,6102,1.3885992,-0.005483586,781056,6735.2290391922,6248448,0.009443563
0.00053066015,0.12646484,2193.45,16.79,0.7517058700323105,977,6103,1.3889596,-0.0054962165,781184,6736.276795387268,6249472,0.016937558
0.0009362627,0.19238281,2192.24,16.75,0.7536250203847885,956,6104,1.3276805,-0.005686559,781312,6737.348131895065,6250496,0.019924952
0.0007368092,0.16796875,2192.24,16.75,0.8658296018838882,975,6105,1.3634975,-0.0063272147,781440,6738.398627281189,6251520,0.012377151
0.00053745456,0.12451172,2192.24,16.75,0.7473362982273102,943,6106,1.3265599,-0.004397461,781568,6739.484317302704,6252544,0.018615473
0.0005347913,0.15234375,2192.24,16.75,0.8036372810602188,964,6107,1.3490174,-0.0054470655,781696,6740.5462641716,6253568,0.015954915
0.00070606737,0.16186523,2187.86,16.83,0.8636522889137268,951,6108,1.3488393,-0.006464814,781824,6741.624042034149,6254592,0.012628323
0.00080430123,0.16137695,2177.45,16.89,0.7317111492156982,955,6109,1.285306,-0.005463491,781952,6742.696918725967,6255616,0.032634325
0.0006440969,0.16040039,2177.45,16.89,0.7475120723247528,940,6110,1.2207135,-0.0066978037,782080,6743.786964178085,6256640,0.03830099
0.0008427166,0.18701172,2177.45,16.89,0.6998201608657837,955,6111,1.2636056,-0.0061488715,782208,6744.860307455063,6257664,0.028053869
0.0006357438,0.13696289,2179.61,16.89,0.8782207742333412,880,6112,1.3119617,-0.0059445235,782336,6746.023608446121,6258688,0.01305134
0.0006558531,0.17260742,2179.61,16.89,0.7507081031799316,913,6113,1.3573403,-0.005639606,782464,6747.14511680603,6259712,0.02347445
0.00053690735,0.15722656,2179.61,16.89,0.8700205981731415,966,6114,1.3625618,-0.0059257066,782592,6748.205579280853,6260736,0.015707502
0.0006214678,0.16064453,2179.61,16.89,0.6714212894439697,929,6115,1.2746392,-0.0066960976,782720,6749.308007717133,6261760,0.035723343
0.00081416726,0.19921875,2179.55,16.86,0.8887306600809097,907,6116,1.3320997,-0.0071487864,782848,6750.437593221664,6262784,0.014152147
0.00072563934,0.15820312,2178.24,16.87,0.7923344969749451,889,6117,1.300136,-0.0057055983,782976,6751.589801073074,6263808,0.026395924
0.00070806954,0.15698242,2178.24,16.87,0.8369619250297546,935,6118,1.2913477,-0.006604062,783104,6752.684809684753,6264832,0.021889057
0.0008234448,0.17163086,2172.05,16.89,0.8668056726455688,920,6119,1.3197612,-0.006839403,783232,6753.798213720322,6265856,0.014022632
0.0007742886,0.19946289,2173.79,16.9,0.7893371731042862,948,6120,1.3252223,-0.006109854,783360,6754.878852844238,6266880,0.027229495
0.0005070085,0.13452148,2173.79,16.9,0.8389822542667389,963,6121,1.2999768,-0.00621076,783488,6755.9427754879,6267904,0.023155091
0.00040246802,0.13476562,2173.79,16.9,0.8970034271478653,915,6122,1.321624,-0.005024694,783616,6757.061674594879,6268928,0.008742916
0.000540816,0.16821289,2173.79,16.9,0.8384000062942505,941,6123,1.3713263,-0.004849106,783744,6758.150186777115,6269952,0.015800262
0.00059655827,0.11376953,2173.79,16.9,0.8124962151050568,905,6124,1.328982,-0.00508969,783872,6759.281758069992,6270976,0.018200124
0.00047375058,0.13989258,2173.79,16.9,0.7689418643712997,908,6125,1.335564,-0.0057797395,784000,6760.409507036209,6272000,0.02697892
0.0009834574,0.11206055,2169.89,16.9,0.654222697019577,877,6126,1.2472135,-0.005035139,784128,6761.577493429184,6273024,0.0291629
0.0005602573,0.119384766,2169.89,16.9,0.8741365522146225,909,6127,1.3897716,-0.0050352905,784256,6762.703838348389,6274048,0.0096757915
0.000658335,0.12451172,2169.89,16.9,0.7514280080795288,903,6128,1.3271946,-0.0055285753,784384,6763.838224411011,6275072,0.03087565
0.000580524,0.118652344,2170.77,16.89,0.9030189961194992,903,6129,1.3354967,-0.006713157,784512,6764.972781419754,6276096,0.010689455
0.0006432823,0.16308594,2177.59,16.81,0.7869825661182404,962,6130,1.3345125,-0.006642509,784640,6766.037096500397,6277120,0.026662325
0.00069111714,0.17602539,2177.59,16.81,0.8135505616664886,973,6131,1.3284583,-0.0065345224,784768,6767.089684724808,6278144,0.02085132
0.0005500813,0.1550293,2177.59,16.81,0.8093697726726532,951,6132,1.396796,-0.0057137934,784896,6768.16704416275,6279168,0.011750392
0.00045523825,0.1418457,2179.47,16.79,0.8140361458063126,943,6133,1.3566798,-0.0061857365,785024,6769.252871274948,6280192,0.018454883
0.00047359776,0.10473633,2179.47,16.79,0.8225930482149124,946,6134,1.358558,-0.0061176405,785152,6770.3352835178375,6281216,0.01929649
0.0006160093,0.13354492,2176.56,16.82,0.7207858264446259,956,6135,1.2964369,-0.0056450544,785280,6771.406785964966,6282240,0.029664554
0.00057683984,0.16015625,2180.34,16.78,0.8224960416555405,938,6136,1.3422629,-0.0061341138,785408,6772.498099327087,6283264,0.015447882
0.00067151524,0.16186523,2180.34,16.78,0.7451051771640778,912,6137,1.3060821,-0.0057755513,785536,6773.62069940567,6284288,0.028878696
0.00044131302,0.13867188,2180.34,16.78,0.8613759279251099,929,6138,1.3585914,-0.005753249,785664,6774.723402500153,6285312,0.0122446185
0.00046066183,0.12475586,2180.34,16.78,0.832919105887413,923,6139,1.3670657,-0.0056454195,785792,6775.832626819611,6286336,0.014038365
0.00060109165,0.1665039,2189.67,16.72,0.8478606641292572,943,6140,1.3579835,-0.006491959,785920,6776.919063568115,6287360,0.015993
0.00067503436,0.16333008,2189.67,16.72,0.7805997729301453,969,6141,1.3528918,-0.0063503995,786048,6777.975695848465,6288384,0.021082161
0.00047557574,0.13232422,2189.67,16.72,0.9007976725697517,967,6142,1.3971006,-0.0066998405,786176,6779.0350568294525,6289408,0.008761591
0.0004418713,0.13134766,2192.45,16.7,0.922961562871933,957,6143,1.3634167,-0.007173,786304,6780.105587005615,6290432,0.009832319
0.00053874403,0.15185547,2188.93,16.75,0.7721464484930038,897,6144,1.319184,-0.0059101256,786432,6781.247433185577,6291456,0.023434792
0.0006961001,0.17089844,2194.21,16.72,0.8278005719184875,930,6145,1.320291,-0.005768351,786560,6782.34846496582,6292480,0.018873254
0.00058429176,0.17456055,2194.21,16.72,0.7940001040697098,966,6146,1.3843307,-0.006677989,786688,6783.408955812454,6293504,0.023955109
0.0004208146,0.12084961,2194.21,16.72,0.705033928155899,967,6147,1.3550587,-0.005734227,786816,6784.468467473984,6294528,0.028570922
0.00061326014,0.14501953,2194.21,16.72,0.7238661646842957,953,6148,1.3679898,-0.0054420726,786944,6785.543560743332,6295552,0.028965298
0.00048140885,0.15576172,2194.21,16.72,0.867534950375557,960,6149,1.4296995,-0.0061741252,787072,6786.610533952713,6296576,0.008551373
0.0005016678,0.15039062,2194.21,16.72,0.8290713280439377,954,6150,1.4182236,-0.0056230584,787200,6787.684127092361,6297600,0.014310358
0.00048156903,0.1394043,2198.74,16.67,0.8011842519044876,895,6151,1.3367262,-0.006395049,787328,6788.829004049301,6298624,0.020417526
0.00059357355,0.15258789,2198.74,16.67,0.8438587933778763,969,6152,1.342301,-0.0064460533,787456,6789.885538816452,6299648,0.018058717
0.0004731015,0.12792969,2198.74,16.67,0.875437505543232,933,6153,1.4505181,-0.005541193,787584,6790.983857393265,6300672,0.010792054
0.0008405291,0.16894531,2200.35,16.66,0.8437875956296921,882,6154,1.3729589,-0.0060914736,787712,6792.145395040512,6301696,0.014410028
0.0004610831,0.13452148,2200.35,16.66,0.8565935045480728,916,6155,1.3841431,-0.0055295173,787840,6793.2628698349,6302720,0.013576214
0.00053793815,0.12524414,2202.41,16.67,0.8024004250764847,953,6156,1.428894,-0.004904344,787968,6794.337718248367,6303744,0.012582744
0.00048720595,0.1508789,2201.92,16.68,0.8128353357315063,974,6157,1.3921512,-0.0052091884,788096,6795.389497995377,6304768,0.014755112
0.00060189556,0.1616211,2204.9,16.68,0.7739665657281876,959,6158,1.4106462,-0.0059904284,788224,6796.456939458847,6305792,0.023177372
0.00059752224,0.14135742,2202.25,16.72,0.7389033734798431,968,6159,1.3041407,-0.0062145125,788352,6797.514799356461,6306816,0.040080227
0.00069127616,0.16577148,2200.05,16.73,0.8258503675460815,959,6160,1.2930908,-0.00606781,788480,6798.582713127136,6307840,0.02132386
0.00067157217,0.1472168,2198.45,16.73,0.7908374965190887,960,6161,1.3578491,-0.0055992156,788608,6799.64984536171,6308864,0.019915251
0.00056783226,0.13183594,2198.45,16.73,0.6950638592243195,957,6162,1.3566494,-0.005743121,788736,6800.720115661621,6309888,0.029368877
0.0004653531,0.13208008,2198.45,16.73,0.7365781366825104,977,6163,1.3452405,-0.0051986827,788864,6801.768258571625,6310912,0.029512957
0.0004868772,0.125,2198.45,16.73,0.775129497051239,921,6164,1.3761473,-0.005447137,788992,6802.880220890045,6311936,0.016987571
0.00067874853,0.16064453,2198.45,16.73,0.857356607913971,964,6165,1.351218,-0.0062278556,789120,6803.942919969559,6312960,0.013176481
0.0004887796,0.12524414,2198.45,16.73,0.7954389303922653,969,6166,1.4372456,-0.0056421557,789248,6805.000071048737,6313984,0.018459672
0.0004111677,0.13647461,2198.45,16.73,0.9006434008479118,971,6167,1.3574117,-0.0058652353,789376,6806.055002212524,6315008,0.010206168
0.0006363641,0.1418457,2200.43,16.69,0.7870668023824692,951,6168,1.4118779,-0.00552867,789504,6807.1326196193695,6316032,0.018524755
0.0006328796,0.17163086,2200.43,16.69,0.8767173290252686,976,6169,1.3554205,-0.005535298,789632,6808.182067394257,6317056,0.009798772
0.0004799331,0.12792969,2200.04,16.71,0.8357975780963898,952,6170,1.3627982,-0.006071007,789760,6809.258380651474,6318080,0.017702676
0.00044144003,0.11401367,2200.04,16.71,0.7644228488206863,971,6171,1.3801584,-0.004506464,789888,6810.313142776489,6319104,0.029013302
0.00069633086,0.16333008,2203.11,16.69,0.7634077966213226,956,6172,1.3092753,-0.006043481,790016,6811.384993314743,6320128,0.032224793
0.0005733012,0.16625977,2203.11,16.69,0.8491157740354538,921,6173,1.4394293,-0.005748799,790144,6812.496627807617,6321152,0.0155279925
0.0006317082,0.1574707,2203.11,16.69,0.8268529325723648,906,6174,1.3409066,-0.0058428296,790272,6813.627306461334,6322176,0.021589428
0.0005066757,0.13867188,2203.23,16.67,0.7911904901266098,921,6175,1.2969816,-0.0052154353,790400,6814.739890575409,6323200,0.02703212
0.00038067822,0.12475586,2206.13,16.64,0.8604808151721954,922,6176,1.3742243,-0.005954945,790528,6815.851045370102,6324224,0.013445879
0.0006819224,0.16748047,2206.13,16.64,0.7573425620794296,954,6177,1.2906846,-0.0060759545,790656,6816.92446064949,6325248,0.027030857
0.0006539982,0.13134766,2205.91,16.62,0.8057000786066055,952,6178,1.333598,-0.006437548,790784,6817.999770402908,6326272,0.025149995
0.00039354138,0.12817383,2210.39,16.56,0.7798171788454056,957,6179,1.3715055,-0.0055044247,790912,6819.070402622223,6327296,0.021161202
0.0005155751,0.12866211,2210.39,16.56,0.7653061002492905,966,6180,1.323986,-0.0054209735,791040,6820.1309950351715,6328320,0.02576121
0.00040249675,0.114990234,2210.39,16.56,0.8814597949385643,923,6181,1.3857639,-0.0066601657,791168,6821.240250349045,6329344,0.009221727
0.00054683874,0.14135742,2210.39,16.56,0.6933149695396423,961,6182,1.3849794,-0.0050609442,791296,6822.305709600449,6330368,0.01937528
0.00048110328,0.12573242,2210.39,16.56,0.8170839101076126,985,6183,1.422603,-0.0053514712,791424,6823.345563173294,6331392,0.019244175
0.00082102744,0.15795898,2210.39,16.56,0.7027499675750732,970,6184,1.3664649,-0.007630069,791552,6824.401682138443,6332416,0.035918728
0.00041835615,0.12036133,2209.67,16.59,0.7857544422149658,956,6185,1.3576559,-0.0051952424,791680,6825.472507953644,6333440,0.021021375
0.00039872702,0.114990234,2209.67,16.59,0.8447200059890747,963,6186,1.4042777,-0.0048116785,791808,6826.535734653473,6334464,0.0150659
0.00042330349,0.1003418,2213.45,16.54,0.839666947722435,955,6187,1.3930745,-0.0055417162,791936,6827.608496189117,6335488,0.013661645
0.00043912476,0.12548828,2213.45,16.54,0.82769376039505,956,6188,1.4000614,-0.005673058,792064,6828.679531574249,6336512,0.017055595
0.0005560101,0.15258789,2213.45,16.54,0.8480535596609116,966,6189,1.3792288,-0.0049571786,792192,6829.739453792572,6337536,0.016967678
0.00047821619,0.12939453,2213.98,16.55,0.7822971642017365,956,6190,1.3629134,-0.0052168965,792320,6830.811005353928,6338560,0.023785215
0.0003770652,0.1003418,2213.98,16.55,0.8334859013557434,972,6191,1.41314,-0.0052064434,792448,6831.864368200302,6339584,0.015973976
0.00041191946,0.09423828,2217.23,16.53,0.7880655527114868,945,6192,1.3413278,-0.00470006,792576,6832.948526620865,6340608,0.024494465
0.0008733141,0.15014648,2214.34,16.58,0.7216786742210388,913,6193,1.2962725,-0.0057810936,792704,6834.070872545242,6341632,0.038069036
0.0004795668,0.12402344,2214.34,16.58,0.8451866507530212,960,6194,1.2845576,-0.006690994,792832,6835.137976169586,6342656,0.021468922
0.00041268556,0.13476562,2217.59,16.54,0.8635598868131638,936,6195,1.4061395,-0.0071408846,792960,6836.232052087784,6343680,0.016106589
0.00036805568,0.09472656,2217.59,16.54,0.7761304378509521,936,6196,1.3238261,-0.0050848965,793088,6837.325927972794,6344704,0.028038017
0.0004328147,0.1394043,2217.59,16.54,0.871692880988121,971,6197,1.335904,-0.0056690127,793216,6838.380840301514,6345728,0.015276723
0.00065967516,0.14501953,2213.04,16.54,0.7364255785942078,959,6198,1.403365,-0.004326032,793344,6839.4493045806885,6346752,0.017160691
0.0004007471,0.11987305,2213.04,16.54,0.7526625692844391,964,6199,1.3762094,-0.0048949765,793472,6840.511279821396,6347776,0.027022576
0.0004899758,0.14038086,2213.04,16.54,0.7629421353340149,963,6200,1.3650324,-0.0062610405,793600,6841.574780225754,6348800,0.030373553
0.0004467108,0.11621094,2213.04,16.54,0.815917894244194,970,6201,1.3777779,-0.005340075,793728,6842.630916118622,6349824,0.020535145
0.00060482416,0.119628906,2213.04,16.54,0.8915301114320755,961,6202,1.40025,-0.0052972212,793856,6843.696797609329,6350848,0.011043321
0.00042150353,0.12841797,2209.73,16.58,0.8619509488344193,941,6203,1.4048245,-0.004727237,793984,6844.786769390106,6351872,0.008409004
0.00050497835,0.13354492,2209.73,16.58,0.8179648667573929,917,6204,1.4266102,-0.0061854264,794112,6845.903899908066,6352896,0.020983342
0.00045219556,0.13061523,2209.73,16.58,0.8719033002853394,968,6205,1.3726735,-0.0064775445,794240,6846.962392807007,6353920,0.015601446
0.0004350978,0.11376953,2209.73,16.58,0.7398373186588287,984,6206,1.3858764,-0.0053317593,794368,6848.003720998764,6354944,0.028608697
0.00048415552,0.13720703,2209.73,16.58,0.8162129521369934,967,6207,1.3404107,-0.0062288335,794496,6849.063052177429,6355968,0.023042591
0.00041281915,0.118896484,2199.5,16.68,0.7531935721635818,947,6208,1.3970462,-0.0056520826,794624,6850.144815921783,6356992,0.026934024
0.00044487408,0.15283203,2198.65,16.65,0.8217551857233047,962,6209,1.3792129,-0.005612512,794752,6851.209269046783,6358016,0.014781382
0.00047220194,0.12573242,2202.87,16.59,0.8409744948148727,955,6210,1.3577439,-0.00599847,794880,6852.281330347061,6359040,0.0151900565
0.00058045547,0.16357422,2209.38,16.55,0.847042515873909,914,6211,1.3973862,-0.0057581817,795008,6853.402117729187,6360064,0.020525664
0.00057692314,0.140625,2211.05,16.54,0.6952913999557495,894,6212,1.2372464,-0.006172767,795136,6854.547787904739,6361088,0.040337928
0.00043150454,0.11376953,2211.05,16.54,0.7832844704389572,970,6213,1.3424299,-0.0054456154,795264,6855.603501558304,6362112,0.028392555
0.0007671439,0.16967773,2214.57,16.5,0.8368033021688461,953,6214,1.3435068,-0.006840015,795392,6856.6784155368805,6363136,0.021469751
0.00052879035,0.12573242,2218.54,16.45,0.7966647297143936,933,6215,1.2913253,-0.005745656,795520,6857.7759890556335,6364160,0.029128721
0.00044407684,0.12695312,2218.54,16.45,0.7272382378578186,963,6216,1.4107025,-0.005229136,795648,6858.839355707169,6365184,0.021247216
0.0004748288,0.1472168,2218.54,16.45,0.8491782546043396,975,6217,1.3694093,-0.006362713,795776,6859.890104055405,6366208,0.020205626
0.00053757685,0.14941406,2218.54,16.45,0.8253939151763916,983,6218,1.396857,-0.006398403,795904,6860.932137966156,6367232,0.0152479615
0.00041857592,0.12451172,2218.54,16.45,0.7822841852903366,968,6219,1.3681221,-0.005714149,796032,6861.989849805832,6368256,0.02343682
0.0004353234,0.111083984,2215.31,16.49,0.8606451004743576,941,6220,1.4163609,-0.006636101,796160,6863.077745676041,6369280,0.016981268
0.0007340086,0.16552734,2215.31,16.49,0.630620926618576,967,6221,1.3106495,-0.0059709223,796288,6864.136889219284,6370304,0.0391538
0.00055050454,0.1237793,2215.31,16.49,0.7334560453891754,966,6222,1.2857221,-0.00580947,796416,6865.196739912033,6371328,0.03179648
0.0005302872,0.13671875,2217.53,16.47,0.8601966500282288,968,6223,1.3567027,-0.006148972,796544,6866.254651069641,6372352,0.015006597
0.00049643894,0.15405273,2217.53,16.47,0.9046054929494858,967,6224,1.4051828,-0.0066043125,796672,6867.313683271408,6373376,0.008733266
0.00052753644,0.15527344,2217.53,16.47,0.7932056039571762,978,6225,1.4121003,-0.0051377704,796800,6868.360849380493,6374400,0.019421056
0.0005213536,0.119384766,2217.53,16.47,0.8662267774343491,963,6226,1.3992083,-0.006028811,796928,6869.42458820343,6375424,0.014078208
0.00042236276,0.12866211,2217.53,16.47,0.8796558156609535,976,6227,1.4237118,-0.0059875357,797056,6870.473565578461,6376448,0.013967064
0.00047068862,0.14575195,2222.63,16.43,0.7231221497058868,951,6228,1.3521891,-0.0060897963,797184,6871.55129981041,6377472,0.02717226
0.0003301999,0.1015625,2222.82,16.44,0.8427702784538269,959,6229,1.4539303,-0.0058310186,797312,6872.619400262833,6378496,0.015163467
0.0004917797,0.12109375,2216.0,16.44,0.8392174988985062,953,6230,1.3657712,-0.0058336793,797440,6873.694653511047,6379520,0.019693106
0.0005461006,0.123046875,2221.04,16.41,0.9038693606853485,965,6231,1.3956922,-0.005675592,797568,6874.755879163742,6380544,0.01223145
0.0006551792,0.1303711,2221.04,16.41,0.8030674308538437,967,6232,1.3089591,-0.007027666,797696,6875.815031290054,6381568,0.026211394
0.00057665457,0.13891602,2221.04,16.41,0.7164660692214966,978,6233,1.3877916,-0.0063096723,797824,6876.862813234329,6382592,0.032675687
0.00060256023,0.14355469,2215.55,16.41,0.8366067558526993,955,6234,1.3019396,-0.0059957867,797952,6877.934993505478,6383616,0.021071332
0.00050520524,0.1159668,2215.55,16.41,0.835856556892395,974,6235,1.3747011,-0.0058320565,798080,6878.986874103546,6384640,0.01878562
0.00046509525,0.13305664,2215.55,16.41,0.8540812879800797,959,6236,1.4086269,-0.006156943,798208,6880.055335044861,6385664,0.01837776
0.0005265486,0.13745117,2221.04,16.34,0.7281678020954132,906,6237,1.4040812,-0.0059367646,798336,6881.185483217239,6386688,0.03144394
0.0005314483,0.1418457,2221.04,16.34,0.8565155267715454,962,6238,1.3427441,-0.0057064127,798464,6882.250855207443,6387712,0.020708732
0.00041647843,0.10180664,2224.92,16.3,0.7885536998510361,949,6239,1.4069717,-0.004496727,798592,6883.3302590847015,6388736,0.017478526
0.0005113212,0.13012695,2224.92,16.3,0.8578338921070099,956,6240,1.367952,-0.00547434,798720,6884.4017605781555,6389760,0.01705735
0.0004819152,0.1706543,2224.92,16.3,0.8892565071582794,972,6241,1.4200689,-0.006387378,798848,6885.455005407333,6390784,0.0065003308
0.0004807952,0.13208008,2224.92,16.3,0.9143695458769798,977,6242,1.4712416,-0.0054113967,798976,6886.502944946289,6391808,0.0045530414
0.0006279603,0.13452148,2224.92,16.3,0.7670002281665802,956,6243,1.3928343,-0.004893283,799104,6887.5741751194,6392832,0.0309688
0.00053443434,0.1315918,2224.92,16.3,0.6500283777713776,958,6244,1.3417873,-0.0051193736,799232,6888.6436812877655,6393856,0.037203204
0.00057521375,0.14379883,2221.02,16.31,0.8318268656730652,952,6245,1.3803519,-0.006336859,799360,6889.719778776169,6394880,0.018446345
0.00052981346,0.16064453,2218.04,16.27,0.7913153916597366,935,6246,1.3689376,-0.0063759517,799488,6890.815469264984,6395904,0.022700965
0.0004409764,0.13500977,2218.04,16.27,0.7615688890218735,976,6247,1.3320318,-0.0055950684,799616,6891.865226984024,6396928,0.037367135
0.0005384024,0.13134766,2223.03,16.23,0.7958643883466721,950,6248,1.29367,-0.006328429,799744,6892.943889141083,6397952,0.030479442
0.0005417746,0.15209961,2223.03,16.23,0.8875666633248329,976,6249,1.3958559,-0.0062646028,799872,6893.99329829216,6398976,0.01186758
0.0005638658,0.14794922,2223.03,16.23,0.846595048904419,960,6250,1.3369817,-0.0066147447,800000,6895.06046628952,6400000,0.021163765
0.00060099177,0.14135742,2223.03,16.23,0.8615929037332535,964,6251,1.3826654,-0.0047549866,800128,6896.12294626236,6401024,0.017350681
0.00052136567,0.15991211,2220.89,16.25,0.8271201401948929,935,6252,1.4096582,-0.005103556,800256,6897.21791601181,6402048,0.012406859
0.000603253,0.12939453,2220.89,16.25,0.8212196081876755,967,6253,1.3439729,-0.0059838193,800384,6898.277274847031,6403072,0.020322727
0.00054924586,0.15014648,2222.56,16.2,0.8227042555809021,953,6254,1.370467,-0.005260285,800512,6899.352365493774,6404096,0.015818527
0.00048529697,0.15161133,2220.54,16.22,0.8013794422149658,953,6255,1.3776634,-0.0055966265,800640,6900.426698923111,6405120,0.02235738
0.0004797716,0.1340332,2220.54,16.22,0.7682280093431473,939,6256,1.4538147,-0.004153326,800768,6901.517672538757,6406144,0.014232309
0.0004738476,0.13500977,2220.54,16.22,0.8743067383766174,909,6257,1.4059695,-0.005438476,800896,6902.644221305847,6407168,0.01567162
0.00051451486,0.15942383,2220.54,16.22,0.883782297372818,902,6258,1.3839794,-0.0062618935,801024,6903.779514074326,6408192,0.011283536
0.00044849855,0.122558594,2220.54,16.22,0.7915721237659454,971,6259,1.3174429,-0.005638132,801152,6904.8339948654175,6409216,0.030399593
0.00048449208,0.15649414,2216.21,16.23,0.8524225652217865,953,6260,1.3444141,-0.006670949,801280,6905.908145666122,6410240,0.020393398
0.00055501336,0.123046875,2216.21,16.23,0.8460210263729095,983,6261,1.381956,-0.00585559,801408,6906.950026750565,6411264,0.015224144
0.0003880365,0.095214844,2212.96,16.24,0.8921883627772331,951,6262,1.3795193,-0.005071964,801536,6908.026651859283,6412288,0.011811686
0.00052992284,0.12719727,2212.96,16.24,0.6696591675281525,946,6263,1.4271022,-0.0056727314,801664,6909.1091022491455,6413312,0.029461479
0.00036594944,0.09741211,2212.96,16.24,0.844684824347496,944,6264,1.3936064,-0.0044618514,801792,6910.194109916687,6414336,0.014096745
0.00040834802,0.1237793,2212.96,16.24,0.7725326120853424,970,6265,1.3805124,-0.0054171123,801920,6911.249957561493,6415360,0.026926564
0.00052178476,0.14160156,2212.96,16.24,0.9074872732162476,965,6266,1.4330395,-0.0061392966,802048,6912.311767101288,6416384,0.008797927
0.0006175372,0.17456055,2221.43,16.19,0.8525813072919846,951,6267,1.3821508,-0.006755554,802176,6913.388516187668,6417408,0.016425679
0.0005148196,0.14355469,2214.73,16.19,0.7954152673482895,948,6268,1.3486359,-0.0055968314,802304,6914.468555450439,6418432,0.022032307
0.0005178324,0.1381836,2214.73,16.19,0.9087379202246666,967,6269,1.3258393,-0.0065054214,802432,6915.527181148529,6419456,0.012419008
0.0003822229,0.13427734,2214.73,16.19,0.800234392285347,954,6270,1.4380944,-0.0049435445,802560,6916.600515604019,6420480,0.014321043
0.000518713,0.16625977,2214.73,16.19,0.8753480464220047,927,6271,1.3690935,-0.0057758223,802688,6917.705907583237,6421504,0.015411936
0.000553784,0.13867188,2219.53,16.14,0.671238124370575,888,6272,1.402812,-0.004658971,802816,6918.859889745712,6422528,0.02854517
0.0006628421,0.13305664,2219.53,16.14,0.7997125834226608,910,6273,1.3023496,-0.0056763696,802944,6919.985201358795,6423552,0.02785041
0.00045109045,0.12817383,2219.53,16.14,0.8623511046171188,933,6274,1.371621,-0.0060902983,803072,6921.083119630814,6424576,0.01819783
0.0004564825,0.1262207,2219.53,16.14,0.7980474084615707,972,6275,1.371739,-0.005962122,803200,6922.13667845726,6425600,0.028978297
0.0005845544,0.1538086,2219.99,16.14,0.7327862977981567,967,6276,1.4044671,-0.0055618314,803328,6923.195754289627,6426624,0.018282568
0.0004821642,0.15527344,2219.99,16.14,0.8437242209911346,976,6277,1.4116241,-0.005166158,803456,6924.244756698608,6427648,0.018481541
0.00037698905,0.15283203,2219.99,16.14,0.8795043528079987,950,6278,1.4146031,-0.0059090974,803584,6925.323311328888,6428672,0.0072016427
0.00044819555,0.122802734,2219.99,16.14,0.6513991355895996,964,6279,1.3967781,-0.005632364,803712,6926.385828971863,6429696,0.03227614
0.0005941895,0.15454102,2219.99,16.14,0.8580868095159531,968,6280,1.3849629,-0.0059354054,803840,6927.444245815277,6430720,0.017137207
0.00046479417,0.10668945,2219.99,16.14,0.8366362303495407,965,6281,1.3516378,-0.0047297208,803968,6928.505828619003,6431744,0.018950026
0.0005307973,0.118652344,2219.77,16.15,0.8125639259815216,926,6282,1.3783859,-0.0056730155,804096,6929.6117124557495,6432768,0.02079373
0.00048010124,0.14013672,2215.13,16.18,0.8800333142280579,957,6283,1.4293368,-0.0062198145,804224,6930.6818017959595,6433792,0.015638337
0.00045302606,0.1430664,2215.26,16.19,0.8364793658256531,915,6284,1.3544105,-0.00623532,804352,6931.800812244415,6434816,0.01876185
0.00053510396,0.14648438,2219.07,16.12,0.8239711970090866,950,6285,1.3138977,-0.0066867815,804480,6932.879504442215,6435840,0.019684043
0.0006041796,0.16772461,2219.07,16.12,0.8472846895456314,973,6286,1.3955626,-0.006390852,804608,6933.932211399078,6436864,0.015554019
0.00032074976,0.10595703,2219.07,16.12,0.8003655672073364,986,6287,1.4077147,-0.0051418906,804736,6934.971086978912,6437888,0.023720646
0.0005362345,0.1538086,2220.04,16.17,0.7611721158027649,966,6288,1.3483058,-0.0057906136,804864,6936.031441450119,6438912,0.02191861
0.00071419595,0.15356445,2220.04,16.17,0.8859618082642555,969,6289,1.3293554,-0.005609263,804992,6937.088590145111,6439936,0.013014803
0.0004410173,0.10522461,2222.71,16.16,0.8972467109560966,952,6290,1.4273027,-0.005130815,805120,6938.164986133575,6440960,0.008911547
0.00041655794,0.13842773,2222.71,16.16,0.8171761482954025,967,6291,1.3936894,-0.00534282,805248,6939.224470615387,6441984,0.02244357
0.00058478734,0.14160156,2222.71,16.16,0.8175269216299057,953,6292,1.3429415,-0.0054909196,805376,6940.2993886470795,6443008,0.02432538
0.000379596,0.13964844,2222.71,16.16,0.7810337990522385,958,6293,1.4246366,-0.0059390394,805504,6941.368161201477,6444032,0.020521028
0.0004914523,0.15234375,2222.71,16.16,0.7898317128419876,961,6294,1.3632891,-0.0056846645,805632,6942.43371462822,6445056,0.018699246
0.0006242096,0.14404297,2222.71,16.16,0.7762579321861267,963,6295,1.3908161,-0.005261253,805760,6943.496920108795,6446080,0.028536577
0.0008413137,0.1616211,2226.66,16.16,0.7628744691610336,943,6296,1.2779722,-0.005570212,805888,6944.582488536835,6447104,0.01971295
0.0005526751,0.12011719,2226.66,16.16,0.8028488308191299,989,6297,1.3833988,-0.0055341935,806016,6945.61843585968,6448128,0.025638886
0.0007057743,0.1184082,2226.66,16.16,0.7580156326293945,961,6298,1.4131342,-0.004783926,806144,6946.684610366821,6449152,0.013826594
0.00047865894,0.12451172,2226.66,16.16,0.8874716609716415,961,6299,1.4722463,-0.0054624956,806272,6947.7508046627045,6450176,0.0076368805
0.00071903097,0.13989258,2222.76,16.2,0.8928795456886292,923,6300,1.3776708,-0.0052636378,806400,6948.860890626907,6451200,0.0145310145
0.0004149491,0.13330078,2221.44,16.22,0.7479214668273926,926,6301,1.3636863,-0.005769497,806528,6949.967435121536,6452224,0.03518994
0.0005627649,0.1652832,2226.97,16.17,0.8073940575122833,925,6302,1.3661718,-0.0051899333,806656,6951.074322223663,6453248,0.019264584
0.00053222314,0.118652344,2226.97,16.17,0.7746231257915497,961,6303,1.3818588,-0.0057969866,806784,6952.139795064926,6454272,0.019704632
0.0004256208,0.1430664,2222.36,16.2,0.8591182678937912,940,6304,1.4558767,-0.005221017,806912,6953.229780435562,6455296,0.009447687
0.00039758696,0.13745117,2222.36,16.2,0.8374368250370026,961,6305,1.3811083,-0.005414389,807040,6954.295488834381,6456320,0.017151127
0.00035654122,0.12036133,2226.84,16.17,0.8489490896463394,940,6306,1.4184712,-0.005779938,807168,6955.38477230072,6457344,0.01577789
0.0004498931,0.118652344,2226.84,16.17,0.6520072817802429,974,6307,1.3724328,-0.0061623584,807296,6956.43612575531,6458368,0.04028049
0.00043089455,0.13110352,2226.84,16.17,0.8808621093630791,969,6308,1.3552313,-0.005683764,807424,6957.493206977844,6459392,0.0121399155
0.00054703245,0.13696289,2226.84,16.17,0.8088889420032501,973,6309,1.4167414,-0.0052217157,807552,6958.545733451843,6460416,0.016175589
0.00044261303,0.14428711,2226.84,16.17,0.76667620241642,961,6310,1.4494765,-0.005754298,807680,6959.6110072135925,6461440,0.027935244
0.00062075176,0.125,2226.84,16.17,0.7686468362808228,972,6311,1.3022859,-0.0055001867,807808,6960.664276361465,6462464,0.02851227
0.00039064387,0.13769531,2226.84,16.17,0.8819122686982155,900,6312,1.4665812,-0.0059083276,807936,6961.8028082847595,6463488,0.0064365612
0.0007538942,0.18701172,2226.84,16.17,0.8678726404905319,900,6313,1.4199437,-0.0048090676,808064,6962.94055390358,6464512,0.01570604
0.0005153462,0.1352539,2229.25,16.18,0.8370486348867416,920,6314,1.3557239,-0.006326855,808192,6964.053118228912,6465536,0.01648366
0.0003788554,0.12573242,2235.37,16.13,0.8403055220842361,969,6315,1.4378171,-0.0053042294,808320,6965.110492706299,6466560,0.013025354
0.000517111,0.13085938,2228.71,16.16,0.9052123054862022,938,6316,1.3656056,-0.0058473777,808448,6966.202739715576,6467584,0.009550059
0.0004349307,0.12670898,2227.57,16.13,0.5736589133739471,968,6317,1.3269107,-0.006216958,808576,6967.271463394165,6468608,0.045173254
0.00038763604,0.12695312,2227.57,16.13,0.775090679526329,961,6318,1.3883615,-0.0055664564,808704,6968.3375697135925,6469632,0.031396225
0.0005540873,0.15405273,2227.57,16.13,0.7467842698097229,960,6319,1.3983209,-0.0059633614,808832,6969.403991937637,6470656,0.031065682
0.00038447106,0.13623047,2227.57,16.13,0.7748026549816132,961,6320,1.3403358,-0.0053755064,808960,6970.470252037048,6471680,0.032327674
0.0005022693,0.13574219,2225.31,16.14,0.8268042951822281,971,6321,1.4031494,-0.0060689216,809088,6971.525048494339,6472704,0.017161287
0.00049488596,0.13598633,2228.39,16.12,0.8663944154977798,960,6322,1.3380188,-0.005266466,809216,6972.592427253723,6473728,0.015984667
0.0003744921,0.09399414,2232.46,16.05,0.8048417866230011,957,6323,1.4179924,-0.0043913187,809344,6973.662234306335,6474752,0.015622811
0.0004950336,0.16503906,2232.46,16.05,0.8514404594898224,975,6324,1.390016,-0.0059170956,809472,6974.712903261185,6475776,0.01839145
0.00054586906,0.15893555,2232.46,16.05,0.7258791029453278,970,6325,1.4151073,-0.005179905,809600,6975.76894235611,6476800,0.03168736
0.00039570752,0.1418457,2232.46,16.05,0.8329220861196518,961,6326,1.3984737,-0.0043640486,809728,6976.83470749855,6477824,0.016274378
0.00067213405,0.1508789,2232.46,16.05,0.8538190871477127,972,6327,1.3481334,-0.00579485,809856,6977.888956785202,6478848,0.015173325
0.00036885502,0.13696289,2232.46,16.05,0.7717014998197556,910,6328,1.444937,-0.0048251133,809984,6979.01415348053,6479872,0.019931853
0.00039717683,0.12719727,2232.46,16.05,0.8091028779745102,904,6329,1.400274,-0.0060398625,810112,6980.147332191467,6480896,0.020104224
0.00040959328,0.15039062,2232.46,16.05,0.8214064240455627,887,6330,1.3853868,-0.0058957133,810240,6981.3020231723785,6481920,0.017824484
0.0003180452,0.09375,2232.46,16.05,0.7769744694232941,969,6331,1.4061816,-0.005034815,810368,6982.358551263809,6482944,0.018721806
0.00061516534,0.16015625,2232.57,16.05,0.7953540086746216,957,6332,1.3832163,-0.0058208434,810496,6983.429213285446,6483968,0.017137568
0.00041163008,0.14111328,2230.92,16.01,0.8735031485557556,958,6333,1.377961,-0.006022536,810624,6984.498725652695,6484992,0.014600788
0.00047650174,0.13574219,2236.69,15.97,0.8823830932378769,963,6334,1.3482782,-0.0058141053,810752,6985.562525987625,6486016,0.013507275
0.00073252496,0.13769531,2232.18,15.99,0.8395885229110718,969,6335,1.3595387,-0.0059442576,810880,6986.619796991348,6487040,0.019938063
0.0004103623,0.1303711,2223.11,16.05,0.7613909691572189,944,6336,1.3318603,-0.0052932566,811008,6987.704303979874,6488064,0.027564613
0.00038154668,0.13012695,2223.11,16.05,0.8970170095562935,972,6337,1.4266418,-0.005289615,811136,6988.758578300476,6489088,0.009358348
0.00045206066,0.16796875,2223.11,16.05,0.8676695227622986,960,6338,1.4092902,-0.0059749284,811264,6989.825878143311,6490112,0.010377855
0.0005164892,0.14501953,2223.11,16.05,0.8742039799690247,969,6339,1.4553348,-0.0061096773,811392,6990.88286280632,6491136,0.011119709
0.0005628885,0.13574219,2220.67,16.07,0.9128460064530373,924,6340,1.3826292,-0.005193496,811520,6991.991499900818,6492160,0.0077441116
0.0005070444,0.14379883,2220.67,16.07,0.820574939250946,979,6341,1.3869141,-0.0057414174,811648,6993.037146568298,6493184,0.015449311
0.0005155277,0.15844727,2220.67,16.07,0.8897151947021484,967,6342,1.4763036,-0.0046746507,811776,6994.096563577652,6494208,0.0071027097
0.0005988847,0.12841797,2220.67,16.07,0.7921033650636673,970,6343,1.3783325,-0.0050842604,811904,6995.152543544769,6495232,0.022833703
0.00034459363,0.12719727,2220.67,16.07,0.8458182513713837,964,6344,1.4436821,-0.0054271542,812032,6996.215441703796,6496256,0.011558219
0.00053796195,0.12817383,2220.67,16.07,0.8056630343198776,969,6345,1.3816757,-0.005303437,812160,6997.272171735764,6497280,0.022612967
0.0006455332,0.1472168,2220.67,16.07,0.8198867291212082,922,6346,1.3747392,-0.004784748,812288,6998.382494926453,6498304,0.019904824
0.0005532821,0.16699219,2218.07,16.09,0.7316251993179321,910,6347,1.3880168,-0.005274915,812416,6999.508401632309,6499328,0.025750414
0.000887463,0.17700195,2218.07,16.09,0.8046822845935822,944,6348,1.4464043,-0.0053054634,812544,7000.593685388565,6500352,0.011950334
0.00044701423,0.18041992,2205.82,16.18,0.8669372051954269,953,6349,1.4309881,-0.005565307,812672,7001.66813492775,6501376,0.010048068
0.0005859978,0.13916016,2207.04,16.17,0.6818685233592987,957,6350,1.2754302,-0.005314984,812800,7002.738511562347,6502400,0.040564667
0.00061943126,0.17822266,2198.57,16.25,0.759521096944809,954,6351,1.345318,-0.0055413796,812928,7003.8118550777435,6503424,0.02702151
0.0004405615,0.1352539,2198.57,16.25,0.678010106086731,959,6352,1.3320512,-0.0047461153,813056,7004.880024433136,6504448,0.03951544
0.00041783252,0.14477539,2198.57,16.25,0.8099238276481628,963,6353,1.4369689,-0.005851522,813184,7005.943384885788,6505472,0.012492363
0.000538351,0.14770508,2202.31,16.21,0.7834228575229645,958,6354,1.3590187,-0.0053065848,813312,7007.012997865677,6506496,0.026076991
0.0006288075,0.12646484,2202.31,16.21,0.8119619488716125,977,6355,1.3549287,-0.00523349,813440,7008.061554431915,6507520,0.020358734
0.0004864596,0.16357422,2204.35,16.18,0.8036192953586578,956,6356,1.3534008,-0.006223978,813568,7009.133356809616,6508544,0.025124922
0.0007439267,0.15698242,2204.35,16.18,0.810544341802597,974,6357,1.3403407,-0.0058095786,813696,7010.185129404068,6509568,0.024046557
0.00041945174,0.13134766,2204.35,16.18,0.8300756812095642,931,6358,1.3891821,-0.005047608,813824,7011.284827709198,6510592,0.022474932
0.00052555057,0.1484375,2204.35,16.18,0.8589574843645096,957,6359,1.4290161,-0.006389211,813952,7012.354667901993,6511616,0.015923165
0.00050811603,0.15551758,2204.35,16.18,0.7685640603303909,937,6360,1.3660742,-0.0051071784,814080,7013.447412967682,6512640,0.02496545
0.0004686626,0.14819336,2204.35,16.18,0.8302411437034607,898,6361,1.3903192,-0.0070512616,814208,7014.587965250015,6513664,0.017613444
0.0005079143,0.15527344,2204.35,16.18,0.7619191259145737,982,6362,1.4408557,-0.005654415,814336,7015.630679130554,6514688,0.018740337
0.0004210289,0.13964844,2204.35,16.18,0.8270496428012848,966,6363,1.3828086,-0.0055660023,814464,7016.690761089325,6515712,0.0166294
0.00044548037,0.14257812,2209.06,16.14,0.764654129743576,946,6364,1.3964496,-0.005143326,814592,7017.773105621338,6516736,0.024285767
0.00034213925,0.13183594,2204.75,16.17,0.7157512009143829,965,6365,1.3774935,-0.005264581,814720,7018.834840536118,6517760,0.023871725
0.0005638794,0.13989258,2200.93,16.22,0.8844014555215836,942,6366,1.3615551,-0.0063128565,814848,7019.922310829163,6518784,0.013940812
0.00049755676,0.118896484,2199.7,16.2,0.6527142822742462,968,6367,1.3796026,-0.004212672,814976,7020.980785369873,6519808,0.03309852
0.00043108128,0.1315918,2199.7,16.2,0.7623257786035538,972,6368,1.3889318,-0.0053073233,815104,7022.034219741821,6520832,0.023906017
0.00052910583,0.1472168,2197.05,16.19,0.6604967713356018,968,6369,1.3418152,-0.005319819,815232,7023.092174053192,6521856,0.028675068
0.00042236334,0.14428711,2200.08,16.14,0.7356270551681519,950,6370,1.4080616,-0.0059660845,815360,7024.169739246368,6522880,0.026591135
0.00046307614,0.12915039,2202.36,16.1,0.8831815347075462,929,6371,1.374834,-0.006487662,815488,7025.272087335587,6523904,0.013426804
0.0006921544,0.1538086,2205.22,16.07,0.8054688274860382,933,6372,1.3078079,-0.005723155,815616,7026.369454860687,6524928,0.02285994
0.00055513193,0.17797852,2205.22,16.07,0.7443780601024628,958,6373,1.401617,-0.005677738,815744,7027.439010381699,6525952,0.024984924
0.0006720245,0.15039062,2205.22,16.07,0.8221074342727661,901,6374,1.4256347,-0.0046620774,815872,7028.575129032135,6526976,0.016901752
0.00046425342,0.13012695,2205.22,16.07,0.7943463921546936,919,6375,1.3612182,-0.005217378,816000,7029.690095901489,6528000,0.025025837
0.00047668087,0.1328125,2205.22,16.07,0.7767427712678909,912,6376,1.3958052,-0.0056727664,816128,7030.812856197357,6529024,0.022408767
0.0003920804,0.14916992,2205.22,16.07,0.7963332980871201,903,6377,1.4253535,-0.0050361617,816256,7031.946610450745,6530048,0.013067528
0.00022962262,0.10083008,2205.22,16.07,0.7211984992027283,961,6378,1.4243544,-0.0039537884,816384,7033.01264166832,6531072,0.019755987
0.0003671268,0.111572266,2200.55,16.12,0.8652936816215515,947,6379,1.4106051,-0.0046959976,816512,7034.094406604767,6532096,0.011457784
0.00044817835,0.1472168,2200.55,16.12,0.7810308486223221,934,6380,1.294213,-0.006587521,816640,7035.190669298172,6533120,0.028712295
0.00041731144,0.11401367,2200.55,16.12,0.8722951859235764,922,6381,1.4150555,-0.005215371,816768,7036.301565170288,6534144,0.015889933
0.00039643337,0.14916992,2200.55,16.12,0.7497635781764984,955,6382,1.355956,-0.004865958,816896,7037.3739976882935,6535168,0.021943498
0.0005435405,0.17285156,2201.15,16.08,0.76561339199543,936,6383,1.3552372,-0.0063197985,817024,7038.467645645142,6536192,0.029776614
0.00047957254,0.17138672,2202.98,16.04,0.7885493487119675,937,6384,1.3959024,-0.0057516717,817152,7039.560790777206,6537216,0.018133685
0.00047110257,0.14990234,2202.98,16.04,0.8324726670980453,923,6385,1.366622,-0.0064282534,817280,7040.66991519928,6538240,0.019594459
0.00081336964,0.15576172,2205.8,15.98,0.7421585619449615,940,6386,1.3654526,-0.0061523006,817408,7041.759958267212,6539264,0.029185055
0.0004964358,0.15136719,2205.8,15.98,0.7713252902030945,944,6387,1.381804,-0.0064835646,817536,7042.8451607227325,6540288,0.021457508
0.0003893522,0.14770508,2207.53,16.0,0.8902821019291878,893,6388,1.4401594,-0.0051538274,817664,7043.991452455521,6541312,0.006671881
0.0003672939,0.12890625,2209.32,15.99,0.7916116118431091,925,6389,1.4102579,-0.005117636,817792,7045.099230051041,6542336,0.01861703
0.00043452717,0.14892578,2209.32,15.99,0.816505953669548,961,6390,1.3241202,-0.006096137,817920,7046.165258169174,6543360,0.023819119
0.00046321013,0.107666016,2209.32,15.99,0.8186013549566269,968,6391,1.4249238,-0.0048300973,818048,7047.223276376724,6544384,0.016721442
0.0003768248,0.14453125,2209.32,15.99,0.7818701267242432,940,6392,1.4236957,-0.0056037614,818176,7048.313011884689,6545408,0.021627855
0.00043028634,0.14160156,2209.32,15.99,0.7050765454769135,947,6393,1.329432,-0.006389392,818304,7049.394141435623,6546432,0.028730273
0.0008075076,0.1430664,2209.32,15.99,0.9042839631438255,925,6394,1.466712,-0.0058307564,818432,7050.5015001297,6547456,0.008675076
0.00036181143,0.09301758,2203.66,16.05,0.8486419469118118,960,6395,1.3712146,-0.004944374,818560,7051.568438053131,6548480,0.016766025
0.0004488782,0.14038086,2203.66,16.05,0.7105880081653595,942,6396,1.4534637,-0.0043252003,818688,7052.6557767391205,6549504,0.018814042
0.00057384657,0.13745117,2194.59,16.15,0.7803418189287186,908,6397,1.3902568,-0.005195494,818816,7053.783476352692,6550528,0.018254314
0.00041089643,0.1340332,2194.59,16.15,0.7958094626665115,956,6398,1.348982,-0.004980793,818944,7054.855231523514,6551552,0.020137658
0.00032954843,0.099853516,2194.59,16.15,0.8532773554325104,926,6399,1.4360003,-0.00534321,819072,7055.960950374603,6552576,0.018384153
0.0005450177,0.14892578,2195.88,16.11,0.7832558900117874,891,6400,1.2679713,-0.006060431,819200,7057.1097185611725,6553600,0.029064378
0.00041196038,0.12695312,2195.88,16.11,0.7649814933538437,913,6401,1.3631234,-0.004913333,819328,7058.231577396393,6554624,0.026090369
0.00026646885,0.11645508,2197.81,16.06,0.8695851564407349,919,6402,1.4289559,-0.0055050096,819456,7059.346526861191,6555648,0.011017111
0.00058435043,0.14819336,2193.38,16.09,0.7794066816568375,904,6403,1.3823161,-0.0057678698,819584,7060.4788818359375,6556672,0.023870079
0.00041115636,0.1340332,2193.38,16.09,0.8342429399490356,926,6404,1.3784713,-0.0055353018,819712,7061.584692239761,6557696,0.01576388
0.0005954169,0.13183594,2193.38,16.09,0.8410847187042236,930,6405,1.4244813,-0.0047527095,819840,7062.685418128967,6558720,0.015955938
0.00032277053,0.11230469,2193.38,16.09,0.8282775431871414,984,6406,1.4071188,-0.005115503,819968,7063.726583003998,6559744,0.017376289
0.00040486315,0.12646484,2193.38,16.09,0.7897303402423859,975,6407,1.4156611,-0.0058864723,820096,7064.777556657791,6560768,0.020367648
0.0005040643,0.15917969,2196.36,16.06,0.8053987175226212,946,6408,1.4283841,-0.0055377563,820224,7065.859988451004,6561792,0.019232772
0.00039501023,0.110839844,2192.04,16.07,0.8501151502132416,926,6409,1.3481002,-0.005060303,820352,7066.966193675995,6562816,0.013543829
0.00034935633,0.1237793,2192.04,16.07,0.7208949327468872,921,6410,1.4253881,-0.004570583,820480,7068.078372716904,6563840,0.023712387
0.0003486578,0.12915039,2196.43,16.04,0.8577257990837097,957,6411,1.4113009,-0.0053370884,820608,7069.148572444916,6564864,0.013160473
0.0005324639,0.14428711,2196.43,16.04,0.8366131037473679,954,6412,1.4316078,-0.0056041656,820736,7070.222552776337,6565888,0.016105663
0.0004970729,0.11645508,2189.62,16.1,0.8751237988471985,960,6413,1.3781756,-0.005357389,820864,7071.28989815712,6566912,0.016667219
0.00043456588,0.14282227,2189.62,16.1,0.8685114979743958,958,6414,1.4449201,-0.005605893,820992,7072.3592801094055,6567936,0.011738992
0.00031921073,0.11010742,2190.53,16.09,0.8227518200874329,954,6415,1.3728925,-0.0050948304,821120,7073.432963609695,6568960,0.020791478
0.00043713214,0.11645508,2190.54,16.11,0.7822623550891876,949,6416,1.4116968,-0.005422002,821248,7074.512689590454,6569984,0.02631353
0.0004876821,0.13012695,2190.54,16.11,0.7413331568241119,976,6417,1.3935996,-0.005389143,821376,7075.561706066132,6571008,0.024153497
0.0007148958,0.18017578,2186.61,16.13,0.7994604408740997,954,6418,1.3859007,-0.0056524584,821504,7076.635804414749,6572032,0.020866094
0.00047169116,0.140625,2186.61,16.13,0.8204860985279083,975,6419,1.3708305,-0.0059426087,821632,7077.686304569244,6573056,0.023998126
0.00038760083,0.1262207,2186.61,16.13,0.6894090175628662,956,6420,1.4176737,-0.005365857,821760,7078.757069349289,6574080,0.027203308
0.0005521462,0.1459961,2186.61,16.13,0.8047035187482834,978,6421,1.3895962,-0.0059292405,821888,7079.805108547211,6575104,0.023562275
0.0006135781,0.16455078,2189.19,16.13,0.8976721987128258,954,6422,1.3204476,-0.0065490063,822016,7080.8781316280365,6576128,0.012660768
0.00048097083,0.1550293,2189.19,16.13,0.7415076494216919,971,6423,1.3844745,-0.005744403,822144,7081.933179616928,6577152,0.036000088
0.0003912511,0.14624023,2189.19,16.13,0.8810484260320663,963,6424,1.4017023,-0.005702069,822272,7082.99644446373,6578176,0.0115874335
0.00046391357,0.1484375,2180.61,16.18,0.8276899456977844,969,6425,1.353825,-0.005691949,822400,7084.052987575531,6579200,0.018771231
0.00043605943,0.14282227,2175.31,16.23,0.8181296437978745,965,6426,1.4109768,-0.00539902,822528,7085.114666223526,6580224,0.016128138
0.00045909814,0.14697266,2173.93,16.27,0.8739238083362579,973,6427,1.3881944,-0.0056724707,822656,7086.167360544205,6581248,0.014043542
0.00036558398,0.13842773,2173.93,16.27,0.8055687993764877,953,6428,1.4249284,-0.0057870694,822784,7087.241960763931,6582272,0.022034353
0.0005026549,0.14941406,2173.93,16.27,0.5234508514404297,935,6429,1.2830685,-0.006382005,822912,7088.337491989136,6583296,0.043374076
0.0005611436,0.118652344,2173.93,16.27,0.7891504317522049,950,6430,1.3149512,-0.004906907,823040,7089.416051149368,6584320,0.028676895
0.00049525086,0.13745117,2175.33,16.26,0.8148349225521088,960,6431,1.3966137,-0.0054441337,823168,7090.482862949371,6585344,0.018860187
0.00055372703,0.15771484,2171.93,16.28,0.6166273653507233,934,6432,1.331147,-0.0041954946,823296,7091.578883886337,6586368,0.04066437
0.0004333094,0.14086914,2175.1,16.26,0.7264911830425262,973,6433,1.308682,-0.005354711,823424,7092.6317529678345,6587392,0.03541548
0.0005995003,0.14233398,2175.1,16.26,0.8245295882225037,963,6434,1.3860329,-0.004314469,823552,7093.695599555969,6588416,0.012032462
0.00036896992,0.14086914,2175.1,16.26,0.8609959334135056,975,6435,1.4219688,-0.005525394,823680,7094.745562314987,6589440,0.014372469
0.00045616078,0.12207031,2178.98,16.23,0.7605749070644379,923,6436,1.3201214,-0.0048802146,823808,7095.855628728867,6590464,0.029565524
0.000844168,0.15966797,2178.98,16.23,0.7530084401369095,966,6437,1.3185221,-0.006121567,823936,7096.916178226471,6591488,0.023698451
0.0004456372,0.16821289,2178.98,16.23,0.8035314828157425,956,6438,1.3813955,-0.007004411,824064,7097.987514257431,6592512,0.02465433
0.00044073997,0.14111328,2178.98,16.23,0.694707453250885,957,6439,1.3871951,-0.0062360526,824192,7099.058057546616,6593536,0.033301976
0.00038087706,0.12597656,2178.98,16.23,0.8372102230787277,966,6440,1.3555504,-0.0056141727,824320,7100.118646144867,6594560,0.01729124
0.00062766805,0.1315918,2178.98,16.23,0.8204729408025742,974,6441,1.3339102,-0.0055851215,824448,7101.170672178268,6595584,0.021921083
0.0004169814,0.111572266,2178.98,16.23,0.7969842404127121,962,6442,1.3674643,-0.0058855424,824576,7102.235871315002,6596608,0.027905906
0.00046793724,0.09399414,2183.53,16.21,0.691466897726059,920,6443,1.3989455,-0.0043253615,824704,7103.349148273468,6597632,0.027328594
0.00048414106,0.13842773,2183.53,16.21,0.8702852874994278,897,6444,1.3280424,-0.006609818,824832,7104.491334199905,6598656,0.016559448
0.0005114881,0.13183594,2183.53,16.21,0.8137964159250259,919,6445,1.3335663,-0.0056484174,824960,7105.605732679367,6599680,0.021098254
0.00050782313,0.14331055,2179.24,16.22,0.7340189814567566,948,6446,1.397662,-0.006107986,825088,7106.685831785202,6600704,0.028675918
0.00028865575,0.10424805,2179.24,16.22,0.7973356544971466,962,6447,1.4253405,-0.0053722654,825216,7107.750186681747,6601728,0.02129115
0.00042759132,0.12475586,2179.24,16.22,0.7912674248218536,937,6448,1.414579,-0.0044920263,825344,7108.8428411483765,6602752,0.026586827
0.0005590636,0.15917969,2179.24,16.22,0.8260313719511032,960,6449,1.3232648,-0.0056098243,825472,7109.90945649147,6603776,0.02377808
0.0004096335,0.14428711,2184.34,16.2,0.734217494726181,950,6450,1.4197599,-0.0059284726,825600,7110.987543821335,6604800,0.02432732
0.0005276562,0.12182617,2191.16,16.13,0.6496815383434296,964,6451,1.3466516,-0.004249363,825728,7112.050865650177,6605824,0.033764653
0.0005712151,0.13134766,2186.93,16.17,0.8755599707365036,943,6452,1.3898624,-0.0049337093,825856,7113.13664317131,6606848,0.014032485
0.00047323594,0.16357422,2187.62,16.16,0.8650871217250824,979,6453,1.3438039,-0.0049631265,825984,7114.182288408279,6607872,0.012094956
0.0004396655,0.11987305,2187.62,16.16,0.8054568022489548,944,6454,1.4402366,-0.004932832,826112,7115.266977310181,6608896,0.020216957
0.00042827878,0.114990234,2196.62,16.11,0.853045865893364,939,6455,1.3661177,-0.00336068,826240,7116.357083320618,6609920,0.011572354
0.00044399517,0.12670898,2196.62,16.11,0.8596982657909393,925,6456,1.3518173,-0.0050632753,826368,7117.464414596558,6610944,0.016266461
0.0004011915,0.13110352,2196.62,16.11,0.854964941740036,914,6457,1.4071516,-0.005461281,826496,7118.584986209869,6611968,0.016597856
0.00046779955,0.1418457,2196.16,16.1,0.8430752605199814,903,6458,1.3639762,-0.006197003,826624,7119.719696998596,6612992,0.018627413
0.0004222314,0.15332031,2196.16,16.1,0.8129671812057495,976,6459,1.3824975,-0.005072262,826752,7120.769091129303,6614016,0.023372013
0.0003398932,0.088134766,2196.16,16.1,0.8133751153945923,915,6460,1.4072256,-0.0040368177,826880,7121.887946367264,6615040,0.016275004
0.0004949375,0.16064453,2194.6,16.16,0.7957435697317123,900,6461,1.4071777,-0.0059835,827008,7123.02626657486,6616064,0.021951701
0.0004821809,0.15991211,2190.85,16.17,0.8292369097471237,957,6462,1.3157682,-0.0050524506,827136,7124.096595525742,6617088,0.018518744
0.0004626935,0.10668945,2190.85,16.17,0.6910590529441833,978,6463,1.4247113,-0.00481535,827264,7125.143757104874,6618112,0.017441163
0.0004913655,0.1352539,2186.22,16.22,0.9012511223554611,959,6464,1.4407817,-0.0049045333,827392,7126.211441278458,6619136,0.007323043
0.00067031983,0.15600586,2186.22,16.22,0.7670775353908539,974,6465,1.3751818,-0.0052384804,827520,7127.263130426407,6620160,0.0315838
0.00035799292,0.12524414,2187.17,16.23,0.8393632620573044,943,6466,1.4429865,-0.0047952174,827648,7128.349455356598,6621184,0.00958307
0.00042545775,0.11035156,2187.17,16.23,0.8575564622879028,984,6467,1.3701475,-0.004722856,827776,7129.390153646469,6622208,0.015423723
0.00041162016,0.1274414,2187.17,16.23,0.8910711780190468,961,6468,1.3965678,-0.006422773,827904,7130.456391334534,6623232,0.010936098
0.00040098993,0.15112305,2184.47,16.28,0.9181440696120262,954,6469,1.4462701,-0.006130075,828032,7131.529448032379,6624256,0.007824135
0.0005193861,0.14624023,2187.16,16.24,0.9372343569993973,952,6470,1.3540432,-0.0061171777,828160,7132.605178594589,6625280,0.008729926
0.0005592562,0.16870117,2187.16,16.24,0.6200523376464844,977,6471,1.4124845,-0.0058021983,828288,7133.654187202454,6626304,0.030386427
0.00041000318,0.14819336,2187.16,16.24,0.7882265746593475,983,6472,1.3358966,-0.005221191,828416,7134.696341514587,6627328,0.03011273
0.0004050921,0.123535156,2189.91,16.24,0.823251873254776,957,6473,1.3087794,-0.0049962797,828544,7135.766644001007,6628352,0.019186363
0.00036174787,0.115722656,2189.91,16.24,0.666373610496521,974,6474,1.4402245,-0.0043978305,828672,7136.817698478699,6629376,0.027668983
0.00055216387,0.14624023,2189.66,16.24,0.877601332962513,948,6475,1.3758743,-0.004601821,828800,7137.897993803024,6630400,0.014634711
0.00041788467,0.10668945,2180.13,16.31,0.816021054983139,953,6476,1.3236349,-0.0046116877,828928,7138.972616195679,6631424,0.0231424
0.0005285898,0.15576172,2180.13,16.31,0.7545612007379532,982,6477,1.3146456,-0.0057476484,829056,7140.015241146088,6632448,0.03326934
0.0004050878,0.13793945,2180.13,16.31,0.8297724574804306,921,6478,1.353597,-0.0051111793,829184,7141.126795530319,6633472,0.024944402
0.0005035052,0.1706543,2180.13,16.31,0.7155307531356812,936,6479,1.4191715,-0.0044725174,829312,7142.2207181453705,6634496,0.015938547
0.0004436046,0.13720703,2180.13,16.31,0.8501239866018295,955,6480,1.4333869,-0.005341876,829440,7143.293690919876,6635520,0.01835577
0.0006711467,0.114990234,2177.82,16.3,0.8763427957892418,943,6481,1.354657,-0.0053837765,829568,7144.380094051361,6636544,0.014453419
0.00045740808,0.12719727,2177.82,16.3,0.6693626344203949,954,6482,1.3721801,-0.0050177244,829696,7145.454140663147,6637568,0.03452684
0.00044832917,0.13183594,2177.82,16.3,0.8538168519735336,964,6483,1.3507342,-0.0063875117,829824,7146.5168623924255,6638592,0.02146536
0.00039760064,0.15991211,2182.9,16.3,0.8392417281866074,947,6484,1.4185561,-0.0054188594,829952,7147.598764657974,6639616,0.014329839
0.0005559537,0.14550781,2182.9,16.3,0.8695471286773682,970,6485,1.3340768,-0.005737311,830080,7148.654847145081,6640640,0.015876036
0.00040155515,0.12890625,2182.9,16.3,0.8712053596973419,963,6486,1.4339029,-0.0055237897,830208,7149.718666315079,6641664,0.013036905
0.00040329093,0.14404297,2187.2,16.24,0.7980048507452011,959,6487,1.34153,-0.0055880602,830336,7150.78643488884,6642688,0.035154164
0.00058505253,0.16333008,2180.97,16.29,0.7369893789291382,953,6488,1.2430604,-0.0056398464,830464,7151.860836267471,6643712,0.030241445
0.0004549568,0.13110352,2180.97,16.29,0.7587099224328995,971,6489,1.391134,-0.0054082703,830592,7152.915201663971,6644736,0.027898295
0.0005143516,0.1574707,2186.61,16.24,0.6122696399688721,952,6490,1.3357482,-0.0052466043,830720,7153.99140048027,6645760,0.03848868
0.00036345015,0.11303711,2186.61,16.24,0.7255278825759888,983,6491,1.39377,-0.0036986922,830848,7155.033168315887,6646784,0.01817574
0.00036502906,0.09350586,2186.61,16.24,0.8224189579486847,966,6492,1.3803127,-0.004272222,830976,7156.092972993851,6647808,0.015724547
0.000512908,0.12963867,2189.9,16.2,0.7846527844667435,964,6493,1.3825446,-0.0049658027,831104,7157.155882120132,6648832,0.022360334
0.0004898838,0.1472168,2197.98,16.12,0.8702822774648666,963,6494,1.3076007,-0.0057109524,831232,7158.219847679138,6649856,0.013812925
0.00048464857,0.14355469,2197.98,16.12,0.7156460881233215,949,6495,1.3659074,-0.0059002447,831360,7159.298657417297,6650880,0.036666244
0.00039182836,0.12573242,2197.34,16.13,0.7698613554239273,904,6496,1.3790877,-0.005586275,831488,7160.431491136551,6651904,0.021098599
0.00038555937,0.12866211,2197.34,16.13,0.8576927781105042,920,6497,1.386999,-0.005852489,831616,7161.545118331909,6652928,0.016205743
0.00041081806,0.11987305,2197.34,16.13,0.8472774922847748,907,6498,1.4002314,-0.005627972,831744,7162.673949480057,6653952,0.022343693
0.00036605392,0.13793945,2199.62,16.1,0.7928107529878616,968,6499,1.3585894,-0.005433756,831872,7163.731724023819,6654976,0.02522721
0.00036747707,0.12817383,2197.15,16.14,0.7833437770605087,949,6500,1.3358356,-0.005631496,832000,7164.810997962952,6656000,0.025600184
0.0005380849,0.1430664,2197.15,16.14,0.8656512498855591,979,6501,1.3648293,-0.005928261,832128,7165.857885122299,6657024,0.016978716
0.00037205176,0.12597656,2197.15,16.14,0.7758917212486267,965,6502,1.4318968,-0.0049865963,832256,7166.919456958771,6658048,0.019832296
0.00054926134,0.14770508,2197.15,16.14,0.7914760708808899,969,6503,1.3336624,-0.00529214,832384,7167.9764766693115,6659072,0.030609544
0.000424794,0.13183594,2197.15,16.14,0.7040373980998993,954,6504,1.3939581,-0.004854251,832512,7169.049660921097,6660096,0.0387
0.00067755824,0.11206055,2191.9,16.16,0.7447027862071991,940,6505,1.3034899,-0.005259179,832640,7170.139511108398,6661120,0.026472224
0.00044207028,0.13134766,2191.9,16.16,0.7657873332500458,965,6506,1.3315738,-0.0054850783,832768,7171.201285600662,6662144,0.034769997
0.00045203412,0.1394043,2191.9,16.16,0.7151302099227905,944,6507,1.3108791,-0.0062125316,832896,7172.2860543727875,6663168,0.049882043
0.0004340194,0.12866211,2191.9,16.16,0.8135515004396439,932,6508,1.3181303,-0.0049920944,833024,7173.385032176971,6664192,0.024783492
0.000523554,0.15307617,2191.9,16.16,0.6937631964683533,929,6509,1.380718,-0.004763465,833152,7174.48727273941,6665216,0.020414209
0.00038162165,0.1027832,2191.78,16.11,0.7923764139413834,915,6510,1.375922,-0.004694851,833280,7175.606299161911,6666240,0.022085866
0.00037531738,0.11621094,2191.78,16.11,0.8290984481573105,968,6511,1.4021057,-0.005312155,833408,7176.664183855057,6667264,0.022145052
0.00074884493,0.16577148,2197.41,16.06,0.7939416915178299,961,6512,1.3648355,-0.005700237,833536,7177.730161190033,6668288,0.028365774
0.00042880865,0.10595703,2197.41,16.06,0.7116951644420624,983,6513,1.3563464,-0.0031619044,833664,7178.772431373596,6669312,0.03710542
0.0005656645,0.12963867,2197.41,16.06,0.7948830872774124,967,6514,1.3844424,-0.004614351,833792,7179.831268787384,6670336,0.021046111
0.0004395571,0.111328125,2197.41,16.06,0.7558848708868027,976,6515,1.3570803,-0.004585606,833920,7180.880818367004,6671360,0.027378956
0.0006378072,0.16381836,2207.04,15.96,0.8335475772619247,953,6516,1.3768414,-0.0057485756,834048,7181.956015825272,6672384,0.015354052
0.0004725733,0.13452148,2208.16,15.91,0.8358292281627655,963,6517,1.3815467,-0.005753373,834176,7183.019066333771,6673408,0.01698465
0.0003494753,0.12182617,2207.41,15.89,0.7098775207996368,957,6518,1.3586092,-0.0046837376,834304,7184.088897705078,6674432,0.032718003
0.0006288004,0.18554688,2207.41,15.89,0.8539374619722366,967,6519,1.3081377,-0.0057468116,834432,7185.148061513901,6675456,0.019276999
0.00056300196,0.1328125,2208.96,15.88,0.7001711428165436,955,6520,1.3852485,-0.0046639405,834560,7186.220451116562,6676480,0.028179144
0.0005593891,0.13061523,2208.96,15.88,0.6162117123603821,967,6521,1.2896588,-0.005491167,834688,7187.279509067535,6677504,0.045602348
0.0004911991,0.14282227,2208.96,15.88,0.6698134243488312,907,6522,1.3377427,-0.005942018,834816,7188.40839266777,6678528,0.036260027
0.00036525185,0.123046875,2208.05,15.84,0.759994313120842,917,6523,1.3413222,-0.005402742,834944,7189.525290250778,6679552,0.022423206
0.00034707997,0.10522461,2208.05,15.84,0.7665659934282303,906,6524,1.3827453,-0.004849398,835072,7190.6552720069885,6680576,0.027626082
0.00043206202,0.13671875,2204.59,15.86,0.7925065755844116,897,6525,1.388245,-0.0049475604,835200,7191.797660589218,6681600,0.020666819
0.0005306847,0.12670898,2204.59,15.86,0.8116810023784637,922,6526,1.3492396,-0.005762765,835328,7192.909017086029,6682624,0.021340152
0.00037666413,0.13598633,2204.59,15.86,0.8588667660951614,902,6527,1.404244,-0.005496245,835456,7194.04394364357,6683648,0.015861465
0.00059878384,0.16699219,2204.59,15.86,0.8317064642906189,896,6528,1.3476735,-0.0063631106,835584,7195.187017202377,6684672,0.015654385
0.0004395285,0.11230469,2202.23,15.84,0.674730658531189,956,6529,1.3376342,-0.006086325,835712,7196.25899887085,6685696,0.02858899
0.00049283815,0.15600586,2202.23,15.84,0.8622604012489319,937,6530,1.4137639,-0.0058144275,835840,7197.351597309113,6686720,0.011392874
0.0004258929,0.16723633,2202.23,15.84,0.8815591782331467,909,6531,1.352772,-0.00521002,835968,7198.478590011597,6687744,0.015900876
0.00039793237,0.10449219,2202.23,15.84,0.7249516248703003,920,6532,1.3977224,-0.005242502,836096,7199.59228348732,6688768,0.028876405
0.0003503947,0.12670898,2201.88,15.85,0.7690931111574173,934,6533,1.3419237,-0.004682415,836224,7200.689118862152,6689792,0.028042287
0.0005135054,0.16894531,2206.45,15.82,0.7098299562931061,949,6534,1.3609816,-0.0052363747,836352,7201.767866373062,6690816,0.034204807
0.00055604125,0.13574219,2214.31,15.8,0.6699450612068176,926,6535,1.2936467,-0.0059107374,836480,7202.874170303345,6691840,0.033458624
0.00041923916,0.13452148,2214.31,15.8,0.8252773731946945,969,6536,1.3914949,-0.005146507,836608,7203.931135177612,6692864,0.015279149
0.00030528152,0.13989258,2214.31,15.8,0.8239192217588425,974,6537,1.456305,-0.004949246,836736,7204.982558012009,6693888,0.013392046
0.0005458901,0.1538086,2214.31,15.8,0.8103919476270676,962,6538,1.4123913,-0.005078022,836864,7206.047529220581,6694912,0.021816155
0.00034479023,0.13354492,2215.99,15.81,0.8106184154748917,955,6539,1.397781,-0.004750133,836992,7207.120027780533,6695936,0.017230993
0.0003561026,0.1394043,2215.99,15.81,0.8627896159887314,957,6540,1.459624,-0.005068155,837120,7208.190618991852,6696960,0.010808108
0.00045552466,0.1352539,2214.55,15.83,0.9113243296742439,969,6541,1.3805436,-0.005429869,837248,7209.248090744019,6697984,0.008034137
0.000462025,0.13696289,2214.55,15.83,0.8215524703264236,972,6542,1.3915867,-0.0054494557,837376,7210.301218748093,6699008,0.017916154
0.00044055592,0.1394043,2216.06,15.82,0.7084546089172363,947,6543,1.3898426,-0.0049459473,837504,7211.382692337036,6700032,0.026550237
0.00049649936,0.15478516,2216.06,15.82,0.6897511184215546,966,6544,1.339835,-0.0056924718,837632,7212.442674160004,6701056,0.031213326
0.00044816436,0.13110352,2216.06,15.82,0.7543429583311081,945,6545,1.4232849,-0.0048914608,837760,7213.5261063575745,6702080,0.02304209
0.00031710244,0.10058594,2216.06,15.82,0.7166188657283783,900,6546,1.3404818,-0.0043463963,837888,7214.663854598999,6703104,0.03122584
0.00047616044,0.14135742,2212.72,15.88,0.7625682801008224,900,6547,1.3240888,-0.0057815895,838016,7215.801553487778,6704128,0.027437946
0.0003993118,0.13085938,2204.59,15.95,0.8739700764417648,908,6548,1.4756407,-0.0057194424,838144,7216.929728507996,6705152,0.008929848
0.0003293663,0.11450195,2204.59,15.95,0.7514228522777557,975,6549,1.4606204,-0.0050578755,838272,7217.980594873428,6706176,0.025797414
0.0007629253,0.14770508,2207.45,15.92,0.7154809534549713,915,6550,1.3330886,-0.0048410506,838400,7219.099965572357,6707200,0.02992411
0.00045731806,0.16552734,2207.45,15.92,0.7923993468284607,967,6551,1.4641011,-0.0044545294,838528,7220.158994436264,6708224,0.013831025
0.0004957178,0.16015625,2210.05,15.91,0.6812379658222198,950,6552,1.434907,-0.003898121,838656,7221.237614154816,6709248,0.025667971
0.0006108198,0.1850586,2210.05,15.91,0.7417236566543579,915,6553,1.3315701,-0.006184166,838784,7222.357089042664,6710272,0.026080532
0.00037263666,0.125,2210.05,15.91,0.7891119867563248,892,6554,1.3878052,-0.005102787,838912,7223.504709720612,6711296,0.022748549
0.00044432082,0.13745117,2210.05,15.91,0.796120896935463,910,6555,1.4122936,-0.0058696703,839040,7224.630568265915,6712320,0.015724955
0.00035250303,0.14013672,2210.05,15.91,0.8079818934202194,961,6556,1.4531837,-0.0060337563,839168,7225.696598529816,6713344,0.020111231
0.0005887271,0.15332031,2207.02,15.92,0.8102260380983353,931,6557,1.3649492,-0.005855102,839296,7226.79687666893,6714368,0.024904618
0.00043756253,0.14990234,2207.02,15.92,0.70862677693367,973,6558,1.4091436,-0.0052379435,839424,7227.849721908569,6715392,0.02351999
0.00033798214,0.13354492,2207.02,15.92,0.8334927558898926,980,6559,1.4487927,-0.0046547316,839552,7228.895187139511,6716416,0.015054488
0.00041100854,0.11352539,2208.31,15.88,0.812808558344841,955,6560,1.4211073,-0.004567694,839680,7229.9674780368805,6717440,0.016669558
0.00032333608,0.111083984,2214.71,15.84,0.8840979039669037,954,6561,1.3729266,-0.0060869865,839808,7231.041774511337,6718464,0.013226002
0.00037328672,0.09765625,2214.71,15.84,0.7638059258460999,965,6562,1.3379092,-0.0048422352,839936,7232.103281736374,6719488,0.030915454
0.0004104663,0.17089844,2214.71,15.84,0.8324595838785172,974,6563,1.4021242,-0.0055395467,840064,7233.154523134232,6720512,0.017558323
0.0004686581,0.12036133,2214.71,15.84,0.8528054356575012,963,6564,1.3659377,-0.0057251584,840192,7234.218130111694,6721536,0.016359592
0.0003347167,0.12988281,2219.62,15.79,0.8649181574583054,908,6565,1.4333868,-0.005488014,840320,7235.346257686615,6722560,0.014388771
0.00043163777,0.1171875,2217.06,15.79,0.8226235210895538,952,6566,1.3404797,-0.0052486565,840448,7236.422422647476,6723584,0.019636177
0.000503186,0.13378906,2215.47,15.78,0.6722833812236786,967,6567,1.3053423,-0.0058905585,840576,7237.48152256012,6724608,0.03463894
0.0005342781,0.15234375,2215.47,15.78,0.7565773874521255,929,6568,1.3711445,-0.005554475,840704,7238.584043502808,6725632,0.028388143
0.00039437623,0.14794922,2215.47,15.78,0.8690875172615051,925,6569,1.4504672,-0.006238941,840832,7239.691517114639,6726656,0.013934559
0.0004568383,0.14428711,2215.47,15.78,0.8920082300901413,908,6570,1.369041,-0.0067049274,840960,7240.819781541824,6727680,0.013782033
0.0002545989,0.083984375,2215.47,15.78,0.7460831701755524,943,6571,1.4283078,-0.004133439,841088,7241.906315565109,6728704,0.019720683
0.0003031157,0.12133789,2215.47,15.78,0.8083247989416122,904,6572,1.4723008,-0.0054408405,841216,7243.039722442627,6729728,0.019515611
0.0003080318,0.10888672,2215.47,15.78,0.7991639524698257,971,6573,1.3997605,-0.004413471,841344,7244.09468626976,6730752,0.01994849
0.00025322678,0.09790039,2215.47,15.78,0.7856108397245407,924,6574,1.4094929,-0.0051634936,841472,7245.203530073166,6731776,0.028828159
0.00050441327,0.11254883,2215.47,15.78,0.8058725744485855,969,6575,1.3696182,-0.0053216587,841600,7246.260177850723,6732800,0.026238376
0.00040389335,0.1315918,2215.47,15.78,0.8950031995773315,922,6576,1.4560409,-0.0056180875,841728,7247.371393918991,6733824,0.010101313
0.0003399058,0.103027344,2215.47,15.78,0.8461131304502487,932,6577,1.4517378,-0.0054652425,841856,7248.470319986343,6734848,0.018716073
0.00034141398,0.13671875,2215.47,15.78,0.7542625814676285,921,6578,1.405364,-0.0060995873,841984,7249.5819528102875,6735872,0.03091166
0.00058272283,0.13232422,2225.89,15.69,0.6587756276130676,880,6579,1.3036312,-0.004863149,842112,7250.745499610901,6736896,0.035465647
0.0004709805,0.13378906,2225.89,15.69,0.868811696767807,944,6580,1.3928258,-0.00541509,842240,7251.829879522324,6737920,0.017293097
0.00034227778,0.14208984,2225.93,15.67,0.8393005877733231,913,6581,1.4380549,-0.006083914,842368,7252.95140504837,6738944,0.01717569
0.00036347655,0.11767578,2225.93,15.67,0.8537468016147614,960,6582,1.4438825,-0.0045290757,842496,7254.017951726913,6739968,0.01107277
0.00052100915,0.14013672,2225.74,15.66,0.8395897299051285,900,6583,1.4342861,-0.0041061644,842624,7255.155542850494,6740992,0.011251042
0.00038471102,0.1274414,2225.74,15.66,0.8157740384340286,958,6584,1.4753163,-0.0043960446,842752,7256.224734067917,6742016,0.010309524
0.00040115864,0.14990234,2228.3,15.63,0.7594041675329208,897,6585,1.4464599,-0.0048570014,842880,7257.365958690643,6743040,0.017418435
0.00040992704,0.15527344,2228.3,15.63,0.874240830540657,981,6586,1.4259664,-0.005272774,843008,7258.410836935043,6744064,0.0125572225
0.00044206696,0.15991211,2228.3,15.63,0.7798916846513748,979,6587,1.3578347,-0.005487415,843136,7259.4574999809265,6745088,0.02955606
0.00045795328,0.12597656,2232.7,15.64,0.8441268354654312,954,6588,1.4208889,-0.005443436,843264,7260.531062602997,6746112,0.015314753
0.0003329252,0.1237793,2232.7,15.64,0.7025582194328308,971,6589,1.4371665,-0.0044598356,843392,7261.585572004318,6747136,0.019381052
0.00046092708,0.106933594,2232.7,15.64,0.9015148058533669,961,6590,1.4546834,-0.0042533637,843520,7262.6510009765625,6748160,0.0072827865
0.00030273513,0.123291016,2232.7,15.64,0.9194121137261391,971,6591,1.451908,-0.004789544,843648,7263.705627202988,6749184,0.004604352
0.00044505068,0.16235352,2232.7,15.64,0.8130202442407608,960,6592,1.4350866,-0.0062447954,843776,7264.772481203079,6750208,0.018669793
0.00036086413,0.11669922,2232.7,15.64,0.846090778708458,956,6593,1.3730916,-0.005117184,843904,7265.843809127808,6751232,0.014135781
0.0004023562,0.13061523,2227.4,15.71,0.9087540060281754,934,6594,1.4157112,-0.0057737497,844032,7266.94014954567,6752256,0.005528349
0.00046416192,0.15161133,2227.4,15.71,0.8894337937235832,975,6595,1.3995175,-0.00601916,844160,7267.990884304047,6753280,0.011833116
0.00038574392,0.13061523,2225.9,15.78,0.845776155591011,934,6596,1.3288624,-0.0050865463,844288,7269.087903738022,6754304,0.018666796
0.0004447539,0.14135742,2225.9,15.78,0.6932955384254456,922,6597,1.3661735,-0.0050244275,844416,7270.199081897736,6755328,0.029714491
0.0003215718,0.13623047,2225.9,15.78,0.8137832283973694,943,6598,1.45431,-0.0058273394,844544,7271.284873008728,6756352,0.017547887
0.00029062104,0.10595703,2225.9,15.78,0.8942819535732269,919,6599,1.4083953,-0.0056883367,844672,7272.399741411209,6757376,0.010662441
0.00034049404,0.13623047,2225.9,15.78,0.9359968155622482,938,6600,1.4543734,-0.005495434,844800,7273.491368055344,6758400,0.007163661
0.0004634442,0.15942383,2227.28,15.8,0.839730516076088,976,6601,1.4119172,-0.0058207936,844928,7274.540862321854,6759424,0.017489115
0.00039570904,0.14770508,2220.55,15.85,0.7716182917356491,881,6602,1.3779664,-0.005029137,845056,7275.703509807587,6760448,0.02587716
0.0004932533,0.14575195,2220.55,15.85,0.7807336449623108,909,6603,1.3396285,-0.005552622,845184,7276.8303463459015,6761472,0.03204222
0.0005220987,0.13183594,2220.55,15.85,0.8292578458786011,906,6604,1.3855065,-0.0063148467,845312,7277.960886001587,6762496,0.02362145
0.00045761297,0.15405273,2220.55,15.85,0.8703312575817108,926,6605,1.3516616,-0.0054096733,845440,7279.067039966583,6763520,0.016187921
0.00031041465,0.104003906,2220.55,15.85,0.7060599029064178,930,6606,1.4292665,-0.004247786,845568,7280.168994426727,6764544,0.026800292
0.00037718075,0.16455078,2220.55,15.85,0.8788009956479073,907,6607,1.4459499,-0.0051325704,845696,7281.298000335693,6765568,0.0070960163
0.00034834986,0.11352539,2220.55,15.85,0.7321608066558838,964,6608,1.3785723,-0.004514743,845824,7282.360266685486,6766592,0.033957057
0.00045509008,0.18359375,2216.54,15.85,0.8677530735731125,965,6609,1.359228,-0.006037842,845952,7283.421321392059,6767616,0.015451972
0.00040552954,0.1574707,2216.54,15.85,0.8243726640939713,978,6610,1.3908368,-0.005673439,846080,7284.468133449554,6768640,0.01803222
0.00037206395,0.119140625,2216.54,15.85,0.7761811017990112,975,6611,1.3830663,-0.0051624933,846208,7285.518677711487,6769664,0.03219006
0.00044909606,0.16088867,2215.38,15.85,0.7272628843784332,937,6612,1.3076905,-0.006228343,846336,7286.611208677292,6770688,0.032272242
0.00038069137,0.119140625,2219.15,15.85,0.760844886302948,958,6613,1.3276297,-0.005068957,846464,7287.680029630661,6771712,0.03172919
0.00040503568,0.14135742,2218.46,15.86,0.7431454062461853,940,6614,1.392709,-0.0052261665,846592,7288.769418954849,6772736,0.018551758
0.0003478569,0.11279297,2218.46,15.86,0.8904717937111855,918,6615,1.4488052,-0.0054856203,846720,7289.885649442673,6773760,0.011910249
0.00031630794,0.140625,2227.07,15.85,0.894059419631958,903,6616,1.4398404,-0.005925206,846848,7291.020422697067,6774784,0.007593874
0.00040803506,0.1586914,2227.07,15.85,0.9017579406499863,952,6617,1.4541705,-0.005091138,846976,7292.096675872803,6775808,0.008052949
0.0005004172,0.14819336,2227.07,15.85,0.9163243472576141,890,6618,1.4076219,-0.0059787463,847104,7293.247531652451,6776832,0.011226948
0.00040609972,0.13696289,2227.31,15.89,0.7124143540859222,918,6619,1.3827559,-0.0045382055,847232,7294.363152503967,6777856,0.0251545
0.00033575285,0.12939453,2227.31,15.89,0.8741710335016251,959,6620,1.4563551,-0.0053675575,847360,7295.431574583054,6778880,0.010548932
0.0005552372,0.14868164,2231.82,15.83,0.816459447145462,916,6621,1.3918432,-0.0047916914,847488,7296.549045085907,6779904,0.017177988
0.00044837224,0.14013672,2231.82,15.83,0.7891686707735062,921,6622,1.362955,-0.0051526455,847616,7297.660885095596,6780928,0.023217756
0.0007134613,0.14892578,2231.82,15.83,0.761560246348381,902,6623,1.3470457,-0.0039205914,847744,7298.796016931534,6781952,0.025084656
0.00041090033,0.17602539,2225.4,15.9,0.881440743803978,953,6624,1.3852973,-0.0062996745,847872,7299.870926618576,6782976,0.011497776
0.0004824666,0.12573242,2225.4,15.9,0.7320671677589417,978,6625,1.4294442,-0.004457052,848000,7300.918488264084,6784000,0.02375671
0.00037836956,0.14501953,2225.4,15.9,0.869248166680336,974,6626,1.3550854,-0.0051273545,848128,7301.970084667206,6785024,0.015501025
0.0004288941,0.12402344,2225.4,15.9,0.8726859241724014,975,6627,1.4358642,-0.004949349,848256,7303.020796775818,6786048,0.012548231
0.00035071338,0.15039062,2220.37,15.97,0.7773786187171936,930,6628,1.4077892,-0.0052689835,848384,7304.122169017792,6787072,0.014433668
0.00031531337,0.119140625,2220.37,15.97,0.751382365822792,963,6629,1.3689163,-0.0054990747,848512,7305.186238288879,6788096,0.024020497
0.00027473067,0.1105957,2223.53,15.94,0.9012111574411392,940,6630,1.4473141,-0.0053170193,848640,7306.275243520737,6789120,0.006243501
0.00045292272,0.13378906,2223.53,15.94,0.7976367324590683,978,6631,1.3565202,-0.0052883094,848768,7307.3230237960815,6790144,0.027507257
0.0005576925,0.15185547,2223.82,15.94,0.811483845114708,922,6632,1.3971357,-0.0047667315,848896,7308.434098243713,6791168,0.016975591
0.00053701556,0.16259766,2223.82,15.94,0.8007366359233856,980,6633,1.395077,-0.0055724834,849024,7309.478885650635,6792192,0.026228402
0.0003988583,0.13085938,2223.82,15.94,0.7438596487045288,967,6634,1.4117734,-0.0044609243,849152,7310.538201332092,6793216,0.023766235
0.00024886642,0.1003418,2223.82,15.94,0.8589711040258408,944,6635,1.4410237,-0.004049495,849280,7311.622854709625,6794240,0.008738171
0.0003861625,0.17700195,2223.82,15.94,0.904343344271183,898,6636,1.4807875,-0.0051093674,849408,7312.7639191150665,6795264,0.00520138
0.00051793945,0.1706543,2223.82,15.94,0.9011363312602043,906,6637,1.4264065,-0.005150874,849536,7313.894824028015,6796288,0.009603616
0.00028547068,0.13598633,2223.82,15.94,0.7985013723373413,910,6638,1.4202403,-0.0047820266,849664,7315.019952774048,6797312,0.01845392
0.0003142465,0.1274414,2226.51,15.96,0.7509432286024094,903,6639,1.4020984,-0.0052162255,849792,7316.15349650383,6798336,0.023218006
0.00045923825,0.13769531,2223.3,16.0,0.844198927283287,957,6640,1.3846116,-0.005372157,849920,7317.223972082138,6799360,0.02637189
0.00047059622,0.1381836,2230.15,15.94,0.6861245632171631,945,6641,1.3023328,-0.0057574497,850048,7318.308032751083,6800384,0.037581366
0.000500437,0.13476562,2230.15,15.94,0.8389889001846313,943,6642,1.364359,-0.006046841,850176,7319.394347190857,6801408,0.021453377
0.00032552917,0.13769531,2230.15,15.94,0.7913690954446793,914,6643,1.4099183,-0.005097381,850304,7320.5151450634,6802432,0.020143006
0.0004211985,0.15209961,2225.2,15.96,0.8532569259405136,913,6644,1.4010649,-0.005197768,850432,7321.636529445648,6803456,0.012581128
0.000284039,0.11035156,2225.2,15.96,0.7525165528059006,973,6645,1.4545333,-0.004429841,850560,7322.688958644867,6804480,0.019414896
0.00046528858,0.11352539,2226.05,15.98,0.7890484929084778,890,6646,1.3309603,-0.004359377,850688,7323.839458227158,6805504,0.021011394
0.00041797967,0.13745117,2226.63,15.96,0.8145119696855545,943,6647,1.3628193,-0.0058558816,850816,7324.925089597702,6806528,0.021867836
0.00032413861,0.12109375,2226.63,15.96,0.8789985850453377,957,6648,1.4460417,-0.005722124,850944,7325.995329618454,6807552,0.01129889
0.0003060575,0.1015625,2228.91,15.92,0.8685150444507599,967,6649,1.3930969,-0.0047668614,851072,7327.053923130035,6808576,0.014443925
0.00034236468,0.10473633,2228.91,15.92,0.8956321552395821,958,6650,1.3898056,-0.0041228943,851200,7328.122981548309,6809600,0.011047972
0.00034116057,0.12011719,2228.91,15.92,0.8020603060722351,955,6651,1.4205332,-0.004408093,851328,7329.195459604263,6810624,0.0206562
0.00030457976,0.12084961,2228.91,15.92,0.8804821893572807,952,6652,1.4555694,-0.0051145684,851456,7330.271678447723,6811648,0.010159656
0.00034592196,0.13476562,2228.91,15.92,0.790881797671318,960,6653,1.3714125,-0.005113225,851584,7331.338755607605,6812672,0.02982342
0.00034742095,0.13671875,2220.7,15.97,0.9323400482535362,904,6654,1.4245808,-0.0051329182,851712,7332.4719870090485,6813696,0.006935736
0.0003220417,0.11401367,2220.7,15.97,0.8330070227384567,952,6655,1.437225,-0.003970282,851840,7333.547703266144,6814720,0.016396305
0.00035436862,0.15722656,2220.7,15.97,0.7853825986385345,957,6656,1.4404098,-0.004674936,851968,7334.617823600769,6815744,0.015770251
0.00038422662,0.16259766,2212.13,16.05,0.8898300379514694,944,6657,1.4236646,-0.0052068876,852096,7335.703080654144,6816768,0.010450628
0.00035510288,0.12939453,2205.34,16.14,0.8316205590963364,959,6658,1.3775259,-0.005439619,852224,7336.770863056183,6817792,0.017328573
0.00035437653,0.13647461,2205.34,16.14,0.7578081041574478,951,6659,1.4518542,-0.0040579247,852352,7337.848403215408,6818816,0.017514924
0.00036546084,0.12158203,2205.34,16.14,0.8569334149360657,956,6660,1.4134237,-0.0051312363,852480,7338.92015337944,6819840,0.013827762
0.0004825531,0.15673828,2194.01,16.22,0.8986821919679642,932,6661,1.4352288,-0.0057760878,852608,7340.019677639008,6820864,0.010822014
0.00042230426,0.15209961,2185.8,16.3,0.8039149791002274,953,6662,1.3145965,-0.005357644,852736,7341.093983411789,6821888,0.021050926
0.0004453359,0.13916016,2185.8,16.3,0.8380771279335022,972,6663,1.4129992,-0.0053272615,852864,7342.147175788879,6822912,0.017378982
0.00028866786,0.12866211,2183.61,16.31,0.8293784409761429,934,6664,1.4266549,-0.004547721,852992,7343.243378639221,6823936,0.014096842
0.0004524452,0.15698242,2183.61,16.31,0.8945005685091019,976,6665,1.4233881,-0.0058618966,853120,7344.292502403259,6824960,0.010388501
0.00038172718,0.12670898,2183.61,16.31,0.8404659777879715,915,6666,1.3680342,-0.0059682243,853248,7345.411649465561,6825984,0.021361856
0.0004328746,0.12963867,2183.61,16.31,0.8444611430168152,970,6667,1.3235137,-0.0047452506,853376,7346.467095851898,6827008,0.01980641
0.00040004178,0.17114258,2183.61,16.31,0.8927868083119392,953,6668,1.4365313,-0.005526981,853504,7347.541425228119,6828032,0.009123445
0.0003665635,0.15991211,2183.61,16.31,0.8055502027273178,932,6669,1.4261767,-0.004294666,853632,7348.640362739563,6829056,0.019078407
0.00027549203,0.09716797,2183.61,16.31,0.8221538662910461,952,6670,1.4124783,-0.004842479,853760,7349.716254711151,6830080,0.015020119
0.00044148404,0.14941406,2183.61,16.31,0.7368670403957367,972,6671,1.3706076,-0.0048185545,853888,7350.770805120468,6831104,0.034994148
0.0005147064,0.13989258,2183.61,16.31,0.7870429158210754,965,6672,1.3317139,-0.0054272567,854016,7351.831775665283,6832128,0.01870673
0.0003493462,0.1418457,2183.61,16.31,0.7991645038127899,974,6673,1.4149009,-0.00395297,854144,7352.883867025375,6833152,0.016439406
0.00048012726,0.14501953,2180.81,16.35,0.9151815846562386,957,6674,1.4024189,-0.0050986083,854272,7353.95428609848,6834176,0.010423573
0.0006424773,0.1159668,2180.05,16.35,0.8023125231266022,957,6675,1.3309324,-0.004054924,854400,7355.0241849422455,6835200,0.024509078
0.00033785892,0.14355469,2177.5,16.38,0.8710243701934814,953,6676,1.3675034,-0.004122711,854528,7356.099359512329,6836224,0.013986287
0.00035638805,0.12817383,2183.51,16.34,0.7343358993530273,969,6677,1.3525572,-0.004276731,854656,7357.156301021576,6837248,0.029711356
0.00034405696,0.11328125,2183.51,16.34,0.7496672868728638,978,6678,1.3845663,-0.0053416304,854784,7358.203773021698,6838272,0.034604218
0.00041095048,0.13354492,2191.12,16.28,0.8612401783466339,942,6679,1.3795339,-0.0052207108,854912,7359.291340112686,6839296,0.014763458
0.00041089015,0.12011719,2190.08,16.31,0.7614739388227463,960,6680,1.2915804,-0.004727483,855040,7360.3585958480835,6840320,0.02962761
0.00039504466,0.119140625,2190.08,16.31,0.8246082663536072,977,6681,1.3001356,-0.0046225265,855168,7361.40704369545,6841344,0.02333992
0.0003499256,0.12158203,2190.08,16.31,0.7788012027740479,964,6682,1.3764403,-0.00536765,855296,7362.468987226486,6842368,0.02978284
0.00034751944,0.119140625,2190.08,16.31,0.8792413547635078,963,6683,1.3732212,-0.005306842,855424,7363.532691955566,6843392,0.014954534
0.00033577814,0.10473633,2190.08,16.31,0.7884943783283234,950,6684,1.436844,-0.004553031,855552,7364.610315561295,6844416,0.015744155
0.00045221476,0.12597656,2190.08,16.31,0.8045076280832291,967,6685,1.3458378,-0.0052753184,855680,7365.669540405273,6845440,0.029868977
0.00037602775,0.14501953,2190.08,16.31,0.8757878988981247,920,6686,1.3904095,-0.0061339373,855808,7366.782879114151,6846464,0.014289894
0.00044105295,0.15625,2190.08,16.31,0.7544987201690674,963,6687,1.3391361,-0.0056244987,855936,7367.846374750137,6847488,0.034523375
0.00043842825,0.14331055,2190.08,16.31,0.8103813976049423,959,6688,1.3385524,-0.0051592155,856064,7368.914479017258,6848512,0.027031323
0.0003940311,0.14331055,2190.08,16.31,0.7454955875873566,969,6689,1.3913581,-0.0050592804,856192,7369.971806049347,6849536,0.027470723
0.00038342355,0.14868164,2190.08,16.31,0.7986310869455338,977,6690,1.3519056,-0.0050563654,856320,7371.020181417465,6850560,0.025506364
0.0003924309,0.13964844,2190.08,16.31,0.8416158556938171,972,6691,1.4107711,-0.005783568,856448,7372.074351549149,6851584,0.020017648
0.00036699328,0.14794922,2190.08,16.31,0.8245692849159241,960,6692,1.3347245,-0.0051206173,856576,7373.141260147095,6852608,0.02480862
0.00039591093,0.13427734,2190.08,16.31,0.7347196042537689,920,6693,1.3907737,-0.004988991,856704,7374.254565954208,6853632,0.025714733
0.00034286242,0.13378906,2194.45,16.26,0.8809223398566246,880,6694,1.4516947,-0.0057735145,856832,7375.418064117432,6854656,0.012768852
0.0003105886,0.12573242,2199.08,16.25,0.6854691803455353,959,6695,1.4010074,-0.0044256733,856960,7376.485780239105,6855680,0.02570405
0.0005254339,0.1508789,2199.08,16.25,0.7978215217590332,969,6696,1.273669,-0.0057680174,857088,7377.5426070690155,6856704,0.02701136
0.00034324967,0.12866211,2204.42,16.23,0.7970532774925232,941,6697,1.398906,-0.0045958995,857216,7378.630941152573,6857728,0.019495258
0.0005402673,0.10253906,2204.42,16.23,0.8109107166528702,963,6698,1.3279276,-0.0044476436,857344,7379.694068193436,6858752,0.02132754
0.00034299752,0.13574219,2204.42,16.23,0.8670516014099121,917,6699,1.4371635,-0.004654104,857472,7380.810898303986,6859776,0.01089003
0.00038672492,0.15454102,2213.37,16.19,0.8739781826734543,896,6700,1.3706498,-0.0053179716,857600,7381.9539341926575,6860800,0.010171687
0.0005202864,0.14819336,2227.94,16.06,0.6087802648544312,898,6701,1.3182461,-0.004497988,857728,7383.094163179398,6861824,0.03648963
0.00038662567,0.1262207,2227.94,16.06,0.7973236590623856,965,6702,1.2712704,-0.0050075697,857856,7384.155864953995,6862848,0.030167844
0.00044964894,0.15917969,2227.94,16.06,0.8161495625972748,969,6703,1.352939,-0.0060237017,857984,7385.212758302689,6863872,0.02186565
0.00045416213,0.15234375,2227.94,16.06,0.7625811547040939,977,6704,1.3596152,-0.0054340307,858112,7386.261191129684,6864896,0.02440345
0.00043129883,0.15161133,2227.94,16.06,0.7886130064725876,967,6705,1.3641404,-0.004747739,858240,7387.320711612701,6865920,0.021030014
0.00042630272,0.15478516,2227.94,16.06,0.860201895236969,951,6706,1.3649756,-0.004741382,858368,7388.398204088211,6866944,0.01532567
0.00032655778,0.1694336,2227.94,16.06,0.9155122563242912,952,6707,1.4695405,-0.005305796,858496,7389.474188327789,6867968,0.0052284384
0.00043513978,0.13793945,2227.94,16.06,0.8173401206731796,952,6708,1.3767893,-0.0048349313,858624,7390.550397396088,6868992,0.02286519
0.0003763793,0.16186523,2227.94,16.06,0.7427239716053009,920,6709,1.4217074,-0.0044697663,858752,7391.663319826126,6870016,0.025075572
0.0005874103,0.14794922,2227.94,16.06,0.6352219879627228,932,6710,1.3482811,-0.005000674,858880,7392.762216329575,6871040,0.030602833
0.0004577147,0.13574219,2223.44,16.07,0.8467617332935333,903,6711,1.3487046,-0.0058372756,859008,7393.896083831787,6872064,0.015906192
0.00034818143,0.13916016,2221.96,16.1,0.8541723638772964,897,6712,1.3665092,-0.00526488,859136,7395.0384159088135,6873088,0.015415033
0.0004276224,0.13305664,2218.02,16.14,0.8720986843109131,938,6713,1.2897493,-0.0056036916,859264,7396.130150794983,6874112,0.015848272
0.0003427026,0.14477539,2212.74,16.21,0.6014562547206879,950,6714,1.3333142,-0.0059517743,859392,7397.208136796951,6875136,0.044615094
0.00034849238,0.1159668,2212.74,16.21,0.7366810739040375,982,6715,1.3368008,-0.0044511883,859520,7398.251595258713,6876160,0.026258659
0.00042282144,0.12402344,2212.74,16.21,0.7931902706623077,961,6716,1.4210234,-0.0045730975,859648,7399.317204236984,6877184,0.015545355
0.00040698156,0.13647461,2218.51,16.16,0.8497256338596344,959,6717,1.3979757,-0.004872731,859776,7400.384738445282,6878208,0.015713036
0.00042467023,0.13476562,2218.51,16.16,0.8766377717256546,965,6718,1.3070052,-0.005447937,859904,7401.445730924606,6879232,0.017218579
0.00045999116,0.16992188,2219.77,16.16,0.8645508587360382,962,6719,1.4008638,-0.0045642005,860032,7402.5101318359375,6880256,0.01057911
0.00053753593,0.13378906,2222.35,16.14,0.755429819226265,956,6720,1.3818977,-0.005136516,860160,7403.581623077393,6881280,0.030892862
0.00044732823,0.1538086,2222.35,16.14,0.8881508708000183,982,6721,1.3763589,-0.0054418743,860288,7404.624790906906,6882304,0.011819659
0.00032236933,0.12915039,2222.35,16.14,0.7951668500900269,964,6722,1.3904009,-0.0049776942,860416,7405.686772584915,6883328,0.017401556
0.00043397842,0.12792969,2222.35,16.14,0.89283387362957,953,6723,1.4046087,-0.0049299803,860544,7406.761991739273,6884352,0.009718605
0.00036101876,0.11303711,2222.35,16.14,0.7550908327102661,956,6724,1.4102228,-0.003552573,860672,7407.833862781525,6885376,0.019842898
0.00041276694,0.1472168,2222.35,16.14,0.7753166705369949,967,6725,1.37796,-0.005783337,860800,7408.8925495147705,6886400,0.026141837
0.00039831016,0.15112305,2216.75,16.21,0.7250172197818756,946,6726,1.363694,-0.005527476,860928,7409.974879980087,6887424,0.031037306
0.0004855466,0.106933594,2212.53,16.25,0.7790306657552719,969,6727,1.3420241,-0.004217206,861056,7411.031880617142,6888448,0.02140628
0.00039150016,0.15576172,2207.56,16.31,0.6584586501121521,941,6728,1.3928474,-0.004659556,861184,7412.119788169861,6889472,0.030185912
0.00046886224,0.17504883,2207.56,16.31,0.7242715060710907,909,6729,1.3854654,-0.0055780206,861312,7413.246446847916,6890496,0.02745836
0.00034176774,0.122802734,2207.56,16.31,0.7374767661094666,951,6730,1.290919,-0.0053009614,861440,7414.323425292969,6891520,0.035191726
0.00037226937,0.10571289,2207.56,16.31,0.7580513805150986,971,6731,1.3088776,-0.005426335,861568,7415.377973794937,6892544,0.03086945
0.00034263535,0.115722656,2207.56,16.31,0.6483137905597687,962,6732,1.3697786,-0.0053745424,861696,7416.442750453949,6893568,0.030201321
0.000414489,0.15234375,2207.0,16.34,0.7987215667963028,960,6733,1.4176517,-0.0051195724,861824,7417.510004520416,6894592,0.019019365
0.0003742702,0.14501953,2205.5,16.43,0.8635083585977554,954,6734,1.360623,-0.0054635517,861952,7418.583527565002,6895616,0.010921928
0.00041934173,0.16625977,2208.3,16.41,0.8621780723333359,968,6735,1.4046131,-0.0057446123,862080,7419.641597270966,6896640,0.008526847
0.00032815986,0.1274414,2208.3,16.41,0.8656512647867203,964,6736,1.3980206,-0.0050324295,862208,7420.703805446625,6897664,0.012365901
0.00040697993,0.1184082,2208.9,16.42,0.8735916465520859,928,6737,1.3668368,-0.0053683287,862336,7421.807660102844,6898688,0.011481787
0.00030179537,0.13769531,2208.9,16.42,0.8943472653627396,935,6738,1.4506856,-0.004005945,862464,7422.903117895126,6899712,0.0069603883
0.00037422572,0.17456055,2208.9,16.42,0.8791844993829727,972,6739,1.4062475,-0.004958745,862592,7423.957198858261,6900736,0.011194914
0.00043310167,0.12524414,2208.9,16.42,0.7735661864280701,968,6740,1.4183422,-0.004227549,862720,7425.015011548996,6901760,0.018484479
0.0003192414,0.14111328,2208.9,16.42,0.8386823385953903,964,6741,1.389798,-0.0049637523,862848,7426.077442884445,6902784,0.013501039
0.00042979594,0.15112305,2207.7,16.42,0.9041674435138702,951,6742,1.3903732,-0.0055948207,862976,7427.15381193161,6903808,0.008629785
0.00031985086,0.106933594,2207.7,16.42,0.8109275996685028,964,6743,1.4186254,-0.0048845513,863104,7428.216027021408,6904832,0.019651592
0.00031141,0.13134766,2207.7,16.42,0.8555979132652283,966,6744,1.3374376,-0.00538213,863232,7429.276163816452,6905856,0.01799062
0.00045116653,0.15063477,2209.25,16.48,0.9059693291783333,959,6745,1.3939095,-0.0056214016,863360,7430.344151735306,6906880,0.009405187
0.00044286269,0.13989258,2216.37,16.45,0.815794512629509,939,6746,1.4101943,-0.005214334,863488,7431.4347043037415,6907904,0.019936612
0.00044365475,0.13476562,2210.04,16.51,0.8473724126815796,948,6747,1.3716425,-0.00352305,863616,7432.514573812485,6908928,0.011319606
0.00032590755,0.14941406,2210.04,16.51,0.8089696764945984,937,6748,1.4400928,-0.0037795422,863744,7433.60812497139,6909952,0.012971264
0.00044509783,0.115722656,2204.25,16.57,0.7146227359771729,914,6749,1.3533535,-0.0050859065,863872,7434.7289254665375,6910976,0.03155183
0.00058103865,0.17504883,2199.53,16.6,0.8435489982366562,950,6750,1.4199716,-0.0045354087,864000,7435.806555509567,6912000,0.01227956
0.00040485687,0.1315918,2199.53,16.6,0.8293957859277725,975,6751,1.3790894,-0.0054862928,864128,7436.857097864151,6913024,0.017176136
0.0003038756,0.119384766,2191.24,16.65,0.789281353354454,952,6752,1.364445,-0.0047699003,864256,7437.933640956879,6914048,0.017555416
0.00035297926,0.119628906,2191.24,16.65,0.8704546540975571,981,6753,1.3638726,-0.0049686763,864384,7438.97722196579,6915072,0.0151560465
0.0003746434,0.1472168,2191.24,16.65,0.8701391667127609,957,6754,1.4144993,-0.005502265,864512,7440.047648191452,6916096,0.012722685
0.0003426153,0.1328125,2191.24,16.65,0.9009499549865723,967,6755,1.4007438,-0.004571579,864640,7441.106417179108,6917120,0.008179119
0.000300997,0.13549805,2195.84,16.62,0.9418210312724113,957,6756,1.4373869,-0.0057654227,864768,7442.1766884326935,6918144,0.005113134
0.00042341693,0.14257812,2195.84,16.62,0.8977129980921745,950,6757,1.4223006,-0.0043429937,864896,7443.254880428314,6919168,0.007813167
0.00042463507,0.12475586,2193.3,16.65,0.822405070066452,917,6758,1.453633,-0.0048179505,865024,7444.372118473053,6920192,0.0142246485
0.0003961952,0.122802734,2193.3,16.65,0.8328634649515152,968,6759,1.369569,-0.005417915,865152,7445.430129528046,6921216,0.01772437
0.00031740498,0.13989258,2191.09,16.67,0.914826825261116,948,6760,1.424831,-0.0051828087,865280,7446.5100247859955,6922240,0.0063483585
0.00035473265,0.15258789,2191.09,16.67,0.8673337996006012,976,6761,1.4583147,-0.004751648,865408,7447.559926271439,6923264,0.011850133
0.0004444806,0.16088867,2195.26,16.64,0.7295300662517548,975,6762,1.4420725,-0.0053154984,865536,7448.610765695572,6924288,0.026461165
0.00042164873,0.16894531,2198.3,16.64,0.777312621474266,966,6763,1.4109837,-0.005760342,865664,7449.670730352402,6925312,0.023371192
0.00042095815,0.13598633,2198.3,16.64,0.8662444204092026,970,6764,1.3585522,-0.004708352,865792,7450.726265668869,6926336,0.014780342
0.00029942516,0.09399414,2198.3,16.64,0.7898746877908707,975,6765,1.4643958,-0.0041985116,865920,7451.776791572571,6927360,0.011050342
0.0003796165,0.1381836,2197.44,16.65,0.8397233933210373,927,6766,1.3620496,-0.004941587,866048,7452.882108211517,6928384,0.018693496
0.00034476197,0.11645508,2197.32,16.67,0.7691354155540466,970,6767,1.3055403,-0.0045441925,866176,7453.938520908356,6929408,0.028312497
0.00040145544,0.109375,2197.32,16.67,0.8170304000377655,952,6768,1.3797088,-0.0043910425,866304,7455.014669418335,6930432,0.019152803
0.0006244585,0.16333008,2197.32,16.67,0.8070440292358398,976,6769,1.399734,-0.004688463,866432,7456.06365275383,6931456,0.016875982
0.00031534937,0.114746094,2197.32,16.67,0.8171828091144562,967,6770,1.3942366,-0.0043329103,866560,7457.122850179672,6932480,0.01824518
0.0003815076,0.11987305,2197.32,16.67,0.8603845089673996,964,6771,1.4429417,-0.004836237,866688,7458.184995174408,6933504,0.013476076
0.0003113492,0.12890625,2195.93,16.73,0.8926126435399055,953,6772,1.4021088,-0.0047137607,866816,7459.259471654892,6934528,0.010417153
0.0004468175,0.15234375,2195.93,16.73,0.7796400487422943,966,6773,1.436727,-0.0040602526,866944,7460.3198437690735,6935552,0.01748683
0.00035232093,0.12695312,2195.93,16.73,0.8357833921909332,959,6774,1.408656,-0.004764011,867072,7461.387304544449,6936576,0.015140507
0.00030008392,0.103271484,2195.93,16.73,0.8170681297779083,922,6775,1.407858,-0.0038155976,867200,7462.497657060623,6937600,0.020054277
0.00029971133,0.119140625,2193.4,16.74,0.8372678905725479,891,6776,1.4355487,-0.004613004,867328,7463.64751458168,6938624,0.013086548
0.00030301887,0.10522461,2193.4,16.74,0.845126748085022,912,6777,1.4506006,-0.0035091457,867456,7464.770803689957,6939648,0.010939789
0.00032748957,0.12475586,2193.0,16.79,0.8470504432916641,873,6778,1.3996539,-0.004398691,867584,7465.944276809692,6940672,0.014263694
0.00037777613,0.11279297,2193.0,16.79,0.7968851923942566,970,6779,1.4524329,-0.0041483087,867712,7467.000066757202,6941696,0.011507087
0.00030622503,0.13891602,2193.0,16.79,0.7430940270423889,959,6780,1.4161874,-0.004616532,867840,7468.067703485489,6942720,0.020421015
0.00043712318,0.14379883,2192.27,16.79,0.7182319164276123,959,6781,1.3866453,-0.005134847,867968,7469.135397911072,6943744,0.030306743
0.0003479832,0.12792969,2192.72,16.81,0.8628095984458923,958,6782,1.3557996,-0.005480391,868096,7470.204739332199,6944768,0.017894205
0.0003585423,0.10620117,2192.72,16.81,0.854780837893486,973,6783,1.4304355,-0.0046281456,868224,7471.257337331772,6945792,0.01498625
0.00035639486,0.14794922,2191.25,16.83,0.8812407702207565,934,6784,1.4004065,-0.004907195,868352,7472.354016304016,6946816,0.011685475
0.0003032385,0.10961914,2191.25,16.83,0.854299858212471,971,6785,1.431205,-0.0049496754,868480,7473.409136772156,6947840,0.022364357
0.00028244304,0.11694336,2186.61,16.86,0.7771113514900208,953,6786,1.345773,-0.0049745496,868608,7474.483777284622,6948864,0.02932038
0.0003274788,0.140625,2186.61,16.86,0.8102959394454956,978,6787,1.3538647,-0.005251068,868736,7475.5311896800995,6949888,0.0207376
0.0003753241,0.13134766,2186.61,16.86,0.8558605164289474,964,6788,1.3846718,-0.004456506,868864,7476.594111204147,6950912,0.017055998
0.00036847548,0.13671875,2186.61,16.86,0.9245579466223717,973,6789,1.4581,-0.0044441335,868992,7477.646710157394,6951936,0.004284834
0.00028838735,0.14111328,2186.61,16.86,0.8223169595003128,969,6790,1.436191,-0.00451164,869120,7478.703685045242,6952960,0.016269369
0.00025471844,0.1184082,2186.61,16.86,0.8015162944793701,972,6791,1.4111233,-0.004857353,869248,7479.756884098053,6953984,0.014179382
0.00026460245,0.11352539,2183.39,16.87,0.8121691942214966,922,6792,1.4147782,-0.00424897,869376,7480.86735367775,6955008,0.0142549705
0.00038275856,0.10571289,2183.39,16.87,0.7446437180042267,964,6793,1.3891926,-0.004259619,869504,7481.930304288864,6956032,0.026635377
0.0002907797,0.09350586,2183.39,16.87,0.7718222737312317,951,6794,1.3283985,-0.005165713,869632,7483.006991386414,6957056,0.021803904
0.00039263384,0.16479492,2177.21,16.95,0.6988021731376648,953,6795,1.4085155,-0.0048743705,869760,7484.08221077919,6958080,0.029232409
0.0003952143,0.12817383,2181.69,16.94,0.7364605069160461,947,6796,1.3237171,-0.005338201,869888,7485.16416311264,6959104,0.038815305
0.00033678397,0.09838867,2181.69,16.94,0.8527123481035233,976,6797,1.394167,-0.0041661123,870016,7486.213953495026,6960128,0.015504046
0.00041455825,0.14453125,2184.65,16.93,0.7994661033153534,948,6798,1.4137937,-0.004531881,870144,7487.294839143753,6961152,0.019204454
0.00033821617,0.1352539,2180.54,16.98,0.778212159872055,958,6799,1.3846647,-0.004307552,870272,7488.363486528397,6962176,0.01613834
0.00025442714,0.12011719,2180.54,16.98,0.864572748541832,947,6800,1.5035502,-0.004885654,870400,7489.444499492645,6963200,0.0075806095
0.00022328807,0.12036133,2180.97,16.99,0.7822043001651764,916,6801,1.428519,-0.004608549,870528,7490.562825918198,6964224,0.016988292
0.00033095773,0.103027344,2180.97,16.99,0.8057353049516678,917,6802,1.3880094,-0.0038814964,870656,7491.679536342621,6965248,0.021826992
0.00034887862,0.11450195,2180.97,16.99,0.7966634631156921,905,6803,1.463422,-0.0041772546,870784,7492.810636281967,6966272,0.017986678
0.0003236105,0.14526367,2180.97,16.99,0.7587686628103256,962,6804,1.3878018,-0.0048587346,870912,7493.875605106354,6967296,0.024878891
0.000410088,0.1328125,2180.97,16.99,0.8301497548818588,970,6805,1.3256992,-0.0052037,871040,7494.931460142136,6968320,0.018015416
0.00029023236,0.10668945,2180.97,16.99,0.9219541922211647,970,6806,1.5005083,-0.004171191,871168,7495.986898899078,6969344,0.0041745673
0.0006334373,0.1352539,2180.97,16.99,0.8337131887674332,979,6807,1.388077,-0.0045547504,871296,7497.033443212509,6970368,0.016561033
0.00029243185,0.1159668,2180.97,16.99,0.7758348882198334,923,6808,1.4354323,-0.0041598203,871424,7498.1432292461395,6971392,0.017858215
0.00035191147,0.16870117,2182.57,16.97,0.7366709113121033,914,6809,1.4257079,-0.0046285596,871552,7499.263597488403,6972416,0.02418514
0.00036290064,0.13061523,2182.57,16.97,0.7720700353384018,909,6810,1.3413217,-0.0055309474,871680,7500.39018034935,6973440,0.034139562
0.00023892868,0.12988281,2182.57,16.97,0.8764169365167618,930,6811,1.4499775,-0.0041005425,871808,7501.491238117218,6974464,0.009769175
0.00039715372,0.12548828,2182.8,16.97,0.7910837233066559,899,6812,1.3790005,-0.0045826384,871936,7502.630484342575,6975488,0.022544581
0.00038108128,0.111816406,2187.24,16.94,0.7748796790838242,929,6813,1.4147161,-0.004208421,872064,7503.73308634758,6976512,0.016817484
0.00035835494,0.1303711,2187.24,16.94,0.7579251825809479,958,6814,1.4331049,-0.0046897223,872192,7504.801643610001,6977536,0.022343703
0.0003858638,0.11254883,2183.18,16.96,0.8187070041894913,955,6815,1.4116368,-0.005381451,872320,7505.873954772949,6978560,0.016783876
0.00035157945,0.13476562,2187.51,16.97,0.8184903115034103,925,6816,1.3861407,-0.005132354,872448,7506.981647014618,6979584,0.014344944
0.00032472666,0.12915039,2187.51,16.97,0.8427809625864029,985,6817,1.3437192,-0.0048248707,872576,7508.022387266159,6980608,0.021956755
0.000419828,0.15039062,2187.51,16.97,0.7940450310707092,966,6818,1.4580619,-0.0047364244,872704,7509.082132577896,6981632,0.015266713
0.00036618172,0.12426758,2187.51,16.97,0.7946236729621887,976,6819,1.3850992,-0.004302876,872832,7510.131652832031,6982656,0.023020323
0.00034646038,0.15551758,2187.51,16.97,0.8373581767082214,962,6820,1.4665828,-0.005328777,872960,7511.195781707764,6983680,0.014590168
0.0005466821,0.10180664,2187.51,16.97,0.8425154387950897,977,6821,1.403612,-0.0037893143,873088,7512.244353055954,6984704,0.01928065
0.00025497915,0.12011719,2187.51,16.97,0.8979436308145523,968,6822,1.4607054,-0.004408017,873216,7513.302758932114,6985728,0.007852128
0.00034917067,0.12036133,2187.51,16.97,0.7404074370861053,985,6823,1.4522874,-0.0046699457,873344,7514.342994213104,6986752,0.018898629
0.00037011402,0.16259766,2187.51,16.97,0.9029126912355423,962,6824,1.3811868,-0.005829672,873472,7515.407515525818,6987776,0.012047746
0.00027466705,0.122802734,2187.51,16.97,0.7746447175741196,971,6825,1.4286886,-0.0048141764,873600,7516.462196826935,6988800,0.020136647
0.00023496049,0.1003418,2187.51,16.97,0.8857637122273445,961,6826,1.4839314,-0.004572283,873728,7517.528215408325,6989824,0.008323596
0.00029050655,0.10839844,2187.51,16.97,0.8459854125976562,968,6827,1.462549,-0.004132383,873856,7518.586510181427,6990848,0.013891425
0.0003524448,0.16992188,2184.51,16.95,0.8308142870664597,892,6828,1.4041202,-0.00533714,873984,7519.735056638718,6991872,0.015899241
0.00032246916,0.122802734,2184.51,16.95,0.881308063864708,921,6829,1.4534135,-0.0050602457,874112,7520.84725189209,6992896,0.013114331
0.00029765838,0.13623047,2184.51,16.95,0.8238331228494644,892,6830,1.4065099,-0.005314596,874240,7521.9949905872345,6993920,0.01590522
0.00034520004,0.14331055,2184.51,16.95,0.8338283151388168,966,6831,1.4606965,-0.0050645457,874368,7523.055343389511,6994944,0.014334825
0.00040617667,0.12963867,2171.41,17.05,0.8044419139623642,929,6832,1.3526387,-0.0046786536,874496,7524.157564163208,6995968,0.019369783
0.00037773576,0.15795898,2171.41,17.05,0.724230021238327,978,6833,1.3631053,-0.005137297,874624,7525.205154657364,6996992,0.034072954
0.00044114172,0.10546875,2175.71,16.98,0.8576303571462631,949,6834,1.44337,-0.0045242636,874752,7526.283950805664,6998016,0.012011754
0.00034291274,0.12939453,2181.06,16.95,0.6315315961837769,970,6835,1.3686919,-0.005236098,874880,7527.339886188507,6999040,0.03350387
0.00029502416,0.13476562,2181.06,16.95,0.732270747423172,966,6836,1.4369875,-0.0056004915,875008,7528.40057849884,7000064,0.03272517
0.00025286138,0.114746094,2181.06,16.95,0.8291652798652649,969,6837,1.4502909,-0.004308438,875136,7529.457602262497,7001088,0.013231466
0.00022521461,0.10644531,2181.06,16.95,0.8693112283945084,959,6838,1.4173926,-0.004648751,875264,7530.525228500366,7002112,0.014905114
0.00027750392,0.100097656,2181.06,16.95,0.7337697744369507,971,6839,1.4368093,-0.004474477,875392,7531.5799787044525,7003136,0.025251847
0.00025288056,0.10546875,2181.06,16.95,0.8338953107595444,966,6840,1.4441302,-0.0043393467,875520,7532.6404531002045,7004160,0.013440966
0.0005272632,0.13232422,2181.06,16.95,0.6752300560474396,982,6841,1.4019169,-0.0044607203,875648,7533.683161735535,7005184,0.041103315
0.0002865223,0.13183594,2181.06,16.95,0.7317951023578644,940,6842,1.3772302,-0.0060251956,875776,7534.772590637207,7006208,0.025106613
0.00032142943,0.10961914,2181.06,16.95,0.795701339840889,962,6843,1.3552176,-0.004695287,875904,7535.836937665939,7007232,0.026344346
0.00038535887,0.14160156,2180.61,16.96,0.8263976126909256,911,6844,1.3957677,-0.0054822406,876032,7536.960739850998,7008256,0.018483689
0.00025936938,0.11450195,2180.61,16.96,0.7589222490787506,923,6845,1.377674,-0.0039437427,876160,7538.0699870586395,7009280,0.029331163
0.00026977767,0.10546875,2180.61,16.96,0.8418673127889633,959,6846,1.4641911,-0.003879028,876288,7539.137886285782,7010304,0.01503898
0.00024210774,0.09741211,2182.92,16.97,0.8524442911148071,944,6847,1.4408293,-0.003847902,876416,7540.223015546799,7011328,0.013964642
0.00032699492,0.11328125,2182.92,16.97,0.8650826215744019,922,6848,1.4097868,-0.004865308,876544,7541.333615064621,7012352,0.018405164
0.00038213568,0.16674805,2182.92,16.97,0.8803208693861961,909,6849,1.449756,-0.004826258,876672,7542.459805727005,7013376,0.0077917995
0.0004488777,0.14794922,2186.4,16.9,0.9032365754246712,921,6850,1.4131647,-0.0045578894,876800,7543.571285486221,7014400,0.011047247
0.00067178794,0.12768555,2188.6,16.87,0.8256166726350784,930,6851,1.3351538,-0.00454122,876928,7544.672376394272,7015424,0.018844293
0.00027513446,0.107666016,2188.6,16.87,0.8915271013975143,975,6852,1.4111433,-0.0040775524,877056,7545.7226803302765,7016448,0.014665646
0.00030381474,0.115722656,2186.93,16.89,0.8842938095331192,972,6853,1.4333905,-0.004536864,877184,7546.7765374183655,7017472,0.012903217
0.00040419312,0.12890625,2186.93,16.89,0.7130713760852814,963,6854,1.4322226,-0.0049623353,877312,7547.83961725235,7018496,0.026319157
0.00027829062,0.14526367,2191.28,16.86,0.7910563498735428,941,6855,1.4313661,-0.004831289,877440,7548.927630662918,7019520,0.020978104
0.0004189416,0.14257812,2191.28,16.86,0.8647021055221558,951,6856,1.4283851,-0.005652429,877568,7550.004681348801,7020544,0.015879456
0.0003308166,0.16210938,2191.28,16.86,0.8143503963947296,956,6857,1.4897465,-0.004354509,877696,7551.076200246811,7021568,0.017237838
0.00035545815,0.11743164,2191.91,16.86,0.8771529570221901,905,6858,1.4159247,-0.0048594424,877824,7552.207670927048,7022592,0.013934095
0.00038194528,0.12841797,2191.91,16.86,0.9015218541026115,977,6859,1.4420207,-0.0045607537,877952,7553.256021261215,7023616,0.00991127
0.0003364851,0.12182617,2191.91,16.86,0.8420689702033997,957,6860,1.4400098,-0.0044602444,878080,7554.326742649078,7024640,0.015085837
0.0003491479,0.13647461,2189.28,16.87,0.8125948905944824,905,6861,1.4024982,-0.004740994,878208,7555.459014177322,7025664,0.017987477
0.00046752533,0.16210938,2189.28,16.87,0.7611887902021408,952,6862,1.3772136,-0.005428301,878336,7556.53545498848,7026688,0.02425181
0.00044157502,0.1628418,2189.28,16.87,0.8459532260894775,964,6863,1.3879607,-0.005557763,878464,7557.597741603851,7027712,0.019301033
0.00028832516,0.13793945,2189.28,16.87,0.7520367503166199,970,6864,1.4000517,-0.0043702815,878592,7558.653342485428,7028736,0.020943848
0.00040835622,0.11254883,2183.58,16.96,0.7550800442695618,923,6865,1.3939809,-0.0039295848,878720,7559.762626647949,7029760,0.020396046
0.00031872,0.12011719,2183.58,16.96,0.8655455559492111,909,6866,1.3532807,-0.004757116,878848,7560.88924407959,7030784,0.014038514
0.00027027063,0.107910156,2183.58,16.96,0.5934749245643616,915,6867,1.3944962,-0.0046996335,878976,7562.008328914642,7031808,0.043903045
0.0002892426,0.09838867,2183.58,16.96,0.8720919638872147,962,6868,1.4350687,-0.0040335944,879104,7563.072740077972,7032832,0.011961025
0.00039426246,0.15771484,2183.58,16.96,0.8610383421182632,971,6869,1.4106587,-0.004722101,879232,7564.12709236145,7033856,0.012664979
0.0003212181,0.12524414,2188.44,16.95,0.790969729423523,966,6870,1.4149406,-0.004738938,879360,7565.187064409256,7034880,0.023385195
0.0002663927,0.12719727,2190.16,16.94,0.6942202150821686,919,6871,1.4066927,-0.0046526045,879488,7566.3019597530365,7035904,0.03398105
0.00032728468,0.103027344,2203.5,16.84,0.8563258796930313,893,6872,1.4394354,-0.0043286895,879616,7567.448280334473,7036928,0.015026586
0.0002646227,0.123046875,2203.5,16.84,0.9083788841962814,956,6873,1.4730499,-0.0049271276,879744,7568.519659996033,7037952,0.0068457043
0.00030325205,0.14794922,2203.5,16.84,0.7784870862960815,911,6874,1.4441439,-0.003744155,879872,7569.644253253937,7038976,0.02228645
0.00031033892,0.13623047,2203.5,16.84,0.8391108512878418,913,6875,1.4361838,-0.004430698,880000,7570.7662580013275,7040000,0.020617547
0.0003248358,0.14819336,2208.17,16.8,0.8450563549995422,901,6876,1.4799552,-0.0046201143,880128,7571.9025547504425,7041024,0.011193628
0.00031404616,0.14501953,2208.17,16.8,0.8174630403518677,909,6877,1.4116105,-0.005057046,880256,7573.029552221298,7042048,0.020912101
0.00030487488,0.13134766,2208.17,16.8,0.7767475098371506,911,6878,1.40247,-0.0051381644,880384,7574.15313410759,7043072,0.022023689
0.00024268235,0.123291016,2208.17,16.8,0.8467953205108643,898,6879,1.4328686,-0.005066677,880512,7575.2940356731415,7044096,0.013121603
0.00027360301,0.11669922,2214.09,16.78,0.7153506278991699,886,6880,1.3937365,-0.0053536166,880640,7576.449366092682,7045120,0.044910334
0.00035759367,0.15771484,2214.09,16.78,0.7302466332912445,903,6881,1.3679795,-0.004396608,880768,7577.583021402359,7046144,0.031798046
0.00040252134,0.08105469,2214.09,16.78,0.7642975896596909,906,6882,1.410183,-0.0037708627,880896,7578.713505744934,7047168,0.020971473
0.00026037975,0.12475586,2214.09,16.78,0.8447484374046326,977,6883,1.440623,-0.0046090945,881024,7579.761972904205,7048192,0.017144177
0.00038500642,0.13671875,2214.71,16.78,0.7660761028528214,955,6884,1.4390388,-0.004851296,881152,7580.833962202072,7049216,0.024835512
0.0004948841,0.16015625,2213.45,16.76,0.8296250700950623,960,6885,1.4015129,-0.0048837005,881280,7581.901342630386,7050240,0.018815666
0.00037905484,0.13671875,2213.45,16.76,0.8130987733602524,939,6886,1.3472184,-0.0048987265,881408,7582.991826534271,7051264,0.026749285
0.0004690457,0.18896484,2211.96,16.79,0.8340271264314651,934,6887,1.3728555,-0.005505455,881536,7584.088436365128,7052288,0.01631091
0.00035179337,0.14331055,2211.96,16.79,0.8598859310150146,949,6888,1.4022806,-0.004801765,881664,7585.167069673538,7053312,0.023119178
0.00052582903,0.1340332,2211.96,16.79,0.9044844284653664,964,6889,1.3326181,-0.0050058053,881792,7586.229209899902,7054336,0.014673048
0.0002611219,0.12841797,2219.86,16.7,0.7403756082057953,954,6890,1.4130799,-0.004264153,881920,7587.3030161857605,7055360,0.018700046
0.00027239957,0.14672852,2219.86,16.7,0.903642512857914,918,6891,1.4633235,-0.0045738257,882048,7588.418499708176,7056384,0.0071621942
0.0004230051,0.14331055,2219.86,16.7,0.6881264448165894,899,6892,1.4181054,-0.0043299454,882176,7589.558205366135,7057408,0.032179665
0.00038839388,0.12109375,2219.86,16.7,0.7612590193748474,975,6893,1.3820734,-0.004832426,882304,7590.608561992645,7058432,0.03349401
0.00026887126,0.12768555,2219.86,16.7,0.8102089911699295,955,6894,1.4444798,-0.0041018543,882432,7591.681402206421,7059456,0.012334927
0.00030863925,0.1274414,2219.86,16.7,0.6959493458271027,968,6895,1.396991,-0.0045149666,882560,7592.739387512207,7060480,0.025398262
0.00036215526,0.1430664,2219.86,16.7,0.8169595152139664,971,6896,1.3843004,-0.0050264746,882688,7593.794572591782,7061504,0.022029866
0.00036741263,0.16381836,2212.51,16.74,0.856562927365303,964,6897,1.3744897,-0.004947264,882816,7594.8571836948395,7062528,0.016786646
0.00025955256,0.13134766,2218.84,16.68,0.8667443543672562,943,6898,1.4407548,-0.005023016,882944,7595.94350528717,7063552,0.011462066
0.00040685316,0.14575195,2215.2,16.68,0.7981028407812119,938,6899,1.3916326,-0.0048060957,883072,7597.034751176834,7064576,0.027494028
0.00027176697,0.111328125,2215.2,16.68,0.7835323363542557,983,6900,1.440676,-0.0046677534,883200,7598.077201128006,7065600,0.019870225
0.00041001165,0.1328125,2215.2,16.68,0.8853833600878716,959,6901,1.3364502,-0.0049485257,883328,7599.144635915756,7066624,0.013336858
0.0002971417,0.119140625,2215.2,16.68,0.7962026447057724,969,6902,1.3746285,-0.0048872074,883456,7600.201220750809,7067648,0.022426685
0.00029733602,0.110839844,2212.6,16.69,0.8102057576179504,945,6903,1.385246,-0.005209156,883584,7601.28514289856,7068672,0.02164492
0.00037895053,0.11376953,2215.28,16.65,0.6851084232330322,955,6904,1.3423392,-0.0046023796,883712,7602.357060670853,7069696,0.03039809
0.00033307978,0.14379883,2215.28,16.65,0.7592848241329193,968,6905,1.3700662,-0.005256026,883840,7603.414973974228,7070720,0.030230056
0.000367672,0.16967773,2215.28,16.65,0.7459666132926941,929,6906,1.3855399,-0.0050354768,883968,7604.5171411037445,7071744,0.028149316
0.0003781187,0.14160156,2215.28,16.65,0.8595751971006393,947,6907,1.3747156,-0.0048992583,884096,7605.59829044342,7072768,0.020014782
0.00024735846,0.12695312,2215.28,16.65,0.779989019036293,972,6908,1.4514397,-0.0035002735,884224,7606.65190577507,7073792,0.023275597
0.00037283337,0.125,2220.49,16.61,0.7280687093734741,953,6909,1.414316,-0.004579788,884352,7607.726311922073,7074816,0.024915397
0.00024089625,0.119384766,2220.49,16.61,0.6777476966381073,976,6910,1.3116432,-0.0043054456,884480,7608.776046514511,7075840,0.035787325
0.00021975487,0.12036133,2220.49,16.61,0.892140343785286,961,6911,1.443369,-0.004688052,884608,7609.8413417339325,7076864,0.011868529
0.00049612444,0.14868164,2220.49,16.61,0.7830182611942291,965,6912,1.3791724,-0.004553633,884736,7610.903208494186,7077888,0.019110722
0.00024434403,0.122802734,2220.49,16.61,0.7829816043376923,958,6913,1.4471763,-0.0040749274,884864,7611.972436904907,7078912,0.01775522
0.0006424924,0.16333008,2220.49,16.61,0.8213202357292175,963,6914,1.3698812,-0.0051643397,884992,7613.036345005035,7079936,0.019288963
0.00032948543,0.13330078,2213.96,16.65,0.7719002962112427,892,6915,1.3065674,-0.0043745153,885120,7614.184181690216,7080960,0.0257507
0.00032225967,0.14135742,2213.96,16.65,0.6657005250453949,921,6916,1.3921373,-0.0045865886,885248,7615.2956619262695,7081984,0.02739394
0.0003544751,0.12841797,2213.96,16.65,0.8047448098659515,924,6917,1.4248778,-0.0044666072,885376,7616.404249429703,7083008,0.024776595
0.00026915662,0.12695312,2213.96,16.65,0.7752615809440613,984,6918,1.4338627,-0.0038986113,885504,7617.444958686829,7084032,0.016116964
0.00045744533,0.1352539,2203.99,16.72,0.9161708429455757,951,6919,1.4249417,-0.004782657,885632,7618.52198266983,7085056,0.007468388
0.00031450985,0.1430664,2196.86,16.78,0.8490092605352402,962,6920,1.3512752,-0.004316562,885760,7619.586633443832,7086080,0.017831296
0.000351414,0.14379883,2199.24,16.77,0.8849828392267227,952,6921,1.39656,-0.005368323,885888,7620.663034439087,7087104,0.010741759
0.00027183598,0.12670898,2199.24,16.77,0.8304695338010788,983,6922,1.3767401,-0.0053125,886016,7621.7047708034515,7088128,0.023952074
0.000341249,0.12939453,2200.73,16.77,0.817214235663414,954,6923,1.4116551,-0.004482244,886144,7622.778037309647,7089152,0.024844682
0.00031942458,0.13696289,2200.73,16.77,0.7689563184976578,952,6924,1.3919182,-0.004353335,886272,7623.854341983795,7090176,0.02673244
0.00032826472,0.15722656,2200.73,16.77,0.8769377395510674,953,6925,1.3905164,-0.0048736646,886400,7624.92976975441,7091200,0.0155297015
0.00036548593,0.12475586,2200.73,16.77,0.7582403123378754,907,6926,1.3876762,-0.004248597,886528,7626.05860042572,7092224,0.022386778
0.0003023413,0.14013672,2200.73,16.77,0.9180546402931213,920,6927,1.4732071,-0.0046644914,886656,7627.171419620514,7093248,0.0086585255
0.00035436702,0.13378906,2204.01,16.72,0.7578596770763397,933,6928,1.401017,-0.004833826,886784,7628.268881082535,7094272,0.029331239
0.0004453878,0.15673828,2204.01,16.72,0.822694718837738,910,6929,1.4060606,-0.0041541383,886912,7629.394817352295,7095296,0.019558193
0.00037767328,0.17089844,2204.01,16.72,0.8798415660858154,927,6930,1.4206549,-0.0042531444,887040,7630.500074625015,7096320,0.008283496
0.00027877925,0.17016602,2204.01,16.72,0.899506002664566,968,6931,1.4687784,-0.0044978294,887168,7631.558299779892,7097344,0.0064739306
0.0002588863,0.12817383,2200.99,16.76,0.6897156536579132,940,6932,1.3977311,-0.0046915608,887296,7632.647785663605,7098368,0.033704344
0.00034697153,0.10961914,2197.93,16.76,0.7893901020288467,959,6933,1.3992406,-0.004346435,887424,7633.715236663818,7099392,0.017069876
0.00039276568,0.18676758,2197.93,16.76,0.8746776431798935,986,6934,1.4288942,-0.00480993,887552,7634.754419326782,7100416,0.013013483
0.00027761506,0.11645508,2194.91,16.76,0.7222699820995331,962,6935,1.3817704,-0.0047387737,887680,7635.819300413132,7101440,0.03218018
0.00023404203,0.118652344,2194.91,16.76,0.7607198059558868,978,6936,1.3593854,-0.005075233,887808,7636.866944551468,7102464,0.028489737
0.00036035405,0.1237793,2190.2,16.79,0.8363892883062363,959,6937,1.3577392,-0.0054351566,887936,7637.934828042984,7103488,0.021875668
0.00041282896,0.16235352,2194.16,16.78,0.7757960259914398,954,6938,1.3428665,-0.0048211827,888064,7639.00829911232,7104512,0.022029003
0.00032035506,0.15478516,2194.16,16.78,0.8310849666595459,953,6939,1.4106562,-0.0044247853,888192,7640.0829293727875,7105536,0.013895044
0.00053009135,0.16259766,2194.16,16.78,0.8158548176288605,967,6940,1.3111584,-0.0040323557,888320,7641.142903327942,7106560,0.026511941
0.0002845789,0.15917969,2199.62,16.74,0.7768890410661697,958,6941,1.4170609,-0.0049063945,888448,7642.21213388443,7107584,0.022818353
0.00030480337,0.13745117,2199.62,16.74,0.8438022136688232,990,6942,1.3752357,-0.0052498793,888576,7643.246597766876,7108608,0.021146579
0.00031522848,0.13427734,2199.62,16.74,0.8047149032354355,979,6943,1.4088783,-0.0039292173,888704,7644.293244838715,7109632,0.01715532
0.00028249674,0.115722656,2199.62,16.74,0.8282394409179688,937,6944,1.4601524,-0.0040388317,888832,7645.386754989624,7110656,0.014241747
0.0003975786,0.12524414,2199.62,16.74,0.8644799888134003,921,6945,1.4057668,-0.0044931355,888960,7646.49869966507,7111680,0.010589578
0.00024473824,0.1381836,2195.84,16.75,0.8535844683647156,943,6946,1.4406904,-0.0047708116,889088,7647.584295988083,7112704,0.01435186
0.00033587732,0.16357422,2195.84,16.75,0.8493555188179016,952,6947,1.4393265,-0.0046773697,889216,7648.660001039505,7113728,0.010637713
0.00029170953,0.107177734,2195.84,16.75,0.73647141456604,963,6948,1.4313554,-0.0037084676,889344,7649.723690509796,7114752,0.031248702
0.0005676351,0.13134766,2198.4,16.74,0.8393754363059998,964,6949,1.3018199,-0.0038637926,889472,7650.786193609238,7115776,0.020712132
0.00038709148,0.14355469,2198.4,16.74,0.7675111442804337,983,6950,1.3822558,-0.0043081003,889600,7651.828552484512,7116800,0.028059863
0.00033048185,0.17700195,2189.12,16.78,0.8967370986938477,953,6951,1.4259164,-0.0055130445,889728,7652.903665065765,7117824,0.0070703407
0.00036097664,0.17260742,2190.92,16.81,0.7256809771060944,953,6952,1.372411,-0.0049198736,889856,7653.977785587311,7118848,0.027312567
0.0003042615,0.15258789,2190.92,16.81,0.8646354377269745,962,6953,1.3885015,-0.0040340554,889984,7655.042451143265,7119872,0.015868392
0.00036829524,0.14550781,2190.92,16.81,0.798319086432457,967,6954,1.3499607,-0.004548006,890112,7656.101188659668,7120896,0.021274967
0.00029354054,0.13598633,2190.92,16.81,0.7998612523078918,941,6955,1.4468112,-0.003929556,890240,7657.190251111984,7121920,0.014780419
0.00036189347,0.15234375,2190.92,16.81,0.8448456078767776,957,6956,1.3986733,-0.004402199,890368,7658.2609803676605,7122944,0.016740313
0.00023819118,0.10571289,2190.92,16.81,0.7936065644025803,960,6957,1.430966,-0.0047408696,890496,7659.327826023102,7123968,0.02241131
0.000264544,0.14746094,2191.34,16.75,0.6907236576080322,956,6958,1.3780774,-0.0045502745,890624,7660.399076223373,7124992,0.02632091
0.00038376526,0.17114258,2191.34,16.75,0.8804452568292618,990,6959,1.4232311,-0.0051777726,890752,7661.433335781097,7126016,0.010262216
0.00027432275,0.11767578,2191.77,16.73,0.8551865816116333,894,6960,1.4211438,-0.0042998577,890880,7662.578489303589,7127040,0.013967312
0.00036520074,0.11621094,2191.77,16.73,0.8107574582099915,958,6961,1.3656751,-0.00325095,891008,7663.64794254303,7128064,0.017720908
0.0003263473,0.110839844,2191.77,16.73,0.869561642408371,956,6962,1.4061536,-0.0047938763,891136,7664.719601392746,7129088,0.012540733
0.0003579009,0.1496582,2191.77,16.73,0.7288486361503601,928,6963,1.3914443,-0.004320629,891264,7665.822697162628,7130112,0.02708153
0.00040670962,0.14086914,2191.77,16.73,0.8413082659244537,949,6964,1.4201045,-0.0046561547,891392,7666.901898622513,7131136,0.021098584
0.00034327427,0.16455078,2190.99,16.74,0.872645765542984,962,6965,1.4071624,-0.004952496,891520,7667.966748714447,7132160,0.014946906
0.00028509536,0.13305664,2190.99,16.74,0.8899069353938103,974,6966,1.3972703,-0.0048696464,891648,7669.018986701965,7133184,0.013905993
0.00030651124,0.1315918,2191.01,16.75,0.7693907916545868,944,6967,1.4211438,-0.004402726,891776,7670.103781700134,7134208,0.018002216
0.00045580603,0.16967773,2190.88,16.74,0.8249081522226334,943,6968,1.381318,-0.004812188,891904,7671.189961910248,7135232,0.01970075
0.00025891728,0.119140625,2192.63,16.7,0.8105271756649017,949,6969,1.3942956,-0.0041649663,892032,7672.26949930191,7136256,0.025259407
0.00028617834,0.12182617,2192.63,16.7,0.8877187743782997,975,6970,1.4270734,-0.0048468765,892160,7673.320334911346,7137280,0.010196261
0.0002806831,0.15454102,2192.63,16.7,0.7537908852100372,962,6971,1.4475583,-0.004325381,892288,7674.385246038437,7138304,0.019089263
0.0003224074,0.1508789,2192.63,16.7,0.8499027043581009,976,6972,1.3639976,-0.004633441,892416,7675.434768438339,7139328,0.016617682
0.00028395222,0.1081543,2192.63,16.7,0.6104964911937714,966,6973,1.3813298,-0.0045935013,892544,7676.494548559189,7140352,0.037178285
0.00033779858,0.1352539,2192.64,16.7,0.7767649441957474,959,6974,1.3502438,-0.004647403,892672,7677.56240272522,7141376,0.024316942
0.00034912326,0.14501953,2192.64,16.7,0.7570478469133377,956,6975,1.3539097,-0.005196706,892800,7678.634052276611,7142400,0.025762694
0.00025134714,0.12792969,2192.64,16.7,0.7637155950069427,966,6976,1.4600364,-0.004640299,892928,7679.694624423981,7143424,0.017426161
0.00034846363,0.12817383,2195.05,16.65,0.8041923344135284,905,6977,1.3623024,-0.005127788,893056,7680.825850248337,7144448,0.024277596
0.00029893036,0.12939453,2195.05,16.65,0.8105300664901733,977,6978,1.4316946,-0.0043000737,893184,7681.8744597435,7145472,0.014078166
0.0003294949,0.14672852,2195.05,16.65,0.8247853666543961,961,6979,1.4727083,-0.0045778,893312,7682.940674304962,7146496,0.013535844
0.0006017405,0.12866211,2198.44,16.6,0.7588740438222885,952,6980,1.3748142,-0.0042169183,893440,7684.016597509384,7147520,0.027870953
0.00036959135,0.12158203,2198.44,16.6,0.8000802397727966,962,6981,1.3457625,-0.004452206,893568,7685.082094669342,7148544,0.02609085
0.00024036167,0.11816406,2198.44,16.6,0.8129890710115433,983,6982,1.4600992,-0.0041949903,893696,7686.1241335868835,7149568,0.018655088
0.00035023087,0.13598633,2199.14,16.59,0.7173971235752106,962,6983,1.3991117,-0.0035642013,893824,7687.188430309296,7150592,0.024372498
0.00035766617,0.13305664,2199.14,16.59,0.8404476344585419,979,6984,1.4286054,-0.0050857896,893952,7688.235012054443,7151616,0.017956901
0.00036080746,0.1472168,2199.42,16.59,0.8339506089687347,957,6985,1.3421702,-0.005186247,894080,7689.304786682129,7152640,0.023943152
0.00020030711,0.10620117,2201.46,16.55,0.9030219838023186,970,6986,1.4319366,-0.0045011938,894208,7690.360526800156,7153664,0.009420413
0.00027310094,0.123291016,2196.4,16.6,0.8614319562911987,960,6987,1.3547554,-0.0047954163,894336,7691.427088975906,7154688,0.019955605
0.00019288519,0.106933594,2196.4,16.6,0.7804939299821854,982,6988,1.4271724,-0.0041223033,894464,7692.469728946686,7155712,0.018886512
0.00031527298,0.13696289,2201.34,16.57,0.8061440736055374,950,6989,1.424044,-0.0043625324,894592,7693.547646284103,7156736,0.019642323
0.00026450638,0.14086914,2201.34,16.57,0.8306683152914047,976,6990,1.3773456,-0.003519883,894720,7694.5968272686005,7157760,0.021064818
0.00030649969,0.14208984,2201.34,16.57,0.9076172336935997,964,6991,1.4503969,-0.0050520427,894848,7695.659875869751,7158784,0.009192024
0.0003865553,0.16333008,2201.34,16.57,0.7691286504268646,931,6992,1.4175868,-0.003585971,894976,7696.760143995285,7159808,0.026904933
0.00028350556,0.12207031,2201.34,16.57,0.8665890842676163,918,6993,1.427486,-0.004112304,895104,7697.875780820847,7160832,0.010115826
0.00029008306,0.11401367,2201.34,16.57,0.8228578120470047,945,6994,1.4612567,-0.0038071533,895232,7698.959048032761,7161856,0.015916372
0.0003211057,0.16625977,2201.34,16.57,0.9002005681395531,898,6995,1.3784508,-0.0052810824,895360,7700.099346160889,7162880,0.011674387
0.00027096877,0.123535156,2206.25,16.48,0.8547913134098053,960,6996,1.3991083,-0.005162149,895488,7701.16709446907,7163904,0.018529776
0.00029332342,0.11743164,2206.25,16.48,0.7026271224021912,956,6997,1.361755,-0.003669579,895616,7702.238254308701,7164928,0.037130877
0.00027383925,0.13378906,2206.25,16.48,0.7775851339101791,977,6998,1.3780982,-0.0051976293,895744,7703.286915063858,7165952,0.025094248
0.0003092625,0.1340332,2206.21,16.48,0.7651107460260391,935,6999,1.3774953,-0.0055618724,895872,7704.382126569748,7166976,0.026655184
0.00026778615,0.12402344,2206.21,16.48,0.805525541305542,977,7000,1.371846,-0.00466303,896000,7705.43078494072,7168000,0.026040211
0.00033644814,0.15429688,2211.7,16.43,0.922709733247757,912,7001,1.4812142,-0.0050099073,896128,7706.553773164749,7169024,0.0056335833
0.00024012526,0.12988281,2211.48,16.44,0.8555589467287064,942,7002,1.4080261,-0.004827801,896256,7707.6412625312805,7170048,0.014292064
0.00034323378,0.1640625,2213.65,16.43,0.9032812863588333,910,7003,1.44621,-0.004594568,896384,7708.766200065613,7171072,0.009769956
0.0005205991,0.17480469,2211.06,16.45,0.8085974305868149,908,7004,1.394533,-0.0047735395,896512,7709.894542455673,7172096,0.02262689
0.00031341566,0.15576172,2211.06,16.45,0.8831731677055359,957,7005,1.4378471,-0.0048929704,896640,7710.9646599292755,7173120,0.012719755
0.00024683555,0.12426758,2211.06,16.45,0.867265909910202,930,7006,1.4307926,-0.004457105,896768,7712.065657377243,7174144,0.013643895
0.0003314162,0.15576172,2211.06,16.45,0.7831502258777618,944,7007,1.4048821,-0.0046459073,896896,7713.150727748871,7175168,0.02367484
0.00029304175,0.10498047,2211.06,16.45,0.7615194916725159,953,7008,1.4454437,-0.003965497,897024,7714.224867582321,7176192,0.019759605
0.00023374846,0.1459961,2211.06,16.45,0.85276098549366,922,7009,1.4524739,-0.004213103,897152,7715.335213184357,7177216,0.010063365
0.00035902348,0.1496582,2211.06,16.45,0.8059605360031128,954,7010,1.4302721,-0.0049414877,897280,7716.408406496048,7178240,0.026724188
0.00033506073,0.16333008,2211.06,16.45,0.8239753544330597,898,7011,1.423594,-0.0044220616,897408,7717.549163579941,7179264,0.024817016
0.00028736345,0.14770508,2205.0,16.47,0.8553310930728912,905,7012,1.4523132,-0.005207861,897536,7718.680523395538,7180288,0.010548866
0.00042825608,0.19238281,2205.0,16.47,0.7117096483707428,902,7013,1.3750718,-0.0043338435,897664,7719.816347837448,7181312,0.025652997
0.00028913326,0.14331055,2203.11,16.49,0.9030931815505028,958,7014,1.4114604,-0.005247009,897792,7720.885907411575,7182336,0.008632759
0.0004914572,0.16040039,2205.05,16.48,0.9425450451672077,937,7015,1.3914775,-0.0060237055,897920,7721.9792573452,7183360,0.007181704
0.00032911877,0.15136719,2198.82,16.51,0.9013949632644653,941,7016,1.4517871,-0.0047302977,898048,7723.067574501038,7184384,0.008158973
0.0003328278,0.14379883,2197.53,16.49,0.7614692747592926,962,7017,1.4274272,-0.004802121,898176,7724.132735967636,7185408,0.025270905
0.00056063937,0.13916016,2197.53,16.49,0.8312663286924362,964,7018,1.3686668,-0.0047772233,898304,7725.194878578186,7186432,0.020736665
0.0002898501,0.12939453,2198.41,16.52,0.827218696475029,940,7019,1.389827,-0.004595481,898432,7726.284726858139,7187456,0.02083745
0.0002742069,0.12451172,2198.41,16.52,0.8952456787228584,955,7020,1.39504,-0.004990839,898560,7727.357568264008,7188480,0.011781285
0.00036162906,0.17041016,2198.41,16.52,0.7762967646121979,907,7021,1.449954,-0.0049151713,898688,7728.486973762512,7189504,0.020902006
0.0002900541,0.12963867,2201.88,16.49,0.8225250095129013,903,7022,1.4225028,-0.0044678636,898816,7729.621151924133,7190528,0.01754456
0.00041417233,0.15234375,2201.88,16.49,0.8674397319555283,895,7023,1.3607857,-0.004699514,898944,7730.765711069107,7191552,0.014448437
0.00031953753,0.1237793,2201.88,16.49,0.7601340860128403,914,7024,1.3908603,-0.0042148014,899072,7731.886359930038,7192576,0.020159679
0.00029097544,0.14697266,2201.88,16.49,0.8419284224510193,940,7025,1.4228528,-0.0038664024,899200,7732.976396083832,7193600,0.017587557
0.00019663932,0.11254883,2201.88,16.49,0.8227418661117554,966,7026,1.4898273,-0.00408448,899328,7734.036596775055,7194624,0.01537222
0.0003144415,0.115722656,2201.88,16.49,0.8596640676259995,916,7027,1.4251313,-0.0042874706,899456,7735.154443502426,7195648,0.017314559
0.00028084248,0.13916016,2200.12,16.52,0.8766214102506638,953,7028,1.4071178,-0.0043748626,899584,7736.229578971863,7196672,0.012992913
0.00050498755,0.18359375,2200.17,16.53,0.8377133905887604,950,7029,1.4413165,-0.0045848126,899712,7737.307686328888,7197696,0.015723277
0.00029106357,0.13793945,2200.17,16.53,0.7915356904268265,978,7030,1.349386,-0.0041646375,899840,7738.354743719101,7198720,0.026461778
0.00029166308,0.14282227,2200.17,16.53,0.7922092527151108,976,7031,1.462967,-0.003953436,899968,7739.404235124588,7199744,0.0130713275
0.00030148975,0.13598633,2200.17,16.53,0.7649448812007904,977,7032,1.4309721,-0.004367536,900096,7740.453006267548,7200768,0.024597662
0.0002654024,0.14135742,2204.58,16.47,0.7385273575782776,953,7033,1.4179232,-0.004514818,900224,7741.528067111969,7201792,0.02050229
0.00033923646,0.18017578,2200.86,16.51,0.9073316901922226,961,7034,1.4326595,-0.0050970106,900352,7742.5940754413605,7202816,0.0073165996
0.00039209943,0.14697266,2200.6,16.51,0.8202802836894989,942,7035,1.4596198,-0.003460055,900480,7743.681472301483,7203840,0.012954185
0.00024155322,0.114990234,2200.6,16.51,0.8074912279844284,973,7036,1.4229466,-0.0035193253,900608,7744.734295129776,7204864,0.018298162
0.00033993123,0.15185547,2200.6,16.51,0.9486237950623035,954,7037,1.4678833,-0.0053370916,900736,7745.807830572128,7205888,0.0047507654
0.00025120674,0.1459961,2202.54,16.5,0.8562487810850143,957,7038,1.4923906,-0.0038509974,900864,7746.877806425095,7206912,0.009524464
0.0003701619,0.13354492,2202.54,16.5,0.8284032046794891,972,7039,1.3644364,-0.004532164,900992,7747.9315547943115,7207936,0.020723747
0.00029783783,0.123535156,2202.54,16.5,0.8925919085741043,965,7040,1.4318292,-0.004175921,901120,7748.992580413818,7208960,0.0113023
0.00025594392,0.12475586,2202.54,16.5,0.7304553389549255,950,7041,1.3891299,-0.004000403,901248,7750.071138858795,7209984,0.033081148
0.0002253014,0.099121094,2202.54,16.5,0.937379777431488,967,7042,1.4247258,-0.004246901,901376,7751.130300760269,7211008,0.007421722
0.0003126329,0.13891602,2202.54,16.5,0.7854351848363876,948,7043,1.4464058,-0.004117875,901504,7752.210200786591,7212032,0.02434505
0.00029457224,0.122802734,2200.61,16.53,0.7015399038791656,899,7044,1.3864714,-0.0043898057,901632,7753.34881401062,7213056,0.036110613
0.000305769,0.13793945,2200.61,16.53,0.7253363132476807,911,7045,1.3448555,-0.0048614573,901760,7754.473283529282,7214080,0.033773
0.00047683652,0.10424805,2200.61,16.53,0.7640835642814636,919,7046,1.5020083,-0.00363389,901888,7755.588011026382,7215104,0.016456181
0.00027522643,0.14379883,2204.63,16.49,0.8588238805532455,953,7047,1.4324095,-0.004446149,902016,7756.663004398346,7216128,0.01725148
0.00027593708,0.107910156,2203.25,16.48,0.7815227955579758,936,7048,1.4410617,-0.004307502,902144,7757.75697016716,7217152,0.023672298
0.00023799621,0.11694336,2203.25,16.48,0.8401055186986923,916,7049,1.4161134,-0.004121543,902272,7758.875059843063,7218176,0.019730518
0.00044462233,0.14257812,2199.31,16.52,0.8583605736494064,954,7050,1.4087591,-0.004684369,902400,7759.94849729538,7219200,0.016494734
0.00023480607,0.12646484,2199.31,16.52,0.7972097843885422,970,7051,1.3806449,-0.0048601483,902528,7761.004351615906,7220224,0.024455054
0.00030021725,0.13989258,2199.31,16.52,0.7895753383636475,973,7052,1.4332979,-0.0047969604,902656,7762.056851148605,7221248,0.020480935
0.00041628612,0.15600586,2198.73,16.49,0.8155981153249741,937,7053,1.3210809,-0.0048790355,902784,7763.149603366852,7222272,0.025575247
0.00025052374,0.1015625,2203.62,16.43,0.8664828985929489,959,7054,1.468683,-0.0040493803,902912,7764.217483282089,7223296,0.010273427
0.00029551052,0.1616211,2204.58,16.44,0.887342557311058,932,7055,1.440824,-0.005141234,903040,7765.317596912384,7224320,0.012604157
0.00041689994,0.1352539,2204.58,16.44,0.7461756765842438,956,7056,1.367169,-0.004266512,903168,7766.388871431351,7225344,0.033462774
0.00043619625,0.14355469,2204.58,16.44,0.8259320110082626,895,7057,1.3708199,-0.0040903683,903296,7767.532892227173,7226368,0.019498885
0.00024079284,0.13110352,2204.58,16.44,0.8226526379585266,974,7058,1.4619777,-0.0045591984,903424,7768.584156036377,7227392,0.02206261
0.00037091185,0.1184082,2204.58,16.44,0.864048421382904,960,7059,1.3892163,-0.0041616093,903552,7769.651486635208,7228416,0.01774794
0.00032683258,0.11328125,2204.58,16.44,0.866397500038147,974,7060,1.4351315,-0.004548525,903680,7770.702960014343,7229440,0.015455186
0.00020715618,0.11791992,2204.58,16.44,0.7877222299575806,959,7061,1.4500996,-0.0041247057,903808,7771.771076917648,7230464,0.019871706
0.00025790176,0.13598633,2204.58,16.44,0.7872755974531174,967,7062,1.4274256,-0.004885201,903936,7772.830703020096,7231488,0.033449862
0.00041301144,0.14624023,2204.58,16.44,0.8335357010364532,964,7063,1.4187601,-0.0036680768,904064,7773.89287853241,7232512,0.01631281
0.00038170238,0.16503906,2204.58,16.44,0.8303056955337524,979,7064,1.3489395,-0.0046330295,904192,7774.939497709274,7233536,0.021738917
0.000273542,0.13232422,2204.58,16.44,0.8348176777362823,974,7065,1.3577228,-0.004669793,904320,7775.991407632828,7234560,0.01812781
0.00037828382,0.16992188,2203.37,16.4,0.7858626544475555,937,7066,1.3974049,-0.0045133075,904448,7777.084448337555,7235584,0.025540331
0.0002450273,0.12963867,2203.37,16.4,0.7461896240711212,983,7067,1.4557227,-0.004051358,904576,7778.125979423523,7236608,0.024094703
0.00021612244,0.12670898,2200.54,16.43,0.8466632217168808,960,7068,1.4691837,-0.004456154,904704,7779.192697286606,7237632,0.02028274
0.0002941803,0.16186523,2195.65,16.47,0.8164705783128738,946,7069,1.3736118,-0.0039469893,904832,7780.275545120239,7238656,0.022637198
0.00031362002,0.10888672,2195.65,16.47,0.752899706363678,964,7070,1.4245735,-0.0042420006,904960,7781.338105201721,7239680,0.028557824
0.00023082444,0.118896484,2195.65,16.47,0.7624539732933044,956,7071,1.3840727,-0.0038518822,905088,7782.409485816956,7240704,0.022543047
0.00023113943,0.12036133,2195.65,16.47,0.7652075588703156,968,7072,1.4311408,-0.004117595,905216,7783.467952251434,7241728,0.026462397
0.00025533006,0.15576172,2195.65,16.47,0.8178450018167496,956,7073,1.4209611,-0.0042612124,905344,7784.538863182068,7242752,0.017387386
0.00026955188,0.13842773,2195.65,16.47,0.8351702392101288,962,7074,1.382474,-0.0045713005,905472,7785.603727579117,7243776,0.020644076
0.0002905414,0.17749023,2203.66,16.43,0.9192232266068459,908,7075,1.4784985,-0.004505976,905600,7786.73225402832,7244800,0.006748233
0.00029179233,0.15844727,2209.43,16.38,0.8366648554801941,904,7076,1.4122001,-0.0049139285,905728,7787.865148305893,7245824,0.018400073
0.0003067989,0.16186523,2209.43,16.38,0.7761720716953278,923,7077,1.4653771,-0.004328495,905856,7788.974370002747,7246848,0.015392678
0.00032538653,0.122558594,2209.43,16.38,0.763566642999649,906,7078,1.4362818,-0.003750925,905984,7790.104813575745,7247872,0.02599295
0.00018179297,0.12426758,2209.43,16.38,0.7430044114589691,963,7079,1.4420391,-0.0033788006,906112,7791.168404579163,7248896,0.025666175
0.00028991431,0.15649414,2209.43,16.38,0.8368462026119232,934,7080,1.4494258,-0.0044351867,906240,7792.265163660049,7249920,0.015534358
0.00022481088,0.11450195,2210.27,16.37,0.9304683357477188,894,7081,1.4268154,-0.004823722,906368,7793.4110815525055,7250944,0.008909089
0.00039406464,0.11767578,2210.27,16.37,0.7633678317070007,914,7082,1.3877039,-0.003960124,906496,7794.531594276428,7251968,0.031422082
0.00028730195,0.11206055,2212.47,16.32,0.7830703854560852,908,7083,1.3834255,-0.0041410187,906624,7795.659483909607,7252992,0.023109358
0.00034739843,0.15332031,2212.47,16.32,0.8068906664848328,981,7084,1.4080226,-0.0041335938,906752,7796.70342707634,7254016,0.017718062
0.00032905297,0.103759766,2214.43,16.29,0.815701350569725,926,7085,1.463333,-0.0036195223,906880,7797.809828042984,7255040,0.019693052
0.0004100461,0.14404297,2216.21,16.28,0.8505394011735916,964,7086,1.4343947,-0.0039328383,907008,7798.872717857361,7256064,0.01327566
0.00026371394,0.12597656,2208.21,16.32,0.735332578420639,960,7087,1.387079,-0.004069634,907136,7799.939740180969,7257088,0.023599368
0.00021778159,0.10424805,2208.21,16.32,0.7826557606458664,984,7088,1.454923,-0.0038400877,907264,7800.980787992477,7258112,0.01904496
0.00018260167,0.12011719,2202.57,16.36,0.8166071176528931,942,7089,1.4156815,-0.0037818784,907392,7802.067800283432,7259136,0.015748078
0.00028828165,0.1105957,2202.57,16.36,0.9007066413760185,931,7090,1.4248785,-0.003895008,907520,7803.168127775192,7260160,0.011351177
0.00022323796,0.12524414,2197.68,16.39,0.8331849426031113,891,7091,1.3851035,-0.0046068816,907648,7804.317175865173,7261184,0.019743187
0.00027663528,0.14331055,2197.68,16.39,0.814416915178299,963,7092,1.487735,-0.0036104769,907776,7805.38111782074,7262208,0.013229891
0.00026711647,0.14746094,2197.68,16.39,0.8397349566221237,958,7093,1.4303435,-0.0038034369,907904,7806.450331449509,7263232,0.014346574
0.00025933917,0.12182617,2197.68,16.39,0.7237889468669891,955,7094,1.4751626,-0.004191772,908032,7807.522461175919,7264256,0.019769583
0.00026004732,0.15161133,2197.68,16.39,0.8267920315265656,961,7095,1.4322588,-0.0043428447,908160,7808.587752580643,7265280,0.016025301
0.0002814473,0.13598633,2191.81,16.44,0.9069371670484543,907,7096,1.4333129,-0.005222657,908288,7809.716410636902,7266304,0.010145871
0.00030163964,0.12084961,2191.81,16.44,0.9140928462147713,902,7097,1.4868511,-0.0048138346,908416,7810.851482152939,7267328,0.008984121
0.00032079444,0.15209961,2191.81,16.44,0.7860021740198135,931,7098,1.4110733,-0.004367781,908544,7811.951199293137,7268352,0.024303976
0.00027473204,0.13256836,2191.81,16.44,0.885293684899807,936,7099,1.4055425,-0.0045445506,908672,7813.044838666916,7269376,0.0133745335
0.000317039,0.11621094,2191.81,16.44,0.7455197274684906,958,7100,1.4116633,-0.0039100973,908800,7814.114168405533,7270400,0.020252125
0.00044526797,0.17773438,2191.81,16.44,0.8014972507953644,981,7101,1.4630395,-0.0044299127,908928,7815.158412456512,7271424,0.0137923155
0.000412891,0.1430664,2185.24,16.5,0.8144303262233734,958,7102,1.352861,-0.004304637,909056,7816.227875947952,7272448,0.025717441
0.0002998063,0.15039062,2195.63,16.42,0.7941486090421677,937,7103,1.3839816,-0.004898098,909184,7817.320724487305,7273472,0.025212917
0.00037513184,0.16430664,2195.63,16.42,0.7266355156898499,958,7104,1.4271854,-0.003954266,909312,7818.389379024506,7274496,0.02652383
0.00020295446,0.12207031,2193.98,16.47,0.7337937653064728,947,7105,1.4417566,-0.0038801986,909440,7819.470828294754,7275520,0.024335366
0.00031095796,0.15527344,2198.56,16.45,0.873546302318573,933,7106,1.3674777,-0.0043427185,909568,7820.568865060806,7276544,0.014552152
0.00023850746,0.10424805,2190.74,16.5,0.7937425822019577,961,7107,1.4353787,-0.004563542,909696,7821.6350910663605,7277568,0.022950804
0.00018702986,0.10131836,2190.74,16.5,0.8435730785131454,962,7108,1.4478868,-0.003623681,909824,7822.69953751564,7278592,0.014611037
0.00023654739,0.10668945,2190.74,16.5,0.8512018173933029,975,7109,1.473373,-0.0040209694,909952,7823.750472784042,7279616,0.010605569
0.00030269346,0.15820312,2190.74,16.5,0.8839775994420052,966,7110,1.4668906,-0.003857716,910080,7824.811161279678,7280640,0.008516655
0.0003504033,0.14111328,2190.74,16.5,0.6805461347103119,965,7111,1.4600495,-0.003993134,910208,7825.872451066971,7281664,0.03140104
0.00018754553,0.10668945,2186.53,16.51,0.6556488275527954,909,7112,1.4344331,-0.003726522,910336,7826.999027729034,7282688,0.027349386
0.00030101964,0.15600586,2186.53,16.51,0.8749540895223618,978,7113,1.4128423,-0.0041844854,910464,7828.046369552612,7283712,0.016089812
0.000322675,0.12231445,2186.53,16.51,0.7827940136194229,973,7114,1.3971364,-0.0031983114,910592,7829.098813533783,7284736,0.033164103
0.00038045613,0.1706543,2186.53,16.51,0.7662983983755112,957,7115,1.4106282,-0.0047920216,910720,7830.168795347214,7285760,0.02378172
0.00025387952,0.13623047,2186.53,16.51,0.8762709051370621,969,7116,1.3790764,-0.004802569,910848,7831.225918769836,7286784,0.015380761
0.00026434858,0.15649414,2186.53,16.51,0.6021779477596283,960,7117,1.4391483,-0.004564822,910976,7832.292677402496,7287808,0.03516003
0.00035411818,0.13208008,2194.81,16.46,0.825773149728775,914,7118,1.335881,-0.0046823453,911104,7833.412693977356,7288832,0.025488941
0.00035693328,0.1550293,2191.48,16.51,0.7762577533721924,969,7119,1.3835775,-0.004342541,911232,7834.469499588013,7289856,0.02019241
0.0002915436,0.14160156,2189.29,16.54,0.8561024367809296,957,7120,1.3965043,-0.0044118445,911360,7835.539747238159,7290880,0.013906807
0.00033869248,0.18457031,2187.43,16.52,0.8368522375822067,916,7121,1.3643576,-0.0053166514,911488,7836.657624959946,7291904,0.021769196
0.00030357277,0.14282227,2187.43,16.52,0.6814293563365936,951,7122,1.3331718,-0.0045845252,911616,7837.7343854904175,7292928,0.045446455
0.00023358325,0.12939453,2187.43,16.52,0.845955565571785,963,7123,1.425312,-0.004001492,911744,7838.797736167908,7293952,0.016618073
0.00024440067,0.12475586,2188.23,16.49,0.8531112223863602,941,7124,1.416057,-0.0044563324,911872,7839.886168241501,7294976,0.013282066
0.00038099886,0.15625,2188.23,16.49,0.835239827632904,973,7125,1.3234955,-0.0043683103,912000,7840.939482688904,7296000,0.020065337
0.00025593437,0.10668945,2188.23,16.49,0.7009413838386536,965,7126,1.3876251,-0.0037678708,912128,7842.000945329666,7297024,0.038833663
0.00028193585,0.16796875,2188.23,16.49,0.7867006063461304,958,7127,1.4229064,-0.0045929197,912256,7843.069627523422,7298048,0.022373084
0.000246118,0.12524414,2188.23,16.49,0.8504917174577713,957,7128,1.4089797,-0.0042711706,912384,7844.139611721039,7299072,0.0175353
0.0003625416,0.15429688,2195.34,16.46,0.8172397166490555,902,7129,1.3512206,-0.004281702,912512,7845.274913072586,7300096,0.015224845
0.00024257747,0.12670898,2195.34,16.46,0.8026654571294785,963,7130,1.4089077,-0.0048908694,912640,7846.338550329208,7301120,0.021497093
0.00026896512,0.123046875,2195.34,16.46,0.7969620078802109,957,7131,1.3997347,-0.004298332,912768,7847.408747434616,7302144,0.01843338
0.0003106073,0.12670898,2195.34,16.46,0.7411607801914215,930,7132,1.3689669,-0.0046300692,912896,7848.509796857834,7303168,0.029740749
0.00019513833,0.103759766,2195.34,16.46,0.7910205274820328,907,7133,1.443031,-0.0039573964,913024,7849.639085292816,7304192,0.01791652
0.00024143566,0.12451172,2195.34,16.46,0.9046218395233154,957,7134,1.4739103,-0.0040935357,913152,7850.709332942963,7305216,0.010016215
0.00023019634,0.14501953,2195.34,16.46,0.8912167698144913,941,7135,1.4881166,-0.0039809854,913280,7851.797867059708,7306240,0.005869937
0.00022885049,0.11767578,2190.83,16.51,0.7777954041957855,922,7136,1.3672758,-0.003471945,913408,7852.909247159958,7307264,0.022620337
0.00038079658,0.1862793,2190.47,16.54,0.8493904173374176,920,7137,1.3983064,-0.004473623,913536,7854.022970914841,7308288,0.015874786
0.00018862235,0.09350586,2190.47,16.54,0.8258445709943771,969,7138,1.4629334,-0.0034684138,913664,7855.079677820206,7309312,0.018468546
0.00028001648,0.12866211,2188.71,16.59,0.7607189267873764,958,7139,1.4306971,-0.003612001,913792,7856.148906469345,7310336,0.021735854
0.00028393895,0.122802734,2188.71,16.59,0.8564770370721817,978,7140,1.4212298,-0.0039180913,913920,7857.196302890778,7311360,0.009831228
0.00034472172,0.13085938,2188.71,16.59,0.7607453465461731,975,7141,1.4888362,-0.0034071645,914048,7858.247081041336,7312384,0.022023808
0.0002442808,0.10107422,2189.41,16.57,0.879214808344841,929,7142,1.4172981,-0.0037687016,914176,7859.350009441376,7313408,0.011907988
0.00023310655,0.106933594,2189.41,16.57,0.8913127928972244,911,7143,1.4885957,-0.004289295,914304,7860.474118232727,7314432,0.008525003
0.0002967717,0.13647461,2189.41,16.57,0.8207119107246399,928,7144,1.4426688,-0.0040480215,914432,7861.577245473862,7315456,0.020211592
0.00024127633,0.13696289,2186.88,16.62,0.823270782828331,977,7145,1.3708761,-0.004738888,914560,7862.62567615509,7316480,0.023102816
0.00022846984,0.09667969,2186.88,16.62,0.7953559309244156,958,7146,1.4276199,-0.003831009,914688,7863.694309711456,7317504,0.023028424
0.0002884121,0.14331055,2189.62,16.61,0.687994122505188,960,7147,1.3922809,-0.0041924105,914816,7864.761264562607,7318528,0.034135446
0.00027624384,0.1328125,2189.62,16.61,0.779040738940239,949,7148,1.3232194,-0.004744701,914944,7865.840705871582,7319552,0.02713279
0.00022120995,0.12939453,2189.62,16.61,0.8323864191770554,928,7149,1.4265177,-0.0037663796,915072,7866.944721698761,7320576,0.021217145
0.00038869985,0.14672852,2189.62,16.61,0.8290988802909851,905,7150,1.3407366,-0.0045419633,915200,7868.077569723129,7321600,0.019934917
0.00031618163,0.1184082,2189.62,16.61,0.780678391456604,975,7151,1.4424686,-0.0044043073,915328,7869.127499341965,7322624,0.014769602
0.00024802506,0.1394043,2189.68,16.61,0.754786804318428,958,7152,1.3756971,-0.004331831,915456,7870.1967985630035,7323648,0.024650931
0.00024732528,0.16577148,2188.46,16.6,0.8427746146917343,945,7153,1.422546,-0.0043440773,915584,7871.280780315399,7324672,0.012631593
0.00032175452,0.13891602,2188.46,16.6,0.7938661724328995,954,7154,1.4037002,-0.0044833915,915712,7872.354835510254,7325696,0.026276134
0.00028318883,0.12036133,2188.46,16.6,0.8283492028713226,959,7155,1.4389255,-0.00511987,915840,7873.422857046127,7326720,0.01780219
0.00037920536,0.1665039,2186.08,16.61,0.887307733297348,946,7156,1.4416721,-0.005515876,915968,7874.505622625351,7327744,0.012779146
0.00029240208,0.15991211,2186.14,16.63,0.8657343089580536,954,7157,1.3814394,-0.005023546,916096,7875.578742980957,7328768,0.015715541
0.00024155066,0.1303711,2186.14,16.63,0.8165289163589478,968,7158,1.4130303,-0.0043738172,916224,7876.637300014496,7329792,0.017151272
0.00027878804,0.15771484,2186.14,16.63,0.8831380754709244,973,7159,1.3411019,-0.005325663,916352,7877.689378499985,7330816,0.013999669
0.00027351332,0.14428711,2186.14,16.63,0.7943321764469147,958,7160,1.3845006,-0.0050094705,916480,7878.759053945541,7331840,0.030187352
0.00024691678,0.12988281,2186.14,16.63,0.8883709385991096,969,7161,1.4285635,-0.0037232896,916608,7879.816031217575,7332864,0.0088962205
0.00022969712,0.11621094,2190.94,16.6,0.8896855190396309,887,7162,1.452149,-0.0038867744,916736,7880.970987319946,7333888,0.01057357
0.00025999575,0.11743164,2190.94,16.6,0.8958963304758072,934,7163,1.4423059,-0.0039060763,916864,7882.068013191223,7334912,0.009560569
0.00025778505,0.109375,2195.53,16.59,0.7454828917980194,942,7164,1.4723065,-0.0031874399,916992,7883.154806613922,7335936,0.01850482
0.00018783272,0.12158203,2195.53,16.59,0.8992309644818306,966,7165,1.4287844,-0.003753702,917120,7884.2146599292755,7336960,0.008622723
0.0002566038,0.15039062,2195.53,16.59,0.7540978789329529,964,7166,1.4441558,-0.0038662413,917248,7885.277411699295,7337984,0.025898274
0.00030656683,0.12963867,2203.07,16.56,0.7876759320497513,934,7167,1.4649915,-0.0032996212,917376,7886.374580144882,7339008,0.017486209
0.000317531,0.14135742,2196.98,16.6,0.8178720474243164,912,7168,1.3827318,-0.0038920743,917504,7887.497532367706,7340032,0.01875071
0.00029926645,0.15649414,2196.41,16.62,0.8270906656980515,955,7169,1.4461871,-0.005117856,917632,7888.570502996445,7341056,0.014815224
0.00021824308,0.11010742,2196.41,16.62,0.7847959399223328,990,7170,1.4266808,-0.003895794,917760,7889.604845762253,7342080,0.024595788
0.00025215297,0.12915039,2196.41,16.62,0.858849510550499,925,7171,1.4366182,-0.00424648,917888,7890.7116713523865,7343104,0.020861607
0.00025269343,0.1303711,2196.41,16.62,0.8148246854543686,961,7172,1.4756514,-0.004277882,918016,7891.777060031891,7344128,0.0152798975
0.0003054773,0.12817383,2196.41,16.62,0.9345692321658134,913,7173,1.4377123,-0.004357279,918144,7892.898740768433,7345152,0.008230526
0.00028989383,0.11450195,2199.89,16.58,0.9399511888623238,904,7174,1.4813806,-0.0048299828,918272,7894.031792163849,7346176,0.004358226
0.00045254143,0.09082031,2199.89,16.58,0.624275803565979,907,7175,1.3948917,-0.003131293,918400,7895.161229610443,7347200,0.04062399
0.00034810315,0.12768555,2199.89,16.58,0.8438128978013992,894,7176,1.4505268,-0.0034481182,918528,7896.306540727615,7348224,0.009878506
0.00026803205,0.12866211,2199.89,16.58,0.8401226103305817,966,7177,1.4633548,-0.0036613077,918656,7897.3670308589935,7349248,0.012885536
0.0002908482,0.12792969,2203.91,16.55,0.6811761856079102,955,7178,1.3931391,-0.004357687,918784,7898.439503908157,7350272,0.03058433
0.00027669882,0.15307617,2203.91,16.55,0.8462265282869339,974,7179,1.4758976,-0.0037512446,918912,7899.490597248077,7351296,0.011896744
0.0002498802,0.15625,2203.91,16.55,0.820419654250145,979,7180,1.4143522,-0.0042437823,919040,7900.537197828293,7352320,0.02146549
0.00019842807,0.099853516,2203.91,16.55,0.7252421081066132,982,7181,1.474435,-0.0031988104,919168,7901.579812288284,7353344,0.014183012
0.00023293615,0.14160156,2195.6,16.62,0.9492418467998505,947,7182,1.5091747,-0.004295334,919296,7902.661337852478,7354368,0.0032435474
0.0002133953,0.13085938,2195.6,16.62,0.940336313098669,974,7183,1.4527974,-0.005125984,919424,7903.7128212451935,7355392,0.005893825
0.000247022,0.13183594,2192.07,16.62,0.8572097569704056,952,7184,1.4764756,-0.004587607,919552,7904.7891726493835,7356416,0.011048207
0.00023339834,0.1328125,2197.17,16.59,0.915645569562912,967,7185,1.4356083,-0.0047203884,919680,7905.848491430283,7357440,0.007966509
0.00032866182,0.16894531,2197.17,16.59,0.8114313036203384,966,7186,1.4682376,-0.0041506346,919808,7906.909177541733,7358464,0.019425586
0.00029753477,0.15283203,2190.7,16.67,0.8315987586975098,949,7187,1.4703435,-0.0036756059,919936,7907.988414525986,7359488,0.017034786
0.0004010885,0.15063477,2183.71,16.71,0.7990504801273346,952,7188,1.4204191,-0.004116737,920064,7909.0646460056305,7360512,0.02231651
0.00025723662,0.14819336,2183.71,16.71,0.7396955490112305,982,7189,1.4661195,-0.004478142,920192,7910.107256412506,7361536,0.028205376
0.00031317846,0.16308594,2183.71,16.71,0.7460469305515289,957,7190,1.3613527,-0.0037095258,920320,7911.177942037582,7362560,0.03597991
0.00025529918,0.16015625,2183.71,16.71,0.8166977167129517,931,7191,1.4672534,-0.0044496446,920448,7912.278203487396,7363584,0.019268267
0.00019836148,0.1027832,2183.71,16.71,0.6645078361034393,912,7192,1.4097923,-0.0034274845,920576,7913.401701211929,7364608,0.04535424
0.00026628355,0.14404297,2183.71,16.71,0.8019278794527054,901,7193,1.421229,-0.0034603523,920704,7914.537877559662,7365632,0.021709926
0.00023677747,0.13574219,2183.71,16.71,0.8626135140657425,966,7194,1.4933894,-0.004217455,920832,7915.598103761673,7366656,0.014576695
0.00028235762,0.14624023,2183.71,16.71,0.8664629012346268,975,7195,1.441066,-0.0040670508,920960,7916.648493528366,7367680,0.012525173
0.00022347439,0.14013672,2183.71,16.71,0.8710684776306152,974,7196,1.4391756,-0.004144769,921088,7917.699763298035,7368704,0.018893428
0.00017331482,0.09667969,2187.58,16.66,0.7859630286693573,960,7197,1.4194256,-0.0041193254,921216,7918.766045808792,7369728,0.024350448
0.0002822545,0.1274414,2188.17,16.64,0.8538796752691269,949,7198,1.3620548,-0.004407078,921344,7919.845438241959,7370752,0.024183953
0.00028822402,0.1652832,2187.6,16.65,0.6751240789890289,956,7199,1.4430243,-0.0041195187,921472,7920.916956663132,7371776,0.033820525
0.00031838712,0.13232422,2187.6,16.65,0.8114783763885498,975,7200,1.3665425,-0.004041248,921600,7921.967444181442,7372800,0.023407297
0.00030435485,0.12890625,2186.91,16.66,0.8498095273971558,935,7201,1.4039387,-0.0041915835,921728,7923.062654256821,7373824,0.015439213
0.00023924993,0.13208008,2188.69,16.62,0.7288485765457153,918,7202,1.4277372,-0.0044228635,921856,7924.178643465042,7374848,0.023785427
0.00029318174,0.14575195,2188.69,16.62,0.8080870360136032,973,7203,1.3788865,-0.004468113,921984,7925.231242179871,7375872,0.024404744
0.00026987173,0.1159668,2188.69,16.62,0.7947000116109848,968,7204,1.4510951,-0.004157706,922112,7926.289307832718,7376896,0.017857142
0.00024645153,0.15429688,2188.69,16.62,0.9008480161428452,960,7205,1.4257257,-0.0048196483,922240,7927.3557806015015,7377920,0.010550345
0.0002937893,0.15454102,2188.69,16.62,0.8419540822505951,955,7206,1.4122857,-0.003976822,922368,7928.428553819656,7378944,0.018143395
0.00026505764,0.15405273,2191.95,16.6,0.7957355827093124,954,7207,1.4093443,-0.004799727,922496,7929.501991271973,7379968,0.022897042
0.00021974806,0.1394043,2191.42,16.64,0.853275254368782,961,7208,1.4219459,-0.0046658125,922624,7930.568177461624,7380992,0.017238863
0.0002661913,0.1274414,2191.42,16.64,0.7754671424627304,978,7209,1.3447182,-0.0040584495,922752,7931.615688800812,7382016,0.031236816
0.00023650064,0.13232422,2191.42,16.64,0.7747895121574402,972,7210,1.3987601,-0.004234887,922880,7932.670079231262,7383040,0.017716363
0.00017253449,0.13061523,2191.42,16.64,0.7568599581718445,935,7211,1.4948772,-0.003976141,923008,7933.7656219005585,7384064,0.013801643
0.00023930724,0.13110352,2191.42,16.64,0.8535321205854416,950,7212,1.4781048,-0.0036733923,923136,7934.843807220459,7385088,0.00968563
0.00021251068,0.10913086,2191.42,16.64,0.8676356226205826,970,7213,1.4668064,-0.0037204067,923264,7935.899739980698,7386112,0.01017712
0.0002481496,0.13769531,2191.42,16.64,0.7959713935852051,968,7214,1.445095,-0.0041207224,923392,7936.95835351944,7387136,0.02174971
0.00034155656,0.18359375,2192.23,16.64,0.8469300717115402,960,7215,1.4477258,-0.0036336035,923520,7938.025664329529,7388160,0.017287966
0.00030845212,0.13134766,2190.66,16.63,0.833031952381134,952,7216,1.4598988,-0.0039362703,923648,7939.101266384125,7389184,0.013297242
0.00031029523,0.12573242,2189.97,16.64,0.860979288816452,952,7217,1.3893684,-0.003963797,923776,7940.176762342453,7390208,0.017547442
0.00023830516,0.11645508,2193.45,16.63,0.7538321614265442,963,7218,1.3555566,-0.0035404759,923904,7941.2400443553925,7391232,0.020712046
0.00030250754,0.13671875,2194.59,16.61,0.7936443984508514,955,7219,1.425181,-0.0040317364,924032,7942.312384605408,7392256,0.018037459
0.00026484212,0.17895508,2194.59,16.61,0.9246973097324371,920,7220,1.4746548,-0.0039281393,924160,7943.4257736206055,7393280,0.0072457246
0.00025522415,0.14501953,2194.59,16.61,0.8531449288129807,914,7221,1.3823619,-0.003903236,924288,7944.546619415283,7394304,0.017731586
0.00019333338,0.12231445,2194.59,16.61,0.8862738758325577,909,7222,1.4742738,-0.0041216603,924416,7945.67294216156,7395328,0.011040504
0.00028456972,0.16040039,2194.59,16.61,0.834319218993187,978,7223,1.344684,-0.0043607373,924544,7946.720582723618,7396352,0.024813984
0.0002969914,0.15136719,2199.18,16.59,0.7873681336641312,916,7224,1.3848863,-0.0042833537,924672,7947.838853120804,7397376,0.022154259
0.00022253937,0.123535156,2199.18,16.59,0.882273867726326,939,7225,1.4445376,-0.0050263107,924800,7948.929487228394,7398400,0.013098141
0.00030198798,0.14233398,2199.18,16.59,0.7981608659029007,892,7226,1.3991138,-0.004545352,924928,7950.0777196884155,7399424,0.024869565
0.00019964496,0.13452148,2199.18,16.59,0.7227581143379211,905,7227,1.4495857,-0.0037703624,925056,7951.209443330765,7400448,0.0219817
0.00028446177,0.13354492,2194.52,16.63,0.815646156668663,929,7228,1.3732315,-0.003959395,925184,7952.312343120575,7401472,0.012573957
0.00022227336,0.13061523,2194.52,16.63,0.7519137114286423,924,7229,1.3534899,-0.004388606,925312,7953.420585155487,7402496,0.031843487
0.000309794,0.14282227,2194.52,16.63,0.8968117162585258,903,7230,1.4701587,-0.0039016216,925440,7954.555092096329,7403520,0.0056150584
0.00025719168,0.16210938,2194.75,16.62,0.9054518714547157,929,7231,1.455049,-0.0037445351,925568,7955.65785241127,7404544,0.009029267
0.0002881734,0.15527344,2194.75,16.62,0.7117041349411011,937,7232,1.4131966,-0.004478497,925696,7956.751458406448,7405568,0.027084956
0.00026793283,0.15258789,2193.74,16.64,0.8368454426527023,926,7233,1.3538626,-0.0040385257,925824,7957.856947660446,7406592,0.02201568
0.00026413458,0.13867188,2197.3,16.62,0.8887348473072052,942,7234,1.4295397,-0.0046060653,925952,7958.944080114365,7407616,0.010742154
0.0003071056,0.1628418,2196.88,16.62,0.7782909870147705,973,7235,1.4588165,-0.003914917,926080,7959.997333049774,7408640,0.021302419
0.00020938678,0.1381836,2196.88,16.62,0.7642745077610016,974,7236,1.4150244,-0.0044576135,926208,7961.049003362656,7409664,0.026379885
0.00017779943,0.11401367,2196.88,16.62,0.9191240072250366,970,7237,1.4365407,-0.004581927,926336,7962.105127811432,7410688,0.0042130207
0.00021444866,0.13745117,2196.88,16.62,0.8415113240480423,979,7238,1.4607857,-0.0043257657,926464,7963.151133775711,7411712,0.016018048
0.00023137181,0.1328125,2198.12,16.6,0.8410704284906387,938,7239,1.4005616,-0.0045542456,926592,7964.243523597717,7412736,0.016004404
0.00018703802,0.122802734,2198.12,16.6,0.7421250343322754,959,7240,1.3951072,-0.003925699,926720,7965.310963630676,7413760,0.024544194
0.00025504106,0.16503906,2198.12,16.6,0.7804965525865555,957,7241,1.3899156,-0.004065261,926848,7966.381562709808,7414784,0.0269479
0.00026889698,0.14355469,2201.76,16.56,0.6967894434928894,951,7242,1.366291,-0.0039175027,926976,7967.458735466003,7415808,0.027397314
0.0002055814,0.12890625,2201.08,16.57,0.6995873153209686,944,7243,1.4249823,-0.0038142758,927104,7968.543864488602,7416832,0.022575283
0.00035113055,0.1394043,2201.08,16.57,0.7258937954902649,971,7244,1.4107487,-0.0032565955,927232,7969.598741769791,7417856,0.031402882
0.0003699413,0.12548828,2201.08,16.57,0.7839300483465195,970,7245,1.437317,-0.002376977,927360,7970.655138254166,7418880,0.01339791
0.00019842997,0.115722656,2201.08,16.57,0.8030189573764801,976,7246,1.4278002,-0.0032151733,927488,7971.7047510147095,7419904,0.02151579
0.00021861642,0.12011719,2201.08,16.57,0.811079129576683,950,7247,1.4159919,-0.0040945923,927616,7972.783019781113,7420928,0.015245277
0.00030164534,0.15600586,2199.29,16.56,0.8614323288202286,943,7248,1.41684,-0.0042385887,927744,7973.869028329849,7421952,0.012953768
0.00024325194,0.11669922,2199.29,16.56,0.9150645434856415,944,7249,1.4684026,-0.004457832,927872,7974.954362154007,7422976,0.0058297445
0.00024852465,0.15625,2194.74,16.59,0.7299061417579651,939,7250,1.3818784,-0.004402628,928000,7976.045284986496,7424000,0.035632003
0.0003199289,0.14550781,2194.74,16.59,0.749606728553772,957,7251,1.4066736,-0.0038168465,928128,7977.115547180176,7425024,0.027464796
0.00034464724,0.16479492,2194.74,16.59,0.7852118462324142,958,7252,1.4146402,-0.0041900724,928256,7978.184516429901,7426048,0.027060058
0.00022845122,0.13110352,2194.74,16.59,0.870755210518837,954,7253,1.4649854,-0.003538219,928384,7979.258093118668,7427072,0.0094094705
0.00018748426,0.12719727,2194.74,16.59,0.8189415335655212,910,7254,1.4197603,-0.0038933635,928512,7980.3837015628815,7428096,0.017133383
0.00020247039,0.15283203,2194.74,16.59,0.822289377450943,896,7255,1.4360464,-0.0036890302,928640,7981.526613950729,7429120,0.016236888
0.0002919819,0.12646484,2196.36,16.56,0.7656951248645782,950,7256,1.3806074,-0.0040364405,928768,7982.604906320572,7430144,0.026133532
0.00033196918,0.15283203,2196.36,16.56,0.7605118006467819,967,7257,1.3751084,-0.004446519,928896,7983.663589000702,7431168,0.027461149
0.00022419746,0.12207031,2196.69,16.56,0.8021634221076965,965,7258,1.3407036,-0.004192575,929024,7984.725331783295,7432192,0.030148914
0.0002578569,0.1315918,2194.03,16.59,0.8769856616854668,955,7259,1.4436369,-0.00409532,929152,7985.797726392746,7433216,0.009833414
0.0003053334,0.14086914,2195.4,16.55,0.9209185391664505,973,7260,1.4676801,-0.0043268306,929280,7986.850661039352,7434240,0.0056667225
0.00021680421,0.16552734,2195.4,16.55,0.764888197183609,968,7261,1.4399484,-0.0040399116,929408,7987.90830206871,7435264,0.024780713
0.00033083354,0.16259766,2192.52,16.58,0.8258319199085236,967,7262,1.3733037,-0.0042642187,929536,7988.96764755249,7436288,0.014742337
0.0003085111,0.11791992,2192.52,16.58,0.6003768444061279,967,7263,1.3978764,-0.004092655,929664,7990.027262926102,7437312,0.039214425
0.0003806092,0.14086914,2193.29,16.57,0.8459435999393463,959,7264,1.396277,-0.004115906,929792,7991.094787120819,7438336,0.01683189
0.00025267393,0.14648438,2188.11,16.62,0.863597646355629,965,7265,1.4261342,-0.0044590426,929920,7992.156242609024,7439360,0.014109324
0.00024035768,0.12988281,2188.11,16.62,0.7666877955198288,974,7266,1.4148154,-0.0035603922,930048,7993.207577943802,7440384,0.020695904
0.000312523,0.1381836,2188.11,16.62,0.7988997846841812,960,7267,1.3698127,-0.0037481948,930176,7994.274759531021,7441408,0.02021769
0.00025091937,0.1105957,2188.11,16.62,0.7881896495819092,973,7268,1.4552255,-0.0031446237,930304,7995.327852010727,7442432,0.018364178
0.00017402311,0.10839844,2188.11,16.62,0.9011183455586433,952,7269,1.4640771,-0.0031756246,930432,7996.403842687607,7443456,0.008541435
0.00020451809,0.12988281,2188.11,16.62,0.8008779883384705,953,7270,1.4155303,-0.0034091577,930560,7997.479343414307,7444480,0.016766692
0.00037729516,0.16430664,2188.11,16.62,0.7961796224117279,953,7271,1.4279547,-0.0036955697,930688,7998.553829193115,7445504,0.022905009
0.0002958371,0.16601562,2181.61,16.7,0.9227002412080765,934,7272,1.467703,-0.005027959,930816,7999.6506960392,7446528,0.007957769
0.00027142846,0.16113281,2189.5,16.64,0.7697538435459137,922,7273,1.3709749,-0.0047110426,930944,8000.761029481888,7447552,0.02910878
0.0002619671,0.12207031,2187.52,16.68,0.7654888927936554,950,7274,1.3233222,-0.004278742,931072,8001.838974475861,7448576,0.030339638
0.00048477043,0.16821289,2187.52,16.68,0.755243644118309,915,7275,1.3372967,-0.004228744,931200,8002.958558320999,7449600,0.031249732
0.00031494212,0.13085938,2187.52,16.68,0.8005754053592682,922,7276,1.4088988,-0.0045515746,931328,8004.069158315659,7450624,0.027204782
0.00023361525,0.13085938,2187.52,16.68,0.8871771767735481,902,7277,1.4032515,-0.0044777645,931456,8005.204402685165,7451648,0.012079257
0.0003415211,0.15625,2187.52,16.68,0.7405465543270111,975,7278,1.4108969,-0.0044012307,931584,8006.25520658493,7452672,0.029557401
0.00027355703,0.16137695,2189.94,16.64,0.8466677218675613,964,7279,1.3899826,-0.004633654,931712,8007.318162441254,7453696,0.018471668
0.0002405236,0.13647461,2184.64,16.68,0.8944068625569344,950,7280,1.4259048,-0.004500509,931840,8008.396213293076,7454720,0.010161931
0.00044761557,0.15136719,2184.64,16.68,0.7769766449928284,918,7281,1.4209727,-0.0045230933,931968,8009.511754989624,7455744,0.022322103
0.00027928615,0.15039062,2184.64,16.68,0.7788606733083725,918,7282,1.4240361,-0.0040726955,932096,8010.627503871918,7456768,0.023951564
0.00023711375,0.1303711,2184.83,16.68,0.8275410234928131,957,7283,1.4064792,-0.0038975237,932224,8011.697203397751,7457792,0.022404859
0.00025250588,0.10449219,2184.83,16.68,0.7894936054944992,962,7284,1.361573,-0.0036050645,932352,8012.7622191905975,7458816,0.02119926
0.00024203188,0.13549805,2191.25,16.64,0.8151421248912811,895,7285,1.4564451,-0.004342938,932480,8013.906427383423,7459840,0.017915638
0.00027587035,0.125,2191.25,16.64,0.851219892501831,942,7286,1.4450014,-0.0046919836,932608,8014.993558883667,7460864,0.015764369
0.00017946621,0.12988281,2191.25,16.64,0.8285627216100693,947,7287,1.4514626,-0.0035129725,932736,8016.075540304184,7461888,0.012226235
0.00040188796,0.13256836,2191.25,16.64,0.8301762342453003,906,7288,1.442783,-0.004027353,932864,8017.205889225006,7462912,0.016041663
0.0002922709,0.18652344,2191.25,16.64,0.9077411442995071,904,7289,1.4615968,-0.0039499835,932992,8018.338443040848,7463936,0.007995809
0.000270736,0.17871094,2191.25,16.64,0.8508254289627075,957,7290,1.4162853,-0.0037291378,933120,8019.408412694931,7464960,0.013797394
0.00023552522,0.13745117,2186.69,16.64,0.8844751343131065,878,7291,1.3757031,-0.003987236,933248,8020.57479095459,7465984,0.014333328
0.00023582822,0.1340332,2189.58,16.64,0.836410254240036,889,7292,1.4329194,-0.004315801,933376,8021.726725578308,7467008,0.017439937
0.00028500674,0.13793945,2189.58,16.64,0.6912078559398651,967,7293,1.3770822,-0.004613854,933504,8022.7861404418945,7468032,0.04268697
0.00022408327,0.12792969,2189.58,16.64,0.7628553062677383,975,7294,1.4596274,-0.003933777,933632,8023.836856842041,7469056,0.029801963
0.00032579876,0.16333008,2195.07,16.6,0.8455536663532257,936,7295,1.420464,-0.0042140894,933760,8024.931493520737,7470080,0.020497225
0.00028782868,0.140625,2194.34,16.62,0.8205373883247375,915,7296,1.4416562,-0.0042596753,933888,8026.051098108292,7471104,0.015145244
0.0002665639,0.10498047,2188.31,16.67,0.8007457405328751,910,7297,1.4338961,-0.0033086883,934016,8027.176781415939,7472128,0.023117036
0.00023836,0.15844727,2188.33,16.66,0.8858150169253349,910,7298,1.4097801,-0.0040643592,934144,8028.302683591843,7473152,0.009357996
0.0002760784,0.15307617,2188.33,16.66,0.7647335231304169,964,7299,1.4438536,-0.0035700672,934272,8029.365429639816,7474176,0.02316727
0.0001955193,0.14208984,2183.97,16.71,0.8100939393043518,962,7300,1.4377403,-0.0042092092,934400,8030.429862499237,7475200,0.020557858
0.00022645592,0.10864258,2183.97,16.71,0.9378193095326424,980,7301,1.4207095,-0.0040324107,934528,8031.475400209427,7476224,0.0066906586
0.00024576095,0.1352539,2183.97,16.71,0.8364784866571426,970,7302,1.5037479,-0.003320709,934656,8032.531776189804,7477248,0.014519724
0.00024141296,0.18383789,2183.97,16.71,0.8463963121175766,955,7303,1.4557914,-0.0041045556,934784,8033.60399055481,7478272,0.011297684
0.00020523509,0.15600586,2183.97,16.71,0.8056020587682724,960,7304,1.4414353,-0.004484255,934912,8034.671419143677,7479296,0.023169732
0.00028793237,0.11010742,2183.97,16.71,0.8542073518037796,960,7305,1.4603512,-0.0034501064,935040,8035.738126516342,7480320,0.01527432
0.00020563288,0.13427734,2183.03,16.68,0.8246159255504608,949,7306,1.4165788,-0.0039931308,935168,8036.817306280136,7481344,0.015612601
0.0002935958,0.16308594,2183.03,16.68,0.904432438313961,915,7307,1.4488231,-0.003981927,935296,8037.936334133148,7482368,0.010510097
0.00024952466,0.14672852,2183.03,16.68,0.8381708860397339,932,7308,1.3992386,-0.0029409504,935424,8039.03487944603,7483392,0.020281611
0.00031631222,0.1743164,2187.1,16.64,0.7767110019922256,927,7309,1.4358004,-0.004241406,935552,8040.139278411865,7484416,0.019186199
0.00026059756,0.14550781,2187.1,16.64,0.8638889789581299,948,7310,1.4117004,-0.004662053,935680,8041.220084428787,7485440,0.020736562
0.00016086831,0.10595703,2189.09,16.63,0.8463035672903061,899,7311,1.4568365,-0.0033667479,935808,8042.358723640442,7486464,0.015417199
0.00014979811,0.09399414,2189.09,16.63,0.7969341427087784,930,7312,1.4561083,-0.0035246674,935936,8043.459969520569,7487488,0.020078497
0.00022407736,0.1586914,2189.21,16.61,0.7219775915145874,936,7313,1.4254738,-0.0041789715,936064,8044.554415941238,7488512,0.025204891
0.0002703114,0.14233398,2187.26,16.6,0.7690884619951248,947,7314,1.357059,-0.0040849373,936192,8045.635877609253,7489536,0.023839395
0.00026687986,0.1352539,2187.26,16.6,0.8445373326539993,966,7315,1.37734,-0.003937963,936320,8046.696370124817,7490560,0.018667147
0.00021881194,0.12890625,2183.0,16.61,0.8513671457767487,958,7316,1.367951,-0.004016008,936448,8047.76597070694,7491584,0.015652446
0.0002277181,0.12109375,2183.0,16.61,0.8445579409599304,964,7317,1.4474213,-0.0043629804,936576,8048.82811498642,7492608,0.019808307
0.00023278194,0.14428711,2183.0,16.61,0.8120959401130676,973,7318,1.4664421,-0.0034006063,936704,8049.880393028259,7493632,0.014845936
0.00015738858,0.111816406,2183.0,16.61,0.7296291887760162,964,7319,1.4173278,-0.0031530822,936832,8050.942635297775,7494656,0.024430243
0.0002751779,0.1508789,2183.0,16.61,0.854003831744194,946,7320,1.4408543,-0.003875148,936960,8052.025062084198,7495680,0.017579116
0.00027109263,0.13110352,2180.76,16.62,0.8130906820297241,933,7321,1.3945236,-0.0044128923,937088,8053.122267961502,7496704,0.025848482
0.00022629963,0.12402344,2180.76,16.62,0.7723544239997864,975,7322,1.3647134,-0.0043051844,937216,8054.173233509064,7497728,0.026646717
0.00022065637,0.16479492,2180.76,16.62,0.8906902149319649,974,7323,1.498325,-0.0042646434,937344,8055.224938154221,7498752,0.00637162
0.00018119441,0.12084961,2180.76,16.62,0.9005765691399574,959,7324,1.412774,-0.0034479813,937472,8056.292378664017,7499776,0.009491834
0.00024396999,0.14990234,2185.27,16.61,0.8049731403589249,922,7325,1.4854435,-0.0038572375,937600,8057.402790784836,7500800,0.016636092
0.0002265665,0.122802734,2185.76,16.63,0.8681264072656631,934,7326,1.4157249,-0.0037910421,937728,8058.49954366684,7501824,0.015565403
0.00019528912,0.09863281,2185.76,16.63,0.8317380100488663,952,7327,1.3976971,-0.003752005,937856,8059.575773477554,7502848,0.021558389
0.00017545771,0.11816406,2178.08,16.68,0.8047727942466736,953,7328,1.4448975,-0.003605399,937984,8060.650373220444,7503872,0.02172361
0.0002313529,0.13671875,2178.08,16.68,0.8443642556667328,960,7329,1.3449938,-0.003739211,938112,8061.716971874237,7504896,0.017121054
0.00025843663,0.13793945,2179.2,16.62,0.8204970061779022,957,7330,1.4326507,-0.0039142314,938240,8062.787433385849,7505920,0.017317459
0.00026867766,0.16235352,2173.03,16.7,0.7670261263847351,960,7331,1.3784233,-0.004090074,938368,8063.854852199554,7506944,0.028969372
0.0002419069,0.14257812,2173.03,16.7,0.7780115753412247,968,7332,1.383214,-0.0040465156,938496,8064.913025856018,7507968,0.027398065
0.00025037973,0.13354492,2173.03,16.7,0.817613497376442,964,7333,1.4241877,-0.003888452,938624,8065.975951910019,7508992,0.022336459
0.00023768871,0.14794922,2173.03,16.7,0.8302927613258362,975,7334,1.415932,-0.004356635,938752,8067.026142120361,7510016,0.019177515
0.0002504299,0.13452148,2173.03,16.7,0.8608691394329071,958,7335,1.4016713,-0.003513448,938880,8068.095020771027,7511040,0.014036559
0.00021895627,0.1730957,2173.03,16.7,0.8881064504384995,914,7336,1.490735,-0.0043185214,939008,8069.21585392952,7512064,0.005391486
0.00037248986,0.1574707,2173.03,16.7,0.7882486283779144,898,7337,1.3974442,-0.0036645653,939136,8070.356791496277,7513088,0.03122292
0.00022521031,0.12036133,2182.67,16.61,0.8027848899364471,904,7338,1.3983186,-0.0038541271,939264,8071.489768505096,7514112,0.027488273
0.00018728779,0.12670898,2182.67,16.61,0.798628643155098,967,7339,1.3931764,-0.0040170923,939392,8072.548824310303,7515136,0.02244853
0.00021170382,0.12060547,2183.61,16.61,0.7938998490571976,911,7340,1.4202027,-0.0040173735,939520,8073.672821521759,7516160,0.02046595
0.00020454105,0.13696289,2183.61,16.61,0.7409969568252563,967,7341,1.3912432,-0.00407672,939648,8074.732434272766,7517184,0.038567096
0.00023448301,0.14916992,2183.61,16.61,0.7984188050031662,966,7342,1.390874,-0.0041771564,939776,8075.792971134186,7518208,0.027343472
0.0003176793,0.14355469,2183.61,16.61,0.8026605844497681,968,7343,1.3898606,-0.0033674305,939904,8076.850978374481,7519232,0.029909952
0.000157259,0.1105957,2185.53,16.58,0.8487785905599594,956,7344,1.4254608,-0.0035810866,940032,8077.9217648506165,7520256,0.018020326
0.0002429477,0.122802734,2179.88,16.62,0.7995134443044662,948,7345,1.3943404,-0.003712011,940160,8079.002130031586,7521280,0.025849715
0.00021202651,0.12695312,2182.07,16.61,0.8343534469604492,947,7346,1.4315586,-0.0037445365,940288,8080.083270788193,7522304,0.017754491
0.00021384709,0.123535156,2180.27,16.6,0.9078454673290253,938,7347,1.448987,-0.0032295496,940416,8081.174592256546,7523328,0.009195323
0.00021823468,0.13061523,2180.27,16.6,0.8262869566679001,962,7348,1.4226981,-0.003927258,940544,8082.239614248276,7524352,0.017281113
0.00020532144,0.15063477,2180.27,16.6,0.8593324720859528,929,7349,1.4682482,-0.0045387903,940672,8083.341968297958,7525376,0.0145071
0.000228349,0.12841797,2182.33,16.55,0.7734156548976898,898,7350,1.3914866,-0.004573739,940800,8084.48291182518,7526400,0.035323314
0.00023802216,0.12841797,2182.33,16.55,0.8290286362171173,955,7351,1.3963515,-0.003984281,940928,8085.55494260788,7527424,0.021983767
0.0002190767,0.1303711,2182.33,16.55,0.7827442586421967,898,7352,1.3955405,-0.0040376023,941056,8086.695060253143,7528448,0.022676997
0.00024117097,0.13793945,2182.33,16.55,0.8565409332513809,959,7353,1.4532076,-0.0037705742,941184,8087.763561010361,7529472,0.014391946
0.0001894219,0.13916016,2182.33,16.55,0.845476508140564,972,7354,1.447531,-0.0040095453,941312,8088.817250728607,7530496,0.018497726
0.0003200883,0.14648438,2182.33,16.55,0.8161799013614655,959,7355,1.3820198,-0.0044019124,941440,8089.885040044785,7531520,0.021474693
0.00025922008,0.13452148,2182.33,16.55,0.7954295128583908,978,7356,1.4528215,-0.0040660026,941568,8090.931994199753,7532544,0.023511682
0.00023440768,0.14453125,2182.33,16.55,0.8148131966590881,978,7357,1.4337691,-0.0041765254,941696,8091.979048490524,7533568,0.025367655
0.0003031002,0.15429688,2184.41,16.52,0.8660064935684204,968,7358,1.3959477,-0.0041985996,941824,8093.037139415741,7534592,0.018560618
0.00019098532,0.09838867,2181.14,16.55,0.7881240993738174,959,7359,1.3938966,-0.00388727,941952,8094.105447769165,7535616,0.027481085
0.00018200028,0.12792969,2186.32,16.49,0.830001100897789,909,7360,1.4967729,-0.003885837,942080,8095.232316970825,7536640,0.017665273
0.00023333041,0.15893555,2183.58,16.51,0.8673047870397568,947,7361,1.4438212,-0.0043210424,942208,8096.314214468002,7537664,0.012918707
0.00030815438,0.11743164,2183.58,16.51,0.7806080132722855,905,7362,1.4717,-0.0032345252,942336,8097.445750713348,7538688,0.018399142
0.00030264768,0.17529297,2186.64,16.48,0.8373630344867706,914,7363,1.4304436,-0.004657749,942464,8098.5663096904755,7539712,0.022887925
0.00024095245,0.13476562,2186.64,16.48,0.8487411588430405,965,7364,1.4387848,-0.004156883,942592,8099.62787938118,7540736,0.019943342
0.00025979505,0.14257812,2186.64,16.48,0.8508345782756805,970,7365,1.3974432,-0.0043783784,942720,8100.6845717430115,7541760,0.01716392
0.00018441147,0.123535156,2186.64,16.48,0.6910935938358307,958,7366,1.4684244,-0.0039540683,942848,8101.754182338715,7542784,0.024073487
0.00019208252,0.12792969,2186.64,16.48,0.8876282274723053,966,7367,1.4326673,-0.0038220535,942976,8102.814813375473,7543808,0.011053448
0.00019290255,0.13720703,2186.64,16.48,0.7792422920465469,971,7368,1.4583945,-0.0038343486,943104,8103.869532108307,7544832,0.021247454
0.00024691445,0.11450195,2186.64,16.48,0.7730788588523865,972,7369,1.4102992,-0.0033663486,943232,8104.923068284988,7545856,0.029072646
0.00016688819,0.09008789,2186.64,16.48,0.7853127866983414,989,7370,1.4880539,-0.0028388752,943360,8105.958830356598,7546880,0.017984236
0.00026071392,0.15771484,2186.64,16.48,0.7907351702451706,979,7371,1.377035,-0.004079746,943488,8107.00491976738,7547904,0.023708932
0.00039613788,0.14892578,2182.13,16.52,0.8177155405282974,935,7372,1.4344819,-0.0035538473,943616,8108.1004955768585,7548928,0.017062882
0.00019056744,0.13134766,2182.13,16.52,0.8694647550582886,1001,7373,1.4867206,-0.0037517021,943744,8109.122808456421,7549952,0.013953423
0.00016541139,0.122558594,2183.91,16.49,0.8552647978067398,942,7374,1.4621866,-0.0035263177,943872,8110.210228443146,7550976,0.015854793
0.00019424377,0.1184082,2183.91,16.49,0.7622517049312592,976,7375,1.4462103,-0.004433122,944000,8111.259526729584,7552000,0.022646204
0.00024106799,0.1538086,2183.91,16.49,0.8085740208625793,965,7376,1.4309183,-0.0039808047,944128,8112.3212378025055,7553024,0.02299526
0.0002311941,0.12426758,2180.62,16.48,0.8455653041601181,956,7377,1.4088457,-0.0041346233,944256,8113.3928565979,7554048,0.019649263
0.00019109098,0.14501953,2180.62,16.48,0.7770457863807678,973,7378,1.4490472,-0.00412283,944384,8114.445826053619,7555072,0.022815239
0.00020874363,0.10253906,2174.75,16.53,0.7942287176847458,967,7379,1.4416867,-0.0036940523,944512,8115.505245447159,7556096,0.022040272
0.00021660386,0.115234375,2178.61,16.49,0.9346126839518547,965,7380,1.4742099,-0.0044231107,944640,8116.566566705704,7557120,0.0073555093
0.0002759399,0.17041016,2183.21,16.48,0.6746107041835785,919,7381,1.4134485,-0.0038682974,944768,8117.680574178696,7558144,0.032283545
0.00028548273,0.14648438,2183.21,16.48,0.882143184542656,957,7382,1.3837285,-0.0047431714,944896,8118.750789880753,7559168,0.016212542
0.00026034887,0.15844727,2183.21,16.48,0.7843582779169083,964,7383,1.4516444,-0.0038606422,945024,8119.813375711441,7560192,0.018661804
0.00021315199,0.12060547,2183.21,16.48,0.7773863673210144,960,7384,1.4104183,-0.0038122763,945152,8120.880272388458,7561216,0.03217955
0.00018510017,0.13574219,2183.21,16.48,0.8703841716051102,981,7385,1.4694306,-0.003830397,945280,8121.924147129059,7562240,0.015076379
0.00026726827,0.17333984,2183.21,16.48,0.8090406656265259,968,7386,1.443695,-0.0038670741,945408,8122.982199907303,7563264,0.019678032
0.00033860237,0.16601562,2183.21,16.48,0.8200985640287399,975,7387,1.4096762,-0.0039126812,945536,8124.032680034637,7564288,0.022610353
0.0002608314,0.15991211,2181.0,16.48,0.7609241753816605,972,7388,1.4327161,-0.0037623676,945664,8125.086642026901,7565312,0.023581685
0.0002101882,0.1394043,2181.0,16.48,0.8522066026926041,974,7389,1.4047328,-0.003880939,945792,8126.138712882996,7566336,0.01814685
0.0001879598,0.115478516,2181.0,16.48,0.7941969037055969,931,7390,1.4536663,-0.0037464213,945920,8127.239150524139,7567360,0.019803513
0.0002742639,0.140625,2181.0,16.48,0.8250656425952911,964,7391,1.475427,-0.0038705138,946048,8128.301255464554,7568384,0.021523334
0.00024215065,0.13378906,2181.0,16.48,0.8852032124996185,963,7392,1.4484804,-0.004372753,946176,8129.365167617798,7569408,0.010650714
0.00017352763,0.12548828,2181.0,16.48,0.8622112572193146,974,7393,1.469921,-0.0041663307,946304,8130.417204618454,7570432,0.010458309
0.00022794232,0.13085938,2192.18,16.39,0.8425430059432983,927,7394,1.3635118,-0.003941337,946432,8131.521570920944,7571456,0.016400618
0.00022266821,0.13867188,2192.18,16.39,0.8977820053696632,980,7395,1.4379122,-0.0040244916,946560,8132.566524028778,7572480,0.010649327
0.00017719358,0.12719727,2194.78,16.36,0.8980959057807922,936,7396,1.4525086,-0.0037810977,946688,8133.660710573196,7573504,0.010666259
0.00023419509,0.16064453,2192.53,16.4,0.8840224221348763,949,7397,1.4153905,-0.004094267,946816,8134.739547252655,7574528,0.012478104
0.00022906992,0.118652344,2195.28,16.39,0.9075708836317062,945,7398,1.4067411,-0.0040956577,946944,8135.822870254517,7575552,0.012464483
0.00020204512,0.13110352,2195.28,16.39,0.9114479422569275,984,7399,1.4474096,-0.00378556,947072,8136.863513946533,7576576,0.006986191
0.00017803903,0.14038086,2195.28,16.39,0.8738957047462463,924,7400,1.5320729,-0.0036537272,947200,8137.971267700195,7577600,0.006891563
0.00024014935,0.16918945,2195.28,16.39,0.8605611622333527,936,7401,1.4001967,-0.0042348066,947328,8139.06520652771,7578624,0.018851012
0.00020535584,0.15039062,2195.28,16.39,0.8004022240638733,907,7402,1.4465857,-0.0039409306,947456,8140.19430565834,7579648,0.019832589
0.00019494019,0.13549805,2197.73,16.37,0.9031912535429001,953,7403,1.4376532,-0.0045060576,947584,8141.269312143326,7580672,0.010268176
0.00026942024,0.13378906,2197.73,16.37,0.8625866174697876,964,7404,1.4444156,-0.003538929,947712,8142.33220410347,7581696,0.018177431
0.00029493304,0.13549805,2197.73,16.37,0.8601300418376923,967,7405,1.4417361,-0.0037474628,947840,8143.391463756561,7582720,0.014579425
0.00022523083,0.09350586,2197.73,16.37,0.8527831882238388,955,7406,1.4598001,-0.0032813319,947968,8144.463393211365,7583744,0.012927263
0.00017596755,0.12402344,2197.73,16.37,0.9133490398526192,916,7407,1.4829192,-0.0032208958,948096,8145.581159353256,7584768,0.0065666013
0.00017070823,0.111816406,2197.73,16.37,0.7233682572841644,896,7408,1.455246,-0.004000428,948224,8146.724075078964,7585792,0.023286844
0.00026199926,0.14477539,2199.81,16.38,0.8362940102815628,912,7409,1.4103049,-0.0040271105,948352,8147.8464522361755,7586816,0.023575006
0.00031557778,0.19018555,2199.81,16.38,0.712003767490387,906,7410,1.4524404,-0.0040073083,948480,8148.976620674133,7587840,0.028967198
0.00018675574,0.11743164,2195.58,16.46,0.8212854862213135,954,7411,1.4379311,-0.004152406,948608,8150.050661087036,7588864,0.021410033
0.00022437081,0.1303711,2194.08,16.46,0.7746307551860809,957,7412,1.4095383,-0.004071609,948736,8151.12046456337,7589888,0.028325612
0.0002136082,0.14404297,2195.7,16.47,0.706665962934494,965,7413,1.3984188,-0.0047550322,948864,8152.182185649872,7590912,0.030350862
0.00032563103,0.19189453,2195.7,16.47,0.8228548467159271,960,7414,1.4312614,-0.0042920695,948992,8153.249598264694,7591936,0.024728507
0.00018751979,0.11694336,2196.03,16.48,0.8659536242485046,956,7415,1.4662696,-0.0036641667,949120,8154.320803165436,7592960,0.015170505
0.00021968978,0.1484375,2197.51,16.45,0.8336791694164276,958,7416,1.3589991,-0.00489493,949248,8155.390063524246,7593984,0.020131422
0.00023261765,0.10205078,2197.51,16.45,0.7614742666482925,973,7417,1.4366275,-0.0036343285,949376,8156.442618608475,7595008,0.030110184
0.00014257344,0.10424805,2197.51,16.45,0.9350272417068481,971,7418,1.4689898,-0.0040584756,949504,8157.497637748718,7596032,0.006208547
0.00015847138,0.13427734,2193.59,16.48,0.8116801530122757,962,7419,1.4495229,-0.0032799884,949632,8158.5622889995575,7597056,0.018786896
0.00023541594,0.1784668,2193.59,16.48,0.8609181642532349,967,7420,1.4378908,-0.0036411243,949760,8159.6215670108795,7598080,0.008882611
0.00022724873,0.12695312,2193.59,16.48,0.8426540344953537,959,7421,1.4367254,-0.0030475345,949888,8160.689729213715,7599104,0.016228259
0.00029650462,0.11401367,2193.59,16.48,0.7970375120639801,929,7422,1.463933,-0.0026820248,950016,8161.792178869247,7600128,0.020986453
0.00023889798,0.13110352,2193.59,16.48,0.8238877505064011,909,7423,1.4371967,-0.0032034747,950144,8162.919588565826,7601152,0.018084649
0.0002259981,0.15673828,2188.33,16.53,0.8500940501689911,900,7424,1.4101329,-0.004411368,950272,8164.057864904404,7602176,0.01765034
0.00021997617,0.13330078,2188.33,16.53,0.7046269774436951,941,7425,1.3898476,-0.003878026,950400,8165.14580488205,7603200,0.031515248
0.00020728653,0.13769531,2188.33,16.53,0.8661113828420639,900,7426,1.3751967,-0.0040081246,950528,8166.284055233002,7604224,0.01940224
0.00020678497,0.11621094,2188.33,16.53,0.7474381625652313,917,7427,1.4125936,-0.0036826564,950656,8167.4012241363525,7605248,0.029479258
0.00022196565,0.11401367,2190.23,16.48,0.7699479460716248,958,7428,1.4608682,-0.0036510755,950784,8168.4702072143555,7606272,0.02797987
0.00019690843,0.14575195,2190.23,16.48,0.7587657421827316,977,7429,1.4410297,-0.0035701972,950912,8169.518200874329,7607296,0.024390949
0.00017626832,0.11987305,2195.01,16.48,0.8583740592002869,956,7430,1.4144322,-0.0045399554,951040,8170.589481592178,7608320,0.02065895
0.00022665039,0.12817383,2195.01,16.48,0.7737144380807877,950,7431,1.4693956,-0.00400066,951168,8171.667651414871,7609344,0.025519948
0.00033105846,0.1352539,2195.7,16.45,0.8280371576547623,933,7432,1.4106,-0.003981293,951296,8172.765516281128,7610368,0.01657717
0.0001524136,0.10864258,2197.74,16.44,0.8748082667589188,956,7433,1.422644,-0.003945217,951424,8173.836903333664,7611392,0.015722038
0.00017733272,0.12011719,2197.74,16.44,0.7878380864858627,964,7434,1.4682028,-0.004134291,951552,8174.898971557617,7612416,0.019977242
0.00015912461,0.11352539,2197.16,16.43,0.8889737129211426,902,7435,1.4396889,-0.0036443868,951680,8176.03387093544,7613440,0.011196763
0.00028856186,0.12915039,2200.43,16.38,0.8870001956820488,958,7436,1.4377939,-0.004140222,951808,8177.102602958679,7614464,0.015401638
0.00031363283,0.13183594,2200.43,16.38,0.8792848885059357,984,7437,1.4164162,-0.0034299176,951936,8178.14316534996,7615488,0.013978748
0.00017339684,0.1171875,2200.43,16.38,0.9066049382090569,964,7438,1.5081086,-0.004011837,952064,8179.205421924591,7616512,0.0071857865
0.00020760005,0.14892578,2200.43,16.38,0.8390629291534424,926,7439,1.4790722,-0.003812714,952192,8180.311605930328,7617536,0.011051941
0.00013453419,0.1015625,2200.43,16.38,0.8919935300946236,960,7440,1.4490778,-0.0037205056,952320,8181.378997802734,7618560,0.012876313
0.00019419166,0.111572266,2200.43,16.38,0.9083528369665146,977,7441,1.5065016,-0.0032476834,952448,8182.42742729187,7619584,0.011007821
0.00026267723,0.15600586,2198.3,16.36,0.8209991753101349,947,7442,1.4068645,-0.0032422314,952576,8183.508994817734,7620608,0.020757519
0.0002862201,0.1652832,2198.3,16.36,0.939202506095171,984,7443,1.4625826,-0.004212683,952704,8184.550171613693,7621632,0.008282574
0.00021061978,0.171875,2196.67,16.37,0.8072894811630249,945,7444,1.4495325,-0.003984105,952832,8185.634365558624,7622656,0.02283852
0.0001535421,0.115478516,2196.67,16.37,0.7580036073923111,972,7445,1.4421954,-0.0038203862,952960,8186.687855243683,7623680,0.023507722
0.0002507977,0.13427734,2195.31,16.38,0.6625203192234039,951,7446,1.3330965,-0.003858843,953088,8187.764261007309,7624704,0.04805124
0.00020597414,0.12817383,2195.31,16.38,0.8698582947254181,959,7447,1.4667944,-0.003738566,953216,8188.831959724426,7625728,0.011297527
0.00025930928,0.13549805,2195.31,16.38,0.854307547211647,955,7448,1.4711097,-0.003811643,953344,8189.904041528702,7626752,0.013205397
0.00024749857,0.15600586,2194.02,16.38,0.8149525076150894,965,7449,1.4384826,-0.003735767,953472,8190.965826511383,7627776,0.015910178
0.00017629753,0.10205078,2194.02,16.38,0.8696581721305847,956,7450,1.4968864,-0.0036028784,953600,8192.037530899048,7628800,0.0118649695
0.00020936967,0.12207031,2195.05,16.34,0.7805484235286713,964,7451,1.4109226,-0.0041893013,953728,8193.100020170212,7629824,0.029537452
0.00016445381,0.11621094,2195.05,16.34,0.8362374603748322,956,7452,1.4476035,-0.0036054286,953856,8194.171484708786,7630848,0.019604838
0.00023754616,0.14770508,2192.17,16.36,0.870212584733963,956,7453,1.4558141,-0.0034746747,953984,8195.242737531662,7631872,0.014736026
0.00020038443,0.12597656,2192.17,16.36,0.806451216340065,949,7454,1.4853138,-0.003231329,954112,8196.322172641754,7632896,0.022281619
0.00022044714,0.119384766,2198.77,16.33,0.7901379615068436,949,7455,1.4204447,-0.004022189,954240,8197.40096950531,7633920,0.021225048
0.00024870207,0.13842773,2198.77,16.33,0.8461617231369019,938,7456,1.4006882,-0.0030151987,954368,8198.492616653442,7634944,0.019979484
0.0001686326,0.12915039,2198.77,16.33,0.7760012298822403,956,7457,1.4538801,-0.0033108897,954496,8199.564239501953,7635968,0.026523821
0.0001829617,0.12133789,2198.77,16.33,0.8056502938270569,907,7458,1.4370956,-0.0039224876,954624,8200.693307876587,7636992,0.019854255
0.00018896042,0.119628906,2194.49,16.35,0.8072895854711533,894,7459,1.4250945,-0.003936731,954752,8201.839477062225,7638016,0.020349413
0.00021967411,0.12451172,2198.29,16.33,0.8217165619134903,902,7460,1.3749928,-0.0035861374,954880,8202.975238800049,7639040,0.019461181
0.00018873865,0.1538086,2201.01,16.29,0.8629596829414368,906,7461,1.4799987,-0.003457637,955008,8204.10562491417,7640064,0.01716357
0.0001855574,0.09057617,2201.01,16.29,0.7112292349338531,907,7462,1.3875743,-0.0029217445,955136,8205.23504948616,7641088,0.029657034
0.00017585105,0.13012695,2201.01,16.29,0.8850051090121269,897,7463,1.51422,-0.003711868,955264,8206.376945734024,7642112,0.0066252225
0.00014626906,0.10058594,2201.01,16.29,0.729662299156189,898,7464,1.4163541,-0.003575666,955392,8207.51749753952,7643136,0.034674257
0.00016401909,0.12402344,2201.01,16.29,0.7906503528356552,912,7465,1.4570802,-0.003794674,955520,8208.640262842178,7644160,0.019189715
0.00028504312,0.15454102,2203.03,16.26,0.80364029109478,885,7466,1.4025792,-0.0043339063,955648,8209.796886444092,7645184,0.023668144
0.0001719104,0.12426758,2203.03,16.26,0.8649227321147919,965,7467,1.4534624,-0.0035496615,955776,8210.857837200165,7646208,0.012071215
0.00031161302,0.12109375,2203.03,16.26,0.8015639632940292,918,7468,1.4201549,-0.0028486254,955904,8211.973534345627,7647232,0.022397885
0.00018345531,0.14819336,2203.03,16.26,0.8946672305464745,904,7469,1.518221,-0.0036205056,956032,8213.106864452362,7648256,0.007399753
0.00021611975,0.115234375,2203.03,16.26,0.7644280195236206,937,7470,1.3583447,-0.002933349,956160,8214.199836730957,7649280,0.02866845
0.0003183269,0.16064453,2204.33,16.25,0.7136837244033813,888,7471,1.4065869,-0.004176847,956288,8215.353456258774,7650304,0.02552273
0.00024147193,0.119140625,2204.33,16.25,0.8974827155470848,906,7472,1.3687326,-0.0040314915,956416,8216.48421382904,7651328,0.014021276
0.00022580533,0.09716797,2204.33,16.25,0.7602522224187851,938,7473,1.3764199,-0.0033350624,956544,8217.576021194458,7652352,0.030710826
0.00021718963,0.122802734,2202.32,16.27,0.8123027384281158,955,7474,1.3766794,-0.0037508334,956672,8218.648476362228,7653376,0.023019478
0.0001623593,0.12939453,2202.32,16.27,0.8674674034118652,969,7475,1.4578613,-0.0037764471,956800,8219.705405712128,7654400,0.008577998
0.00022887166,0.14013672,2201.66,16.31,0.9065587893128395,945,7476,1.4454571,-0.0037417917,956928,8220.789492607117,7655424,0.009694071
0.00018477652,0.12548828,2201.66,16.31,0.7946306765079498,964,7477,1.372182,-0.004385147,957056,8221.852427482605,7656448,0.024249824
0.00021987548,0.13720703,2201.66,16.31,0.6735972762107849,928,7478,1.4121182,-0.003523502,957184,8222.955641508102,7657472,0.031974085
0.00019765424,0.1586914,2206.32,16.29,0.8275182992219925,941,7479,1.4588403,-0.0046139783,957312,8224.043477535248,7658496,0.015908435
0.0001930701,0.1262207,2206.32,16.29,0.8227746933698654,968,7480,1.4067944,-0.0036586213,957440,8225.10174202919,7659520,0.016981356
0.00023503906,0.13647461,2210.57,16.29,0.7758110463619232,940,7481,1.4331754,-0.0031550312,957568,8226.191770076752,7660544,0.019182548
0.00018732545,0.13598633,2211.32,16.28,0.8609984219074249,888,7482,1.4114468,-0.003984762,957696,8227.344689130783,7661568,0.016493395
0.00026962085,0.13989258,2214.47,16.25,0.8005801439285278,921,7483,1.3969469,-0.0038681268,957824,8228.457003355026,7662592,0.025270984
0.00030553603,0.12158203,2214.47,16.25,0.7641692906618118,962,7484,1.382586,-0.0031352285,957952,8229.521188497543,7663616,0.029993499
0.00025446262,0.15258789,2214.47,16.25,0.7782808095216751,920,7485,1.4299655,-0.0042757923,958080,8230.633907794952,7664640,0.026026724
0.000252875,0.15649414,2214.47,16.25,0.9101366847753525,962,7486,1.4101924,-0.0045838323,958208,8231.69809103012,7665664,0.010180808
0.0001506012,0.111328125,2206.21,16.34,0.8626759797334671,961,7487,1.4874108,-0.0037062205,958336,8232.763994693756,7666688,0.013414081
0.0002486521,0.14331055,2206.21,16.34,0.8608538955450058,962,7488,1.4164164,-0.0040136976,958464,8233.828154802322,7667712,0.017780708
0.00017625726,0.14746094,2206.21,16.34,0.8105610311031342,938,7489,1.4838204,-0.003945859,958592,8234.919989824295,7668736,0.014821521
0.0002019626,0.13012695,2206.21,16.34,0.7117734253406525,906,7490,1.4334685,-0.0038848035,958720,8236.051056861877,7669760,0.03098471
0.00017347554,0.115478516,2206.21,16.34,0.867592915892601,969,7491,1.3591424,-0.0030302126,958848,8237.108474254608,7670784,0.01737223
0.00022519371,0.14526367,2207.75,16.28,0.7828375697135925,957,7492,1.461357,-0.0032844322,958976,8238.17880320549,7671808,0.020032821
0.00022209702,0.15795898,2210.57,16.31,0.8745240718126297,963,7493,1.3849329,-0.0038665682,959104,8239.242461681366,7672832,0.015046073
0.00017511827,0.12915039,2210.57,16.31,0.8307327330112457,940,7494,1.4836415,-0.003234583,959232,8240.332620382309,7673856,0.011587415
0.00017929269,0.13916016,2208.37,16.33,0.828633576631546,918,7495,1.4743333,-0.0033487333,959360,8241.448594808578,7674880,0.018832818
0.0001801321,0.12817383,2208.37,16.33,0.8198308646678925,909,7496,1.374887,-0.003272715,959488,8242.575764656067,7675904,0.02618382
0.00019582822,0.1184082,2208.37,16.33,0.8644043952226639,970,7497,1.4323279,-0.0039501754,959616,8243.631149053574,7676928,0.018335905
0.00016286637,0.12719727,2205.11,16.36,0.818226158618927,964,7498,1.4347398,-0.0038535362,959744,8244.693616628647,7677952,0.022594815
0.00023395431,0.15136719,2203.02,16.36,0.7374996244907379,968,7499,1.3272423,-0.0042531984,959872,8245.751170158386,7678976,0.037675865
0.00013040555,0.10107422,2203.02,16.36,0.786992222070694,952,7500,1.4449329,-0.003379601,960000,8246.827356338501,7680000,0.01876955
0.0001630832,0.13061523,2203.02,16.36,0.8703367859125137,950,7501,1.4470683,-0.0039298395,960128,8247.905815124512,7681024,0.012569329
0.00016404029,0.106933594,2203.02,16.36,0.8806027546525002,893,7502,1.3887933,-0.0037827254,960256,8249.052402496338,7682048,0.01264597
0.00023758812,0.12792969,2202.17,16.35,0.8205086141824722,952,7503,1.450083,-0.003786976,960384,8250.128107070923,7683072,0.017386394
0.00013501194,0.12011719,2202.17,16.35,0.9231778159737587,966,7504,1.4689507,-0.0036322363,960512,8251.187892913818,7684096,0.008497024
0.00019642507,0.13354492,2202.17,16.35,0.8472393900156021,960,7505,1.4624636,-0.003579411,960640,8252.254327774048,7685120,0.011869209
0.00017477783,0.12817383,2202.17,16.35,0.8589729517698288,950,7506,1.4307389,-0.0036993464,960768,8253.33245229721,7686144,0.017326139
0.00018712516,0.12084961,2196.45,16.38,0.7850500494241714,923,7507,1.3708981,-0.0035323692,960896,8254.441664457321,7687168,0.023464572
0.0002263786,0.123046875,2189.14,16.45,0.7351946532726288,943,7508,1.3709409,-0.003085984,961024,8255.527822732925,7688192,0.031144297
0.00018964804,0.11694336,2189.64,16.44,0.8075946122407913,901,7509,1.4872148,-0.0031239456,961152,8256.664108753204,7689216,0.019518698
0.00023154209,0.15795898,2189.64,16.44,0.8157427310943604,934,7510,1.4868304,-0.0033180895,961280,8257.763094902039,7690240,0.015170855
0.00015239022,0.1015625,2189.64,16.44,0.7187915742397308,911,7511,1.4711777,-0.0032430342,961408,8258.887294054031,7691264,0.02653197
0.00018418815,0.15258789,2193.29,16.43,0.8688248246908188,930,7512,1.4678952,-0.004207538,961536,8259.988812923431,7692288,0.012819967
0.00021570391,0.1315918,2193.29,16.43,0.8506679087877274,981,7513,1.3972987,-0.003513523,961664,8261.03314948082,7693312,0.016589234
0.00020248357,0.12231445,2193.29,16.43,0.837474450469017,969,7514,1.499615,-0.0036162399,961792,8262.090013504028,7694336,0.009858158
0.00021889321,0.13012695,2190.09,16.47,0.8834194839000702,975,7515,1.4949669,-0.0037228768,961920,8263.14040184021,7695360,0.011357481
0.00018869537,0.12670898,2190.09,16.47,0.884551502764225,969,7516,1.4255817,-0.0043694316,962048,8264.197125911713,7696384,0.0143414205
0.00017711533,0.1328125,2190.09,16.47,0.8410201519727707,974,7517,1.5009665,-0.0034694164,962176,8265.248836278915,7697408,0.016772935
0.00015138328,0.11230469,2190.09,16.47,0.8661885410547256,903,7518,1.4645061,-0.0036483253,962304,8266.382866621017,7698432,0.012920715
0.00020000956,0.11230469,2190.09,16.47,0.75799860060215,940,7519,1.4640653,-0.0031310986,962432,8267.47294330597,7699456,0.020304697
0.0001958619,0.14208984,2193.84,16.43,0.892367035150528,950,7520,1.4341266,-0.0035236503,962560,8268.551097393036,7700480,0.012439848
0.0001747906,0.12451172,2204.09,16.38,0.7052546441555023,968,7521,1.392411,-0.003520395,962688,8269.609343290329,7701504,0.03193293
0.00015972092,0.12768555,2206.87,16.39,0.7657447010278702,946,7522,1.4069206,-0.004042364,962816,8270.692522764206,7702528,0.020631984
0.00021923524,0.12451172,2207.02,16.39,0.8688061535358429,959,7523,1.4126604,-0.0040234113,962944,8271.760401964188,7703552,0.01699437
0.00013123004,0.08691406,2207.04,16.41,0.8065864890813828,919,7524,1.459367,-0.002969376,963072,8272.87452507019,7704576,0.022800816
0.00023721845,0.16455078,2207.04,16.41,0.8688210397958755,969,7525,1.4728866,-0.0031516175,963200,8273.931767463684,7705600,0.009474329
0.00011618664,0.11230469,2207.04,16.41,0.7542691677808762,926,7526,1.4563602,-0.0032796967,963328,8275.038301229477,7706624,0.022616547
0.00020006576,0.1171875,2207.04,16.41,0.8886405900120735,916,7527,1.4308076,-0.0034773317,963456,8276.156925201416,7707648,0.0116829155
0.0001740426,0.13061523,2201.45,16.45,0.7492847740650177,913,7528,1.4032896,-0.0035077464,963584,8277.278908729553,7708672,0.033570502
0.00025554842,0.12841797,2201.45,16.45,0.7962258607149124,896,7529,1.4031944,-0.0029697025,963712,8278.421644687653,7709696,0.018153727
0.00014020094,0.13696289,2201.45,16.45,0.866455003619194,894,7530,1.5249484,-0.0035014155,963840,8279.567365646362,7710720,0.0072514964
0.00039576378,0.15893555,2201.45,16.45,0.856603130698204,929,7531,1.4588916,-0.0030127806,963968,8280.66941857338,7711744,0.014157999
0.00019272602,0.10180664,2201.77,16.47,0.8671935945749283,954,7532,1.4376234,-0.0030831937,964096,8281.742494344711,7712768,0.013363674
0.00015080554,0.12084961,2201.77,16.47,0.8550152629613876,968,7533,1.4647915,-0.0036986282,964224,8282.800425767899,7713792,0.017812232
0.00023958173,0.1418457,2201.77,16.47,0.7605708837509155,943,7534,1.3848217,-0.003896074,964352,8283.886575937271,7714816,0.028763156
0.00018342302,0.10644531,2201.77,16.47,0.7990189343690872,909,7535,1.4561112,-0.0033265105,964480,8285.012654542923,7715840,0.021972496
0.00018232336,0.14160156,2201.77,16.47,0.8221592158079147,909,7536,1.4574718,-0.0038289605,964608,8286.139043569565,7716864,0.025216118
0.00020157994,0.14746094,2200.63,16.49,0.8569749593734741,966,7537,1.424934,-0.0042288657,964736,8287.199669837952,7717888,0.01622905
0.00017562415,0.13476562,2197.06,16.47,0.8906527012586594,915,7538,1.4257247,-0.0043495246,964864,8288.319171667099,7718912,0.013106376
0.0002648793,0.13549805,2197.68,16.48,0.7503338307142258,906,7539,1.3980229,-0.0038187632,964992,8289.449316740036,7719936,0.028030936
0.0001757105,0.11352539,2197.68,16.48,0.9180861264467239,952,7540,1.478031,-0.0032572756,965120,8290.524687290192,7720960,0.006643233
0.00015282896,0.11767578,2197.68,16.48,0.8366595506668091,964,7541,1.504208,-0.0031957435,965248,8291.587288856506,7721984,0.013528874
0.00021450265,0.15332031,2197.68,16.48,0.8760231360793114,946,7542,1.4560378,-0.0035981927,965376,8292.669421434402,7723008,0.01467536
0.00022559222,0.14990234,2197.68,16.48,0.6495298743247986,911,7543,1.3817527,-0.0036197333,965504,8293.793746232986,7724032,0.045963425
0.00029251145,0.13305664,2196.36,16.5,0.8146455883979797,893,7544,1.3934579,-0.0025918798,965632,8294.940542936325,7725056,0.020400843
0.00017835591,0.107910156,2196.36,16.5,0.8208192735910416,907,7545,1.4628383,-0.0032250932,965760,8296.070062160492,7726080,0.013855803
0.00013645165,0.10424805,2196.36,16.5,0.885184183716774,902,7546,1.4973834,-0.0033451766,965888,8297.20541882515,7727104,0.01240143
0.00021445037,0.16918945,2196.36,16.5,0.9034800752997398,983,7547,1.4472425,-0.004192347,966016,8298.247072935104,7728128,0.010248461
0.00021018158,0.14013672,2196.36,16.5,0.7610571831464767,961,7548,1.4266863,-0.003772773,966144,8299.31287074089,7729152,0.028192317
0.00015292394,0.12939453,2199.15,16.44,0.7041946649551392,955,7549,1.4342395,-0.0034080488,966272,8300.385318994522,7730176,0.025499772
0.00034583456,0.16113281,2199.15,16.44,0.8017166703939438,956,7550,1.4173391,-0.00300281,966400,8301.456994771957,7731200,0.014763828
0.0001247664,0.09863281,2199.15,16.44,0.8312500268220901,937,7551,1.4645051,-0.0031771027,966528,8302.549971580505,7732224,0.018574204
0.00015053427,0.12133789,2199.15,16.44,0.745196521282196,942,7552,1.4234138,-0.0037124464,966656,8303.637300014496,7733248,0.02267379
0.00030169523,0.122802734,2199.15,16.44,0.7487938404083252,956,7553,1.4202935,-0.0033675965,966784,8304.70904135704,7734272,0.023457477
0.0002797536,0.15112305,2185.92,16.57,0.8096025735139847,886,7554,1.3806076,-0.0038503353,966912,8305.86453795433,7735296,0.019846335
0.00018394648,0.13256836,2187.7,16.52,0.8495445847511292,902,7555,1.4778343,-0.004104247,967040,8307.000187158585,7736320,0.016537866
0.00018888079,0.14111328,2183.95,16.57,0.917284831404686,953,7556,1.445874,-0.004538156,967168,8308.0750477314,7737344,0.011377359
0.00020733343,0.15454102,2183.95,16.57,0.8206679224967957,966,7557,1.4221727,-0.0037911776,967296,8309.135001897812,7738368,0.020190477
0.00014393165,0.107177734,2183.95,16.57,0.8505994230508804,949,7558,1.4808723,-0.0035243393,967424,8310.214665174484,7739392,0.013183858
0.00016091942,0.099365234,2183.95,16.57,0.8159383833408356,964,7559,1.4530208,-0.002925607,967552,8311.277129650116,7740416,0.023302753
0.00019491618,0.15942383,2182.6,16.6,0.8451297283172607,943,7560,1.4433649,-0.003522839,967680,8312.363458156586,7741440,0.0138090635
0.0001474643,0.0949707,2182.6,16.6,0.8585636466741562,966,7561,1.4547193,-0.003151085,967808,8313.423211097717,7742464,0.012799681
0.00021407184,0.12231445,2182.6,16.6,0.7119924426078796,957,7562,1.4126613,-0.0037787852,967936,8314.493373155594,7743488,0.035198145
0.00017356769,0.09423828,2182.6,16.6,0.8550550788640976,975,7563,1.4740645,-0.0033530013,968064,8315.54349899292,7744512,0.012732416
0.00018238708,0.13378906,2182.6,16.6,0.7378747165203094,958,7564,1.4774469,-0.0030892186,968192,8316.612515449524,7745536,0.015345524
0.00015444834,0.11645508,2182.6,16.6,0.745132178068161,948,7565,1.4235718,-0.0033402252,968320,8317.692419528961,7746560,0.028518163
0.00016193875,0.111572266,2182.6,16.6,0.8412978500127792,959,7566,1.4330182,-0.0032486261,968448,8318.760210990906,7747584,0.016187185
0.0001512017,0.10498047,2182.6,16.6,0.7995415776968002,968,7567,1.4301672,-0.0032046936,968576,8319.818531274796,7748608,0.031754237
0.00014464754,0.10180664,2175.63,16.66,0.8414518535137177,907,7568,1.4244896,-0.00292852,968704,8320.94794344902,7749632,0.014014852
0.00019068643,0.11694336,2169.38,16.72,0.7529309988021851,898,7569,1.4173684,-0.00386967,968832,8322.087828874588,7750656,0.025396373
0.00022030366,0.15942383,2176.16,16.64,0.8368459343910217,908,7570,1.4109619,-0.0041619875,968960,8323.215468168259,7751680,0.018937672
0.00023328462,0.14819336,2169.45,16.7,0.8722840398550034,961,7571,1.3590205,-0.0031909698,969088,8324.281546831131,7752704,0.016580394
0.0002281237,0.13183594,2172.12,16.69,0.8838542774319649,951,7572,1.4444115,-0.0035733115,969216,8325.3583111763,7753728,0.012084916
0.00017906459,0.119628906,2172.12,16.69,0.8499293178319931,976,7573,1.3922576,-0.0033687323,969344,8326.408253669739,7754752,0.019185292
0.00015492442,0.13110352,2176.95,16.68,0.7891385853290558,947,7574,1.3764554,-0.003754836,969472,8327.489755630493,7755776,0.023786139
0.00017936279,0.115722656,2176.95,16.68,0.8587574064731598,983,7575,1.3678349,-0.0037614254,969600,8328.531771183014,7756800,0.017045274
0.00025821297,0.1472168,2176.95,16.68,0.7373943626880646,970,7576,1.4379737,-0.003083094,969728,8329.588069200516,7757824,0.03403577
0.00024221181,0.14794922,2176.95,16.68,0.761184349656105,944,7577,1.3383305,-0.0033757542,969856,8330.673115491867,7758848,0.02934209
0.00022786384,0.12231445,2177.57,16.62,0.6483583152294159,932,7578,1.3910185,-0.0033434401,969984,8331.772510766983,7759872,0.037300356
0.00021350296,0.12695312,2177.57,16.62,0.8805548921227455,963,7579,1.4417617,-0.0033153617,970112,8332.836465358734,7760896,0.013458364
0.00027079874,0.11816406,2177.57,16.62,0.6532168984413147,957,7580,1.4528846,-0.0036165353,970240,8333.906402349472,7761920,0.0296445
0.00018514191,0.1159668,2177.57,16.62,0.820908859372139,907,7581,1.4449165,-0.003362949,970368,8335.035908937454,7762944,0.018292595
0.00021200199,0.17089844,2177.57,16.62,0.8862282633781433,910,7582,1.418253,-0.0035625442,970496,8336.161652326584,7763968,0.0127671035
0.00015082894,0.12036133,2177.57,16.62,0.7845418751239777,976,7583,1.5083232,-0.0027960811,970624,8337.210898637772,7764992,0.0118184015
0.00016690494,0.1550293,2179.32,16.63,0.8384952396154404,938,7584,1.428408,-0.003164333,970752,8338.302513360977,7766016,0.016161053
0.00022221691,0.13671875,2178.38,16.64,0.6741525530815125,954,7585,1.3123786,-0.004016774,970880,8339.376348018646,7767040,0.03734544
0.00019550946,0.12133789,2178.38,16.64,0.8149025589227676,938,7586,1.3960717,-0.003991034,971008,8340.467791318893,7768064,0.02222057
0.00013495256,0.12817383,2169.26,16.72,0.9089506790041924,946,7587,1.4674777,-0.0034084253,971136,8341.550925970078,7769088,0.0085582845
0.00023896704,0.14819336,2168.28,16.74,0.8206663876771927,962,7588,1.3443575,-0.0040249443,971264,8342.61531496048,7770112,0.021488361
0.00020118205,0.1418457,2168.28,16.74,0.8615710288286209,979,7589,1.4556013,-0.0039052633,971392,8343.662045240402,7771136,0.013911383
0.00017432004,0.13183594,2172.98,16.7,0.838446319103241,961,7590,1.3811535,-0.0040744618,971520,8344.727277040482,7772160,0.023452217
0.00025224325,0.14453125,2172.98,16.7,0.7110106945037842,969,7591,1.3508137,-0.0033165517,971648,8345.784185171127,7773184,0.030957462
0.00015123647,0.10961914,2172.98,16.7,0.7758166790008545,965,7592,1.4095347,-0.003397752,971776,8346.845251083374,7774208,0.020473396
0.00021389815,0.15356445,2172.98,16.7,0.8678060173988342,967,7593,1.430817,-0.0037862486,971904,8347.905164718628,7775232,0.017002841
0.00022824874,0.1381836,2176.43,16.68,0.8070842772722244,957,7594,1.3872442,-0.0036312533,972032,8348.974911689758,7776256,0.020209227
0.00022353845,0.15185547,2175.41,16.67,0.8100670278072357,923,7595,1.3997341,-0.0039195004,972160,8350.084716558456,7777280,0.021092122
0.00018306404,0.1352539,2175.41,16.67,0.8715662211179733,916,7596,1.4412161,-0.0036464026,972288,8351.203330039978,7778304,0.017887283
0.00017244573,0.12670898,2175.41,16.67,0.8227122575044632,956,7597,1.4207132,-0.0036995872,972416,8352.2740650177,7779328,0.024613557
0.00016462765,0.13012695,2180.47,16.61,0.7108510434627533,915,7598,1.3737803,-0.0030109533,972544,8353.392832994461,7780352,0.030867804
0.00024311664,0.15454102,2180.47,16.61,0.8734964281320572,973,7599,1.3935236,-0.004065152,972672,8354.44564318657,7781376,0.013736698
0.00016351239,0.13891602,2180.28,16.63,0.8350508213043213,942,7600,1.371973,-0.0037522754,972800,8355.532937049866,7782400,0.02102954
0.00016763524,0.16357422,2180.28,16.63,0.903430201113224,940,7601,1.4682062,-0.0039915717,972928,8356.622985601425,7783424,0.0053559034
0.00022538516,0.13720703,2180.79,16.66,0.814221516251564,925,7602,1.4528389,-0.0030066383,973056,8357.730708360672,7784448,0.014156618
0.0001747735,0.123291016,2180.79,16.66,0.791389063000679,912,7603,1.4576846,-0.003478573,973184,8358.854255437851,7785472,0.015836101
0.00019700633,0.13305664,2180.79,16.66,0.7912608534097672,951,7604,1.3579419,-0.004167402,973312,8359.931467294693,7786496,0.023678064
0.00023067062,0.12597656,2174.8,16.71,0.8252919465303421,919,7605,1.3869367,-0.0039202124,973440,8361.0460999012,7787520,0.017454516
0.00018326787,0.111572266,2174.8,16.71,0.7662485986948013,968,7606,1.377255,-0.0031516005,973568,8362.10393834114,7788544,0.030277904
0.00014882327,0.13012695,2174.8,16.71,0.8663395345211029,958,7607,1.4623119,-0.0036506122,973696,8363.173026800156,7789568,0.01048075
0.0001342872,0.118652344,2173.06,16.73,0.8600434958934784,949,7608,1.4736525,-0.0038309558,973824,8364.252607822418,7790592,0.011543754
0.00010603464,0.10546875,2173.06,16.73,0.7927370965480804,971,7609,1.4717877,-0.0029890356,973952,8365.307805538177,7791616,0.018874377
0.00016938683,0.16088867,2176.19,16.73,0.9054927155375481,905,7610,1.4221858,-0.004123788,974080,8366.438973665237,7792640,0.010284553
0.00017583488,0.13745117,2176.19,16.73,0.8729491233825684,916,7611,1.4269431,-0.0036580283,974208,8367.55663895607,7793664,0.0114355385
0.0001359844,0.115722656,2176.19,16.73,0.9110099747776985,896,7612,1.5053643,-0.0035253316,974336,8368.69968700409,7794688,0.0053739073
0.00014594689,0.13891602,2176.19,16.73,0.9273185059428215,985,7613,1.4530282,-0.0033778395,974464,8369.73934841156,7795712,0.006097732
0.0002721354,0.17822266,2176.19,16.73,0.7273558974266052,969,7614,1.5042597,-0.0030126914,974592,8370.795934200287,7796736,0.017011298
0.00016656457,0.15185547,2176.19,16.73,0.8751832842826843,922,7615,1.4435437,-0.0034310888,974720,8371.90688419342,7797760,0.011311523
0.0001665894,0.122558594,2172.44,16.75,0.8092273026704788,936,7616,1.4181447,-0.0036063779,974848,8373.001166343689,7798784,0.011547366
0.00025560716,0.1328125,2177.86,16.73,0.9284028634428978,961,7617,1.4627663,-0.0036381548,974976,8374.066546201706,7799808,0.0057756878
0.00020016887,0.11987305,2177.57,16.73,0.8791140243411064,959,7618,1.4396414,-0.0032625846,975104,8375.13497877121,7800832,0.013209099
0.0001697866,0.13647461,2177.57,16.73,0.8742589801549911,972,7619,1.4176011,-0.0037818835,975232,8376.18917298317,7801856,0.013146048
0.00016983386,0.11694336,2176.21,16.73,0.8571640849113464,939,7620,1.4038613,-0.0038203567,975360,8377.27981042862,7802880,0.015778827
0.00016689445,0.107666016,2176.21,16.73,0.6599375605583191,974,7621,1.4251983,-0.0032986668,975488,8378.331417322159,7803904,0.042164285
0.00016838932,0.14477539,2176.21,16.73,0.6954619884490967,959,7622,1.4382203,-0.0033273883,975616,8379.39968419075,7804928,0.03626448
0.00019241936,0.1772461,2172.05,16.76,0.8378596901893616,918,7623,1.4172125,-0.0034224081,975744,8380.515683889389,7805952,0.016486118
0.00016924387,0.10864258,2172.05,16.76,0.7435470223426819,899,7624,1.4016333,-0.0035903372,975872,8381.65475654602,7806976,0.025647745
0.00015614006,0.13183594,2172.05,16.76,0.8687506318092346,917,7625,1.4442016,-0.0033794676,976000,8382.771559715271,7808000,0.014293388
0.00019067088,0.13330078,2167.94,16.79,0.8646951466798782,898,7626,1.4368849,-0.0039543505,976128,8383.911538600922,7809024,0.010616477
0.00018995524,0.15039062,2167.94,16.79,0.8001174181699753,972,7627,1.3716923,-0.0029501119,976256,8384.965045928955,7810048,0.026213467
0.00017182363,0.14648438,2171.93,16.74,0.8375775963068008,954,7628,1.3930444,-0.004158501,976384,8386.038463830948,7811072,0.021199048
0.00021838973,0.13720703,2171.93,16.74,0.7589500248432159,975,7629,1.3779308,-0.0037566714,976512,8387.089417696,7812096,0.023149528
0.00017644066,0.13061523,2171.93,16.74,0.8105791658163071,921,7630,1.3149283,-0.0039305985,976640,8388.201903104782,7813120,0.024268854
0.00015617118,0.11791992,2167.78,16.8,0.8687481582164764,951,7631,1.40387,-0.0039497702,976768,8389.278556346893,7814144,0.01290754
0.00018170962,0.13452148,2167.78,16.8,0.9026871472597122,931,7632,1.3664749,-0.0036827982,976896,8390.378337860107,7815168,0.012628769
0.0001280298,0.110839844,2167.78,16.8,0.8927380591630936,912,7633,1.4587201,-0.0036438606,977024,8391.500747203827,7816192,0.0076652067
0.00027112558,0.13574219,2167.78,16.8,0.833021268248558,923,7634,1.4890069,-0.0032437625,977152,8392.609914541245,7817216,0.014070449
0.00013489499,0.12426758,2167.78,16.8,0.8171862959861755,914,7635,1.4519591,-0.0036335024,977280,8393.730939388275,7818240,0.017537197
0.00017605994,0.14379883,2171.88,16.76,0.8708949834108353,891,7636,1.4870709,-0.0034011211,977408,8394.879833698273,7819264,0.008160427
0.00026430743,0.15014648,2172.23,16.8,0.8470327705144882,963,7637,1.4210905,-0.0032397187,977536,8395.943535327911,7820288,0.01569003
0.00016093225,0.14331055,2172.23,16.8,0.8508335202932358,967,7638,1.454299,-0.0035861924,977664,8397.002550125122,7821312,0.012105244
0.00021917964,0.15673828,2172.23,16.8,0.8628306835889816,973,7639,1.4392871,-0.003057525,977792,8398.055302858353,7822336,0.0153607
0.0002245035,0.15039062,2178.75,16.75,0.9060541167855263,952,7640,1.3629074,-0.003346135,977920,8399.131635189056,7823360,0.012638968
0.00018477345,0.17382812,2182.28,16.72,0.6900107562541962,964,7641,1.4419044,-0.0037930487,978048,8400.194484472275,7824384,0.020765869
0.0002007046,0.14257812,2178.04,16.77,0.7446081340312958,929,7642,1.329407,-0.0040004104,978176,8401.297217845917,7825408,0.028518893
0.0001524371,0.12475586,2168.89,16.83,0.8137200474739075,902,7643,1.4340782,-0.003712212,978304,8402.43210029602,7826432,0.018887008
0.00015367243,0.103515625,2168.89,16.83,0.740067332983017,916,7644,1.3512827,-0.0035383508,978432,8403.550031423569,7827456,0.035951313
0.0001567656,0.1430664,2168.89,16.83,0.8178890198469162,911,7645,1.4318917,-0.0042269453,978560,8404.674289226532,7828480,0.024223858
0.0001414624,0.115722656,2168.89,16.83,0.8154187053442001,968,7646,1.3260119,-0.0031541283,978688,8405.732795715332,7829504,0.023233648
0.00016480181,0.13208008,2168.55,16.86,0.7969865798950195,941,7647,1.4041013,-0.003997642,978816,8406.820662021637,7830528,0.01891489
0.0001878525,0.1394043,2168.55,16.86,0.6914711892604828,961,7648,1.320715,-0.0037993472,978944,8407.887207508087,7831552,0.038373217
0.00015648651,0.10986328,2168.55,16.86,0.7446666359901428,959,7649,1.3883865,-0.0028799884,979072,8408.955014944077,7832576,0.035767827
0.00018256954,0.11010742,2168.55,16.86,0.815571591258049,952,7650,1.4723886,-0.0035938914,979200,8410.030446767807,7833600,0.02008332
0.00019227351,0.16186523,2168.55,16.86,0.8542302697896957,957,7651,1.4324795,-0.003783744,979328,8411.101017713547,7834624,0.0119737
0.00019306217,0.107666016,2163.65,16.92,0.8179395198822021,948,7652,1.4582368,-0.0028798599,979456,8412.181896686554,7835648,0.016187165
0.00018346307,0.16333008,2163.65,16.92,0.8497767448425293,970,7653,1.4719524,-0.0031639684,979584,8413.23904466629,7836672,0.014716815
0.00017938102,0.13354492,2163.65,16.92,0.9044594392180443,962,7654,1.4110785,-0.0040415637,979712,8414.303569316864,7837696,0.010094983
0.00014251229,0.1315918,2170.52,16.93,0.9219866842031479,950,7655,1.4356805,-0.003557126,979840,8415.381871938705,7838720,0.0075790016
0.0001500052,0.14404297,2170.52,16.93,0.840385690331459,970,7656,1.4237357,-0.0037526605,979968,8416.43767952919,7839744,0.022824824
0.00017841617,0.14941406,2173.67,16.9,0.82644122838974,952,7657,1.4011108,-0.0030697112,980096,8417.51364684105,7840768,0.01968956
0.00016942447,0.15185547,2173.67,16.9,0.8806677460670471,959,7658,1.4465562,-0.003678659,980224,8418.581520080566,7841792,0.012861949
0.0001386044,0.14648438,2173.67,16.9,0.848779946565628,967,7659,1.4705198,-0.0038112814,980352,8419.64021229744,7842816,0.014607298
0.00028092062,0.15942383,2173.67,16.9,0.8547423928976059,963,7660,1.3811638,-0.003825808,980480,8420.703193426132,7843840,0.02045931
0.00016074686,0.13867188,2182.15,16.82,0.8863186612725258,951,7661,1.4707066,-0.0034116309,980608,8421.780364513397,7844864,0.013061879
0.00020212364,0.17504883,2184.91,16.79,0.8409218192100525,950,7662,1.414044,-0.0033462294,980736,8422.858613967896,7845888,0.02872559
0.00017677927,0.14404297,2188.81,16.8,0.8006346672773361,974,7663,1.378199,-0.0034244459,980864,8423.910881280899,7846912,0.021137236
0.00014363635,0.10473633,2188.81,16.8,0.9176160544157028,917,7664,1.4612335,-0.0037877567,980992,8425.027279138565,7847936,0.008994357
0.00021040537,0.1159668,2188.81,16.8,0.862938717007637,906,7665,1.4370941,-0.0032363455,981120,8426.157356500626,7848960,0.017201522
0.00015332285,0.123291016,2188.81,16.8,0.9039392247796059,908,7666,1.446744,-0.0035665536,981248,8427.285820484161,7849984,0.012894459
0.00018295772,0.12060547,2191.59,16.8,0.6110488772392273,937,7667,1.3891491,-0.0037001236,981376,8428.378634214401,7851008,0.032887667
0.00024893373,0.16967773,2187.02,16.81,0.8095511347055435,956,7668,1.4343858,-0.0034791254,981504,8429.450395584106,7852032,0.02983015
0.00018285535,0.13647461,2187.02,16.81,0.8267453461885452,952,7669,1.4093035,-0.0033685812,981632,8430.52628660202,7853056,0.022864074
0.0001719278,0.1274414,2187.02,16.81,0.7753932774066925,918,7670,1.4557322,-0.0033873522,981760,8431.64228272438,7854080,0.024372421
0.00011770605,0.111816406,2186.4,16.8,0.8988632187247276,901,7671,1.486616,-0.0033818719,981888,8432.779249191284,7855104,0.008491156
0.00018748302,0.10546875,2186.4,16.8,0.7881733924150467,905,7672,1.4042665,-0.003356068,982016,8433.910736560822,7856128,0.026495313
0.00018032621,0.1303711,2186.4,16.8,0.8407218158245087,913,7673,1.4197882,-0.0039575878,982144,8435.032405376434,7857152,0.021888906
0.00012235553,0.11767578,2186.4,16.8,0.8061872720718384,932,7674,1.4301474,-0.003640845,982272,8436.131280183792,7858176,0.023158224
0.00019351585,0.14794922,2189.53,16.79,0.8362568765878677,903,7675,1.4525013,-0.0032636586,982400,8437.265612840652,7859200,0.011883702
0.00019696647,0.1159668,2182.38,16.86,0.7739091664552689,894,7676,1.4087642,-0.0037561425,982528,8438.411348342896,7860224,0.025630862
0.0001663738,0.13891602,2182.38,16.86,0.8278527110815048,968,7677,1.4356086,-0.00359781,982656,8439.468935966492,7861248,0.022956522
0.00016464341,0.1184082,2182.38,16.86,0.6908267140388489,968,7678,1.4782902,-0.0037955754,982784,8440.526799917221,7862272,0.03995504
0.00014196173,0.12426758,2182.38,16.86,0.7161737084388733,960,7679,1.4404792,-0.003671881,982912,8441.594215393066,7863296,0.03484639
0.00017578951,0.16821289,2182.38,16.86,0.8334886729717255,956,7680,1.397811,-0.003409559,983040,8442.665145874023,7864320,0.022786515
0.00023710917,0.16235352,2186.22,16.85,0.7361541390419006,960,7681,1.4227071,-0.0036506627,983168,8443.731755256653,7865344,0.02870067
0.00013475693,0.12792969,2186.22,16.85,0.8595540523529053,974,7682,1.4257823,-0.0036474126,983296,8444.782853364944,7866368,0.018339772
0.00024003339,0.14208984,2186.22,16.85,0.6809652745723724,954,7683,1.3638414,-0.003839138,983424,8445.855935573578,7867392,0.037657276
0.00016934861,0.13647461,2186.22,16.85,0.7568088322877884,953,7684,1.4015511,-0.0032097157,983552,8446.93068766594,7868416,0.030056957
0.0001555098,0.12841797,2195.31,16.74,0.8838505893945694,968,7685,1.4402999,-0.0035755136,983680,8447.989139795303,7869440,0.010869632
0.00014879584,0.1328125,2195.31,16.74,0.8724759966135025,962,7686,1.4872334,-0.0036244998,983808,8449.053658485413,7870464,0.011654287
0.00015402534,0.119384766,2196.23,16.72,0.8653369247913361,942,7687,1.4032104,-0.0037086003,983936,8450.141165018082,7871488,0.014115914
0.00018318277,0.15991211,2204.01,16.65,0.8834242448210716,958,7688,1.435422,-0.0033982308,984064,8451.210391283035,7872512,0.014117552
0.00021666104,0.18115234,2204.01,16.65,0.8672264069318771,985,7689,1.3938497,-0.0034341612,984192,8452.250030040741,7873536,0.019114202
0.0001552304,0.15112305,2204.01,16.65,0.8665537536144257,922,7690,1.4489522,-0.004105903,984320,8453.361211299896,7874560,0.0168793
0.00019717723,0.1394043,2204.01,16.65,0.864552840590477,942,7691,1.4092389,-0.0031782365,984448,8454.44802904129,7875584,0.015793396
0.00018035623,0.12939453,2204.01,16.65,0.7154385149478912,915,7692,1.4617087,-0.003505609,984576,8455.567600011826,7876608,0.028932214
0.00014693345,0.14746094,2204.01,16.65,0.9617578983306885,965,7693,1.5045434,-0.003443174,984704,8456.629832029343,7877632,0.0046749255
0.00015141247,0.12231445,2205.25,16.65,0.8817495927214622,926,7694,1.4701415,-0.003175186,984832,8457.735357761383,7878656,0.0098761255
0.00018285349,0.2043457,2204.9,16.62,0.8574538975954056,975,7695,1.5072658,-0.00313006,984960,8458.786195755005,7879680,0.008941347
0.00012098723,0.11791992,2204.9,16.62,0.8541337102651596,964,7696,1.4318005,-0.0031777022,985088,8459.848677873611,7880704,0.015699692
0.00020866236,0.12646484,2204.9,16.62,0.8696142584085464,970,7697,1.5032797,-0.002833139,985216,8460.90431857109,7881728,0.011880927
0.0001526642,0.12182617,2204.9,16.62,0.8044047355651855,984,7698,1.4408151,-0.0033479682,985344,8461.944987773895,7882752,0.021607177
0.00012857898,0.12670898,2204.9,16.62,0.7978811115026474,975,7699,1.4390049,-0.0033751358,985472,8462.995982646942,7883776,0.024378253
0.00016414984,0.15429688,2204.9,16.62,0.8334053307771683,957,7700,1.4567397,-0.0036013678,985600,8464.066371202469,7884800,0.016621351
0.00016179225,0.15332031,2206.04,16.61,0.720518946647644,945,7701,1.4492009,-0.0034582955,985728,8465.150557518005,7885824,0.025350079
0.0001718281,0.11816406,2206.04,16.61,0.8419600278139114,964,7702,1.3533176,-0.0033121258,985856,8466.213078260422,7886848,0.020248935
0.00017645453,0.12768555,2205.69,16.63,0.8452165722846985,971,7703,1.4336439,-0.0032443919,985984,8467.267679691315,7887872,0.012480726
0.00022444758,0.15600586,2205.49,16.64,0.847450390458107,970,7704,1.4545767,-0.0031875053,986112,8468.323346614838,7888896,0.015142508
0.000146674,0.10180664,2205.49,16.64,0.8335155844688416,979,7705,1.4975121,-0.0034166959,986240,8469.369680404663,7889920,0.01690438
0.00016532234,0.14916992,2201.23,16.64,0.8104277700185776,957,7706,1.429715,-0.0033353856,986368,8470.440098285675,7890944,0.02367652
0.00014046993,0.115234375,2201.23,16.64,0.8614265769720078,963,7707,1.3989038,-0.0038671736,986496,8471.503910064697,7891968,0.019844953
0.00012287144,0.08691406,2201.23,16.64,0.8252606242895126,970,7708,1.4778514,-0.0029108466,986624,8472.559534072876,7892992,0.013038069
0.00018906768,0.17675781,2201.23,16.64,0.8490792661905289,956,7709,1.4645246,-0.0033850467,986752,8473.631050825119,7894016,0.012327871
0.00023351259,0.13867188,2201.88,16.67,0.780428096652031,957,7710,1.4490771,-0.003330295,986880,8474.701553106308,7895040,0.0234418
0.00020625076,0.15625,2201.88,16.67,0.8779148384928703,961,7711,1.3941581,-0.003462249,987008,8475.767055749893,7896064,0.013954119
0.00015169592,0.13208008,2201.88,16.67,0.7148752808570862,969,7712,1.4897523,-0.0032099644,987136,8476.823668956757,7897088,0.020522665
0.00013256837,0.12548828,2201.88,16.67,0.7390015721321106,935,7713,1.4491358,-0.003254988,987264,8477.918730735779,7898112,0.022567032
0.00015679875,0.14086914,2201.88,16.67,0.903709389269352,893,7714,1.4784881,-0.0038028175,987392,8479.065436124802,7899136,0.009267786
0.00017290622,0.1262207,2207.13,16.63,0.8551048040390015,897,7715,1.4884801,-0.003447668,987520,8480.206737995148,7900160,0.011284088
0.000159393,0.13110352,2207.13,16.63,0.8435546457767487,964,7716,1.4587097,-0.003577147,987648,8481.268726587296,7901184,0.01356118
0.0001435887,0.122558594,2202.61,16.66,0.7477111220359802,924,7717,1.4155715,-0.003781174,987776,8482.377044916153,7902208,0.029764345
0.0001551079,0.13842773,2204.42,16.65,0.8702992349863052,973,7718,1.4267081,-0.0035698926,987904,8483.429870605469,7903232,0.013908636
0.00012949409,0.09667969,2202.17,16.72,0.8897981569170952,912,7719,1.4433205,-0.003541527,988032,8484.553281068802,7904256,0.012568162
0.00011501472,0.107666016,2202.17,16.72,0.7341732680797577,946,7720,1.4611365,-0.0025781766,988160,8485.635623455048,7905280,0.024726119
0.00015926681,0.13574219,2203.56,16.72,0.8207045644521713,916,7721,1.414072,-0.0036859391,988288,8486.754204034805,7906304,0.020852188
0.00012544596,0.12426758,2203.56,16.72,0.7474105656147003,976,7722,1.4790478,-0.0030796283,988416,8487.803654909134,7907328,0.016559111
0.00012426413,0.10595703,2203.56,16.72,0.7775328457355499,971,7723,1.4578582,-0.0028481684,988544,8488.858748912811,7908352,0.01842137
0.00014674179,0.14013672,2203.48,16.72,0.831521600484848,971,7724,1.4831095,-0.003167325,988672,8489.913083314896,7909376,0.0126921255
0.00019052213,0.13867188,2203.48,16.72,0.6593629121780396,968,7725,1.4063926,-0.0033262356,988800,8490.971531152725,7910400,0.040775754
0.00016369339,0.12695312,2200.94,16.75,0.8119863569736481,962,7726,1.3921303,-0.0033525943,988928,8492.036655902863,7911424,0.020842625
0.00030722236,0.16381836,2200.94,16.75,0.8862037286162376,946,7727,1.444951,-0.0032188136,989056,8493.118931293488,7912448,0.010316915
0.00015103763,0.12036133,2200.94,16.75,0.8060469925403595,964,7728,1.3995732,-0.0034943102,989184,8494.181373357773,7913472,0.020100478
0.00012177808,0.13232422,2200.94,16.75,0.709335058927536,958,7729,1.480631,-0.0028260844,989312,8495.250823497772,7914496,0.016426468
0.00011578034,0.12158203,2200.51,16.74,0.8716355711221695,947,7730,1.491959,-0.0031824068,989440,8496.332681655884,7915520,0.010991496
0.00014599481,0.11010742,2200.51,16.74,0.8218429088592529,934,7731,1.3960193,-0.0031730183,989568,8497.428721904755,7916544,0.021214405
0.0001393471,0.13867188,2197.52,16.77,0.6921475827693939,950,7732,1.4757367,-0.003456973,989696,8498.506922721863,7917568,0.03313914
0.00011002747,0.09301758,2197.52,16.77,0.8706810027360916,928,7733,1.4531624,-0.0029090778,989824,8499.610223531723,7918592,0.012605002
0.0001634446,0.119140625,2184.38,16.83,0.8703028708696365,942,7734,1.4349179,-0.0031308113,989952,8500.697113275528,7919616,0.0127460705
0.00014083686,0.13061523,2184.38,16.83,0.8812453001737595,971,7735,1.4529591,-0.002810244,990080,8501.75192952156,7920640,0.012921699
0.00019852926,0.1328125,2184.38,16.83,0.8401929438114166,983,7736,1.4567331,-0.0033528295,990208,8502.79405927658,7921664,0.014727176
0.00015856669,0.11791992,2187.9,16.81,0.8134642243385315,946,7737,1.4365295,-0.0027852617,990336,8503.876085042953,7922688,0.020301513
0.00016989974,0.17114258,2190.66,16.77,0.8791957646608353,956,7738,1.4563837,-0.0037306494,990464,8504.947788476944,7923712,0.012395056
0.00013588049,0.13232422,2190.66,16.77,0.8163953423500061,954,7739,1.4151266,-0.0034975302,990592,8506.020849227905,7924736,0.024890732
0.00017048465,0.14355469,2190.66,16.77,0.834537923336029,974,7740,1.4492404,-0.0032929233,990720,8507.07211446762,7925760,0.012429118
0.00018737653,0.12939453,2190.44,16.75,0.7020744979381561,969,7741,1.4073777,-0.003758475,990848,8508.12917470932,7926784,0.02955257
0.00013835583,0.10180664,2190.44,16.75,0.7001384496688843,972,7742,1.435601,-0.0033478653,990976,8509.182883501053,7927808,0.033809017
0.0001390499,0.12646484,2190.44,16.75,0.8642240166664124,957,7743,1.4594132,-0.0034904904,991104,8510.253669977188,7928832,0.013723418
0.0001543085,0.115234375,2190.44,16.75,0.8617550432682037,923,7744,1.502359,-0.0035321875,991232,8511.362803936005,7929856,0.016330061
0.00018217397,0.12646484,2190.44,16.75,0.8540100902318954,937,7745,1.459316,-0.002999289,991360,8512.455779314041,7930880,0.010752032
0.00013826061,0.12060547,2194.32,16.7,0.8763320297002792,946,7746,1.4141302,-0.0035173083,991488,8513.53835773468,7931904,0.013686239
0.00023722717,0.15429688,2196.9,16.7,0.8586679250001907,907,7747,1.3986468,-0.0031495048,991616,8514.667860746384,7932928,0.01778766
0.0001250007,0.115234375,2196.9,16.7,0.8087444752454758,982,7748,1.5045216,-0.0030163815,991744,8515.711603164673,7933952,0.010405312
0.00012630568,0.12939453,2196.9,16.7,0.8698225319385529,968,7749,1.4688209,-0.003093579,991872,8516.769893884659,7934976,0.014446303
0.00011017152,0.10644531,2196.9,16.7,0.8094907850027084,979,7750,1.4835489,-0.0033497426,992000,8517.815931558609,7936000,0.015836226
0.00019595984,0.14208984,2199.45,16.72,0.7844941467046738,957,7751,1.4153669,-0.0030148646,992128,8518.88596200943,7937024,0.02172998
0.00023319681,0.17114258,2201.52,16.72,0.8321761637926102,956,7752,1.3961883,-0.0043907734,992256,8519.957317352295,7938048,0.017877083
0.00013962068,0.125,2200.28,16.76,0.7511042058467865,949,7753,1.4559847,-0.0031343387,992384,8521.036487340927,7939072,0.022765491
0.00017220156,0.14501953,2200.28,16.76,0.879507876932621,971,7754,1.4674667,-0.0030359388,992512,8522.091562986374,7940096,0.010364702
0.00014445306,0.14428711,2200.28,16.76,0.9410980679094791,968,7755,1.5375725,-0.0031223581,992640,8523.15014076233,7941120,0.004981418
0.0001393573,0.11621094,2200.28,16.76,0.8970869034528732,929,7756,1.4426727,-0.0028341606,992768,8524.252108573914,7942144,0.007561186
0.00014641204,0.15136719,2200.28,16.76,0.8509494364261627,910,7757,1.5004333,-0.0034468158,992896,8525.377158641815,7943168,0.00872279
0.00013600245,0.1381836,2202.35,16.76,0.8465673476457596,901,7758,1.4982446,-0.0030065961,993024,8526.51334810257,7944192,0.014051637
0.00012873177,0.14013672,2202.35,16.76,0.9229482337832451,941,7759,1.4867647,-0.0031853872,993152,8527.601650476456,7945216,0.00778015
0.00015640122,0.16918945,2202.35,16.76,0.7759226113557816,916,7760,1.4508634,-0.0035943394,993280,8528.719552993774,7946240,0.019034734
0.00011633028,0.12451172,2202.35,16.76,0.865406796336174,926,7761,1.4908755,-0.0031827579,993408,8529.825120210648,7947264,0.012377338
0.00017376986,0.115722656,2200.74,16.82,0.8902647718787193,956,7762,1.4213331,-0.002819611,993536,8530.896757364273,7948288,0.0104393205
0.00014906938,0.1315918,2200.74,16.82,0.7499710619449615,960,7763,1.426937,-0.0030025842,993664,8531.964059591293,7949312,0.023202851
0.00016508621,0.111816406,2200.74,16.82,0.791612982749939,974,7764,1.4373195,-0.0028420105,993792,8533.015963077545,7950336,0.023193792
9.998965e-05,0.10498047,2200.74,16.82,0.7466645538806915,943,7765,1.4366385,-0.0030362832,993920,8534.10236954689,7951360,0.02260226
0.00021781246,0.16015625,2196.51,16.85,0.8565588593482971,945,7766,1.3926593,-0.004204909,994048,8535.186045885086,7952384,0.015245325
0.00011936565,0.12060547,2189.25,16.93,0.8588433861732483,906,7767,1.4693431,-0.0030838968,994176,8536.316663742065,7953408,0.014964334
0.000161785,0.13232422,2189.25,16.93,0.7929225564002991,926,7768,1.4207532,-0.003494497,994304,8537.422924757004,7954432,0.02138666
0.00017853394,0.1730957,2189.25,16.93,0.8615992814302444,957,7769,1.4736696,-0.0036455635,994432,8538.493614196777,7955456,0.017528841
0.00015460783,0.14648438,2189.25,16.93,0.750359982252121,935,7770,1.5023316,-0.002745313,994560,8539.589470148087,7956480,0.014698414
0.00018197283,0.14331055,2189.25,16.93,0.8622650653123856,946,7771,1.4723157,-0.003025712,994688,8540.672130584717,7957504,0.012161586
0.00011409992,0.09106445,2192.71,16.9,0.7671784907579422,947,7772,1.4659345,-0.003065938,994816,8541.753962993622,7958528,0.025149636
0.00015512072,0.16381836,2192.71,16.9,0.8674769401550293,955,7773,1.4556295,-0.0033808008,994944,8542.827100753784,7959552,0.012793866
0.00017468583,0.13476562,2192.71,16.9,0.7368793487548828,962,7774,1.456348,-0.0030889618,995072,8543.892008781433,7960576,0.023783045
9.419376e-05,0.09033203,2192.71,16.9,0.7798728793859482,924,7775,1.4820572,-0.0028601685,995200,8544.999859571457,7961600,0.015243381
0.00013002938,0.1303711,2192.71,16.9,0.8422250598669052,954,7776,1.4742768,-0.003554791,995328,8546.073425531387,7962624,0.014974988
0.000115762305,0.11645508,2194.44,16.91,0.8247823566198349,953,7777,1.4565684,-0.003516079,995456,8547.14848613739,7963648,0.021869512
0.00015965987,0.14868164,2194.44,16.91,0.7986435443162918,977,7778,1.424376,-0.003686995,995584,8548.196740865707,7964672,0.022893457
0.00011519208,0.11254883,2194.44,16.91,0.8331469893455505,971,7779,1.4401147,-0.0033994059,995712,8549.251728057861,7965696,0.016912667
0.00012465504,0.11816406,2194.7,16.94,0.8008617758750916,908,7780,1.4062549,-0.0032331944,995840,8550.379293680191,7966720,0.021628233
0.00015410072,0.11450195,2194.7,16.94,0.7415498197078705,974,7781,1.3227491,-0.0031709252,995968,8551.430634021759,7967744,0.027737081
0.00013730455,0.11425781,2194.7,16.94,0.906192846596241,932,7782,1.4297726,-0.0033425014,996096,8552.530086278915,7968768,0.0115112215
0.00013118505,0.12451172,2195.11,16.97,0.7996455579996109,968,7783,1.4604594,-0.0028346782,996224,8553.588797807693,7969792,0.020569196
0.00014485075,0.14770508,2195.11,16.97,0.7906341999769211,947,7784,1.4654033,-0.003212634,996352,8554.669871807098,7970816,0.02789338
0.00020112749,0.17285156,2199.39,16.96,0.9048547744750977,958,7785,1.4384537,-0.0039311927,996480,8555.739310026169,7971840,0.008852493
0.00015573278,0.15991211,2206.7,16.87,0.8178528398275375,963,7786,1.4275292,-0.0029355697,996608,8556.802356481552,7972864,0.017932262
0.00017094897,0.14941406,2206.7,16.87,0.8901995494961739,974,7787,1.485097,-0.0034963388,996736,8557.854205608368,7973888,0.009705769
0.00013741397,0.13256836,2206.7,16.87,0.8508151322603226,990,7788,1.383635,-0.0029883373,996864,8558.888684988022,7974912,0.017935256
0.00014640593,0.1237793,2206.7,16.87,0.8928006067872047,987,7789,1.4667207,-0.0034395012,996992,8559.925871372223,7975936,0.0108406115
0.00014267485,0.1484375,2204.97,16.86,0.8707606792449951,962,7790,1.4724455,-0.0033202146,997120,8560.98992395401,7976960,0.008963971
0.00012507752,0.11669922,2204.97,16.86,0.9131560176610947,967,7791,1.4906175,-0.0030100022,997248,8562.04946565628,7977984,0.0048631057
0.00019540361,0.09814453,2204.97,16.86,0.9273564517498016,966,7792,1.4653882,-0.0025102983,997376,8563.109455823898,7979008,0.0068658204
0.00013075885,0.1315918,2204.97,16.86,0.8370613157749176,980,7793,1.4436557,-0.0031948069,997504,8564.154595851898,7980032,0.020128528
0.00017117287,0.15795898,2200.03,16.92,0.9078056961297989,951,7794,1.4145888,-0.0035291107,997632,8565.232069730759,7981056,0.00854424
0.000189299,0.13134766,2195.9,16.98,0.8169766664505005,954,7795,1.4472219,-0.0032535084,997760,8566.305771827698,7982080,0.023527766
0.00015829757,0.1315918,2203.26,16.92,0.8466034978628159,939,7796,1.3826165,-0.0032470569,997888,8567.396498203278,7983104,0.017329527
0.0001531131,0.14160156,2203.26,16.92,0.7729405760765076,960,7797,1.4336091,-0.003038162,998016,8568.463361024857,7984128,0.029757319
0.00014703181,0.1315918,2203.26,16.92,0.7884275913238525,943,7798,1.3460323,-0.0032918765,998144,8569.549520254135,7985152,0.026683811
0.00017927185,0.14208984,2203.26,16.92,0.8160869926214218,948,7799,1.4657636,-0.003851824,998272,8570.629977703094,7986176,0.020659119
0.00013792196,0.14697266,2200.38,16.93,0.7756824940443039,897,7800,1.3919857,-0.0032136692,998400,8571.77169919014,7987200,0.031608175
0.00014168116,0.14526367,2200.38,16.93,0.9083226695656776,964,7801,1.4350545,-0.003484732,998528,8572.833801269531,7988224,0.010061457
0.00014826772,0.114990234,2200.38,16.93,0.7267710864543915,909,7802,1.4296616,-0.0028714803,998656,8573.960702896118,7989248,0.03413792
0.00021106773,0.1574707,2201.69,16.92,0.7899530231952667,904,7803,1.382699,-0.0033961907,998784,8575.094089508057,7990272,0.02892673
0.00013919297,0.11694336,2201.69,16.92,0.7830372452735901,939,7804,1.4650882,-0.0031898408,998912,8576.18503332138,7991296,0.020588102
0.00013447058,0.119140625,2201.69,16.92,0.8936855047941208,958,7805,1.4365022,-0.003143493,999040,8577.253626823425,7992320,0.011476014
0.000199437,0.15942383,2205.75,16.86,0.6775724291801453,938,7806,1.4184259,-0.0028642933,999168,8578.345071315765,7993344,0.025728099
0.00017971458,0.16015625,2202.34,16.93,0.8160135895013809,968,7807,1.4030883,-0.0033288558,999296,8579.403513669968,7994368,0.019261492
0.00011842357,0.122558594,2202.34,16.93,0.9177248626947403,943,7808,1.4770019,-0.0031167204,999424,8580.489200115204,7995392,0.007376717
0.00013007766,0.15795898,2200.2,16.97,0.9066470563411713,937,7809,1.4924872,-0.0036361176,999552,8581.581679105759,7996416,0.0057207816
0.00016135385,0.13574219,2200.2,16.97,0.8474864810705185,962,7810,1.4132786,-0.0031162256,999680,8582.646014213562,7997440,0.019687297
0.00013533242,0.12695312,2200.2,16.97,0.8057703822851181,973,7811,1.449265,-0.0027498933,999808,8583.698318481445,7998464,0.022447964
0.00014583096,0.13891602,2200.2,16.97,0.8380233198404312,964,7812,1.4076073,-0.0031115809,999936,8584.76029253006,7999488,0.013880879
0.00014047012,0.16821289,2192.4,17.0,0.8552588522434235,956,7813,1.493786,-0.0032496015,1000064,8585.831737279892,8000512,0.014140799
0.00016676074,0.13085938,2195.03,17.0,0.8872134685516357,959,7814,1.382032,-0.0030942317,1000192,8586.899992465973,8001536,0.013000298
0.000116512485,0.115234375,2191.93,17.02,0.8123850226402283,978,7815,1.4542571,-0.0029951672,1000320,8587.947567224503,8002560,0.015735483
0.00016295635,0.14770508,2195.43,16.95,0.7758477032184601,953,7816,1.4358977,-0.0035491108,1000448,8589.021901130676,8003584,0.025512215
0.00017099324,0.14550781,2195.43,16.95,0.8603582382202148,984,7817,1.4389656,-0.0034954068,1000576,8590.063084363937,8004608,0.020634871
0.00010655532,0.1003418,2195.43,16.95,0.8148075938224792,966,7818,1.440377,-0.0030511236,1000704,8591.124134540558,8005632,0.023733603
0.00012213919,0.12011719,2192.08,16.99,0.7847965359687805,958,7819,1.5048447,-0.0026071416,1000832,8592.192965745926,8006656,0.013527719
0.00012761295,0.16625977,2192.08,16.99,0.8983849212527275,957,7820,1.5015893,-0.0028315743,1000960,8593.263418674469,8007680,0.0063780774
0.0001578913,0.11669922,2192.08,16.99,0.8153861612081528,919,7821,1.4051542,-0.0028326022,1001088,8594.377583742142,8008704,0.016804017
0.00015684824,0.17285156,2194.74,16.96,0.8869201019406319,897,7822,1.4759938,-0.0030243194,1001216,8595.519176244736,8009728,0.011296529
0.00014695636,0.1184082,2194.74,16.96,0.7963528037071228,933,7823,1.4372945,-0.0026872815,1001344,8596.616577386856,8010752,0.024877725
0.00023197348,0.14379883,2194.74,16.96,0.8285870552062988,895,7824,1.4328655,-0.0036667571,1001472,8597.761172294617,8011776,0.01925386
0.00013617279,0.16088867,2194.74,16.96,0.8446392565965652,921,7825,1.4845656,-0.003293763,1001600,8598.873604774475,8012800,0.014458884
0.00013377711,0.12036133,2194.74,16.96,0.7741990983486176,899,7826,1.4459424,-0.0029000035,1001728,8600.012306451797,8013824,0.025649419
0.00015665269,0.14697266,2194.74,16.96,0.852127805352211,973,7827,1.3592248,-0.0036024093,1001856,8601.064668178558,8014848,0.017239377
0.00012723205,0.13208008,2190.48,16.92,0.7807015925645828,937,7828,1.4383767,-0.0031626003,1001984,8602.158190727234,8015872,0.025287857
0.00016384263,0.15063477,2190.48,16.92,0.8576906770467758,974,7829,1.349508,-0.00350413,1002112,8603.209478616714,8016896,0.01839747
0.00012854302,0.13720703,2190.48,16.92,0.8706540912389755,967,7830,1.4713213,-0.0033169296,1002240,8604.269092321396,8017920,0.008339678
0.00016695641,0.17041016,2190.48,16.92,0.953159362077713,967,7831,1.4825686,-0.0037274635,1002368,8605.328640699387,8018944,0.0036381758
0.00016325185,0.16796875,2193.22,16.89,0.8664904087781906,947,7832,1.4238037,-0.0037521406,1002496,8606.410615682602,8019968,0.012875033
0.00015906472,0.12988281,2192.43,16.92,0.8229914158582687,978,7833,1.3787717,-0.0031666062,1002624,8607.458186149597,8020992,0.018631276
9.010757e-05,0.11987305,2192.43,16.92,0.8708328753709793,981,7834,1.4403554,-0.0028671438,1002752,8608.501878023148,8022016,0.013969047
0.00016108969,0.16870117,2197.03,16.89,0.8198689371347427,957,7835,1.4439516,-0.0032489046,1002880,8609.571523427963,8023040,0.018850623
0.00016446288,0.12719727,2197.03,16.89,0.8953009694814682,960,7836,1.441326,-0.0032305894,1003008,8610.637952327728,8024064,0.013194372
0.00013527235,0.107421875,2197.03,16.89,0.8441272377967834,941,7837,1.4474887,-0.0031193458,1003136,8611.72647690773,8025088,0.0150295505
0.00013950244,0.14990234,2197.03,16.89,0.8514142334461212,934,7838,1.4395148,-0.0031992574,1003264,8612.82318854332,8026112,0.015590186
0.00013235617,0.14038086,2202.46,16.84,0.8533447980880737,940,7839,1.4657553,-0.0037940773,1003392,8613.912883758545,8027136,0.016562749
0.00013339042,0.13964844,2202.46,16.84,0.7942635267972946,966,7840,1.4132497,-0.0028032905,1003520,8614.973348617554,8028160,0.01732439
0.00012144755,0.1430664,2202.46,16.84,0.9292420148849487,973,7841,1.4746246,-0.0036666926,1003648,8616.02615904808,8029184,0.0040680505
0.0001401197,0.1381836,2202.46,16.84,0.8570449501276016,949,7842,1.5057621,-0.0030571925,1003776,8617.10522055626,8030208,0.012872052
0.00013930276,0.13330078,2202.46,16.84,0.7564384192228317,960,7843,1.3569295,-0.0030465564,1003904,8618.171531915665,8031232,0.032904334
0.00012529857,0.111328125,2196.26,16.93,0.8572432994842529,920,7844,1.4627341,-0.003221639,1004032,8619.284393787384,8032256,0.012864692
0.0001252606,0.1574707,2196.26,16.93,0.8813219889998436,973,7845,1.4574926,-0.0030843208,1004160,8620.337120771408,8033280,0.012167152
0.000177407,0.11816406,2194.57,16.93,0.7320652902126312,938,7846,1.3762102,-0.002824676,1004288,8621.42872786522,8034304,0.031992305
0.00010746006,0.1159668,2198.4,16.91,0.8498296290636063,956,7847,1.396306,-0.0026509792,1004416,8622.500174760818,8035328,0.011767782
0.00014453557,0.12963867,2198.4,16.91,0.8839297294616699,979,7848,1.4758842,-0.002844034,1004544,8623.546847343445,8036352,0.012550794
0.00013782513,0.13134766,2198.4,16.91,0.7813555747270584,987,7849,1.4764732,-0.0029361406,1004672,8624.584734916687,8037376,0.018383067
0.000120067976,0.12646484,2198.4,16.91,0.7846812009811401,975,7850,1.4062817,-0.0029092229,1004800,8625.635661125183,8038400,0.03383864
0.00016007903,0.12890625,2198.4,16.91,0.8589531928300858,969,7851,1.410413,-0.0031674902,1004928,8626.693113803864,8039424,0.015070332
0.000117200136,0.109375,2198.4,16.91,0.6217797100543976,908,7852,1.4214364,-0.0018190532,1005056,8627.82135796547,8040448,0.048587028
0.00013135774,0.10595703,2202.14,16.88,0.7880910187959671,960,7853,1.4422352,-0.0028249938,1005184,8628.888769388199,8041472,0.01805381
0.00015171914,0.16625977,2202.14,16.88,0.8371618539094925,966,7854,1.4049848,-0.0032650945,1005312,8629.948880910873,8042496,0.021602934
0.00019968969,0.12817383,2202.14,16.88,0.7192022800445557,933,7855,1.4255517,-0.003354533,1005440,8631.046895742416,8043520,0.026718827
0.00015943243,0.15063477,2199.47,16.89,0.8682130426168442,930,7856,1.4849395,-0.003516959,1005568,8632.14868426323,8044544,0.0106252
0.00020537674,0.14672852,2198.65,16.88,0.748561441898346,900,7857,1.3708456,-0.0034288152,1005696,8633.286612510681,8045568,0.039483517
0.00013294542,0.111328125,2198.65,16.88,0.787529394030571,912,7858,1.4516318,-0.0025491086,1005824,8634.41010594368,8046592,0.020140616
0.00018228801,0.14624023,2198.26,16.89,0.9020797610282898,967,7859,1.4820846,-0.0028302614,1005952,8635.469064474106,8047616,0.008064658
0.00012956213,0.14282227,2198.26,16.89,0.8378962725400925,947,7860,1.4506935,-0.003053772,1006080,8636.550832986832,8048640,0.017119946
0.00015554078,0.13623047,2200.73,16.88,0.727686733007431,897,7861,1.3703983,-0.0032086696,1006208,8637.692128896713,8049664,0.02883817
0.00014045213,0.12915039,2200.85,16.87,0.8616772443056107,884,7862,1.4293185,-0.0032840143,1006336,8638.850307941437,8050688,0.012890676
0.00013603386,0.14501953,2200.85,16.87,0.7573677450418472,911,7863,1.4718624,-0.002723435,1006464,8639.974930047989,8051712,0.017473971
0.00015156291,0.17822266,2200.85,16.87,0.9298228994011879,899,7864,1.4830257,-0.0039319294,1006592,8641.114027500153,8052736,0.0042010187
0.00012392376,0.14233398,2200.85,16.87,0.8766920566558838,933,7865,1.451945,-0.0031499479,1006720,8642.21143245697,8053760,0.009825156
0.00018693539,0.11450195,2202.51,16.84,0.9050250798463821,878,7866,1.4782215,-0.0030475643,1006848,8643.377452373505,8054784,0.008127024
0.000132167,0.14819336,2202.51,16.84,0.8598114401102066,982,7867,1.4554709,-0.0027451562,1006976,8644.420796871185,8055808,0.013235833
0.00010510671,0.11230469,2202.51,16.84,0.8765562027692795,970,7868,1.4349685,-0.0027434528,1007104,8645.47670340538,8056832,0.008976012
0.00013179512,0.14526367,2202.51,16.84,0.771749421954155,975,7869,1.4852973,-0.002961652,1007232,8646.52727985382,8057856,0.021867678
0.00017812256,0.15600586,2198.99,16.88,0.8032190054655075,957,7870,1.4378569,-0.003618433,1007360,8647.59718632698,8058880,0.024397437
0.00013860919,0.140625,2198.67,16.9,0.7628286331892014,961,7871,1.455249,-0.0027949833,1007488,8648.66321182251,8059904,0.021011703
0.00017332211,0.14428711,2198.67,16.9,0.7246010303497314,953,7872,1.3617446,-0.0029591494,1007616,8649.73781657219,8060928,0.038320597
0.00018220846,0.18237305,2198.67,16.9,0.810507133603096,959,7873,1.3509443,-0.0035694668,1007744,8650.80564379692,8061952,0.022599233
0.00013393615,0.14038086,2191.5,16.97,0.8232270628213882,935,7874,1.3600637,-0.0031935454,1007872,8651.90139079094,8062976,0.020872766
0.00015694054,0.119628906,2190.16,16.99,0.8459393531084061,937,7875,1.3941469,-0.0033704166,1008000,8652.994517803192,8064000,0.021524351
0.00011304993,0.11376953,2190.16,16.99,0.830946683883667,964,7876,1.4387162,-0.0031707585,1008128,8654.057070016861,8065024,0.015449022
0.00012916369,0.14770508,2182.36,17.03,0.8219911456108093,960,7877,1.4229456,-0.003750904,1008256,8655.123937368393,8066048,0.016804114
0.00014873387,0.15551758,2182.36,17.03,0.8044479638338089,963,7878,1.4186432,-0.0035495614,1008384,8656.187040805817,8067072,0.026474467
0.00014402479,0.15576172,2182.36,17.03,0.7167870998382568,973,7879,1.4129261,-0.0034706052,1008512,8657.239645242691,8068096,0.039703917
0.00023212237,0.18725586,2182.36,17.03,0.8543310910463333,963,7880,1.3740528,-0.0030831415,1008640,8658.302865982056,8069120,0.019811898
0.00016947965,0.123535156,2181.03,17.01,0.8684551119804382,952,7881,1.399198,-0.002617652,1008768,8659.379036188126,8070144,0.011993212
0.00011548283,0.1081543,2188.73,16.94,0.9068284928798676,941,7882,1.410856,-0.0030141107,1008896,8660.467560768127,8071168,0.0119449375
0.0001342113,0.15405273,2184.47,16.98,0.8901350349187851,963,7883,1.4387791,-0.002876114,1009024,8661.531444072723,8072192,0.014039237
0.00015319588,0.13647461,2184.47,16.98,0.8050545752048492,962,7884,1.4121442,-0.0025090626,1009152,8662.595678567886,8073216,0.019167723
0.00012328748,0.15112305,2184.47,16.98,0.6421843767166138,974,7885,1.4701071,-0.0032071446,1009280,8663.64747095108,8074240,0.02376286
0.00014023621,0.14086914,2184.47,16.98,0.8740541040897369,951,7886,1.4201554,-0.0032802355,1009408,8664.724394083023,8075264,0.0151083805
0.00018084206,0.1159668,2184.47,16.98,0.8463215529918671,896,7887,1.3214761,-0.0027594792,1009536,8665.867461681366,8076288,0.023647932
9.465622e-05,0.111816406,2184.47,16.98,0.8886205479502678,907,7888,1.4808636,-0.0033701984,1009664,8666.99712228775,8077312,0.011431107
0.00022850787,0.11328125,2184.47,16.98,0.9202468916773796,976,7889,1.4127262,-0.00283384,1009792,8668.046342611313,8078336,0.012030385
0.00013689096,0.13061523,2185.8,16.95,0.7503608018159866,921,7890,1.47143,-0.0026881779,1009920,8669.158553600311,8079360,0.023623284
0.00015724635,0.13891602,2185.8,16.95,0.7781261205673218,977,7891,1.4008709,-0.0029511482,1010048,8670.206503629684,8080384,0.019958334
0.00013554683,0.12475586,2185.8,16.95,0.7283525764942169,961,7892,1.4924837,-0.0030241506,1010176,8671.272286891937,8081408,0.023638703
0.00012757808,0.12646484,2185.5,16.95,0.8862590044736862,948,7893,1.400465,-0.003014271,1010304,8672.353533267975,8082432,0.01356959
0.0001545647,0.14257812,2185.5,16.95,0.819120466709137,904,7894,1.4485437,-0.0029302468,1010432,8673.48687005043,8083456,0.014646041
0.00016424635,0.15112305,2182.8,17.04,0.8979949578642845,970,7895,1.4318676,-0.0034725359,1010560,8674.542824745178,8084480,0.009631146
0.000119344106,0.15649414,2182.8,17.04,0.9110463857650757,964,7896,1.5103085,-0.0032891287,1010688,8675.605642080307,8085504,0.004583619
0.000111547786,0.1430664,2182.8,17.04,0.8752042502164841,976,7897,1.4625143,-0.002937855,1010816,8676.655596494675,8086528,0.014703058
0.00011455866,0.13769531,2182.8,17.04,0.849009320139885,919,7898,1.4342239,-0.0034592007,1010944,8677.770320892334,8087552,0.019677239
0.00015200382,0.14941406,2184.54,17.05,0.8774087429046631,891,7899,1.4119811,-0.0036597005,1011072,8678.919731140137,8088576,0.014115623
0.00012873387,0.1303711,2186.5,17.06,0.8146333694458008,886,7900,1.3737338,-0.002733739,1011200,8680.075764417648,8089600,0.023612868
0.0001265975,0.14990234,2186.5,17.06,0.9042139872908592,956,7901,1.4738963,-0.0036570397,1011328,8681.147546768188,8090624,0.010953773
0.000134534,0.140625,2183.0,17.07,0.7443765997886658,901,7902,1.446101,-0.003228386,1011456,8682.283542871475,8091648,0.022782905
0.00012225578,0.107910156,2183.0,17.07,0.784958690404892,902,7903,1.4098719,-0.0023363247,1011584,8683.41958117485,8092672,0.020612717
0.00014736538,0.1328125,2183.0,17.07,0.873361274600029,899,7904,1.4500289,-0.0027055175,1011712,8684.55932545662,8093696,0.011410255
0.0001013406,0.103515625,2177.23,17.09,0.8644638359546661,914,7905,1.4623616,-0.0028716002,1011840,8685.679607391357,8094720,0.01478702
0.00013917495,0.15039062,2177.23,17.09,0.8863094598054886,905,7906,1.421771,-0.0027453515,1011968,8686.811049222946,8095744,0.012749622
0.000111900095,0.1340332,2177.23,17.09,0.8296553790569305,978,7907,1.4266523,-0.002967495,1012096,8687.85780119896,8096768,0.017069116
0.00016510522,0.15039062,2177.23,17.09,0.8460938781499863,959,7908,1.435981,-0.0026901562,1012224,8688.925811767578,8097792,0.016459653
0.00015042136,0.13671875,2177.23,17.09,0.8321472853422165,977,7909,1.4305439,-0.0031026346,1012352,8689.974012851715,8098816,0.020827606
0.00011538881,0.12817383,2172.48,17.13,0.7835729718208313,952,7910,1.4673512,-0.0029484075,1012480,8691.049847841263,8099840,0.02366735
0.0001167988,0.14648438,2172.48,17.13,0.8748810440301895,979,7911,1.4379792,-0.0031934706,1012608,8692.095675230026,8100864,0.01479813
0.00016711479,0.1484375,2172.48,17.13,0.8836345002055168,971,7912,1.4253044,-0.0032994272,1012736,8693.151026725769,8101888,0.015736189
0.0001630868,0.1730957,2172.64,17.13,0.7950921803712845,941,7913,1.4359648,-0.0032085786,1012864,8694.240112066269,8102912,0.016536463
0.00014207317,0.13085938,2178.4,17.12,0.8490392863750458,942,7914,1.3787503,-0.0030311737,1012992,8695.327195167542,8103936,0.018390309
0.00013241524,0.13574219,2178.75,17.11,0.8021554946899414,960,7915,1.3678104,-0.0030141345,1013120,8696.393880605698,8104960,0.024288159
0.00012148273,0.11010742,2178.75,17.11,0.8749325424432755,950,7916,1.4948658,-0.0029803,1013248,8697.471970319748,8105984,0.010396731
0.000110909954,0.14013672,2178.75,17.11,0.8300463855266571,973,7917,1.4493136,-0.002740269,1013376,8698.524823665619,8107008,0.016644424
0.0001341443,0.14550781,2179.92,17.1,0.7651337832212448,959,7918,1.4272327,-0.0031668018,1013504,8699.593274116516,8108032,0.02099907
0.00018439577,0.14941406,2179.92,17.1,0.8639976531267166,978,7919,1.3907646,-0.003388857,1013632,8700.640133142471,8109056,0.018229956
0.000104604376,0.13232422,2179.92,17.1,0.8490968197584152,964,7920,1.4431832,-0.00304757,1013760,8701.702469587326,8110080,0.017141651
0.0001104716,0.12719727,2179.92,17.1,0.7816000133752823,969,7921,1.4382076,-0.0031699047,1013888,8702.759887218475,8111104,0.023709964
0.0001243608,0.12597656,2179.92,17.1,0.8079989701509476,964,7922,1.4390324,-0.0034912713,1014016,8703.822343111038,8112128,0.02088883
0.00011530009,0.115234375,2175.36,17.14,0.7741346955299377,938,7923,1.3999844,-0.0029361742,1014144,8704.91422200203,8113152,0.017066585
0.00011558437,0.12695312,2177.94,17.13,0.8654453456401825,956,7924,1.4424316,-0.0031866052,1014272,8705.985128641129,8114176,0.012101891
0.00011765293,0.14624023,2177.94,17.13,0.9041217043995857,978,7925,1.4380836,-0.0034187108,1014400,8707.031881809235,8115200,0.012219421
0.00012691741,0.12915039,2177.94,17.13,0.8035258650779724,972,7926,1.4954787,-0.002526382,1014528,8708.085047006607,8116224,0.015106991
0.00013818595,0.12060547,2177.94,17.13,0.9114635288715363,975,7927,1.4546803,-0.0031289659,1014656,8709.135034561157,8117248,0.011016735
0.000101162324,0.12109375,2177.94,17.13,0.8312576860189438,964,7928,1.4596285,-0.0030323302,1014784,8710.198210477829,8118272,0.0116512785
0.00011946977,0.1508789,2177.94,17.13,0.805678203701973,966,7929,1.4939469,-0.00294365,1014912,8711.25858449936,8119296,0.018514467
0.00015792038,0.13916016,2177.94,17.13,0.9047139436006546,946,7930,1.4150095,-0.0029692524,1015040,8712.341725111008,8120320,0.0133016305
0.0001481211,0.14648438,2180.83,17.13,0.8871577829122543,888,7931,1.4531664,-0.0034515997,1015168,8713.49554848671,8121344,0.01036057
0.0001683957,0.18139648,2181.26,17.14,0.8105404525995255,955,7932,1.4866474,-0.002511578,1015296,8714.568208694458,8122368,0.021734634
0.0001458857,0.14013672,2182.06,17.11,0.7463373839855194,898,7933,1.4245403,-0.0031278492,1015424,8715.709001541138,8123392,0.027443238
0.00012537806,0.12695312,2186.62,17.08,0.6362243890762329,950,7934,1.4086446,-0.0031766142,1015552,8716.787505149841,8124416,0.051725596
0.00015844009,0.123046875,2186.62,17.08,0.7329896092414856,961,7935,1.4054918,-0.003092852,1015680,8717.853440761566,8125440,0.025915336
0.000119582364,0.14282227,2181.47,17.12,0.9229805693030357,930,7936,1.4929022,-0.0035656965,1015808,8718.954815626144,8126464,0.0077815624
0.00012227739,0.15649414,2181.47,17.12,0.8786956518888474,915,7937,1.4782369,-0.0028775306,1015936,8720.074625968933,8127488,0.00700628
0.00015194184,0.15527344,2180.72,17.11,0.8818712010979652,904,7938,1.4507027,-0.0027827844,1016064,8721.208390951157,8128512,0.009572352
0.0001734945,0.1418457,2180.72,17.11,0.8403311222791672,909,7939,1.4507236,-0.0027480754,1016192,8722.334684848785,8129536,0.015653145
0.00014425695,0.16601562,2180.72,17.11,0.8364252895116806,915,7940,1.4364502,-0.002943389,1016320,8723.45349240303,8130560,0.020740896
9.522712e-05,0.12402344,2180.72,17.11,0.8749052137136459,982,7941,1.4585203,-0.0032685199,1016448,8724.496816635132,8131584,0.010707106
0.00015319769,0.12451172,2184.15,17.09,0.817961260676384,917,7942,1.3521005,-0.0026429407,1016576,8725.61401605606,8132608,0.024022808
0.000103593,0.111816406,2184.15,17.09,0.799426332116127,956,7943,1.4594125,-0.0029296563,1016704,8726.685822725296,8133632,0.017228384
0.00011371625,0.13330078,2184.15,17.09,0.8072961419820786,947,7944,1.457197,-0.0029280388,1016832,8727.767585515976,8134656,0.027502852
0.00016049462,0.1550293,2184.15,17.09,0.8010705262422562,895,7945,1.4093976,-0.0032579105,1016960,8728.911158800125,8135680,0.023559986
0.000112137524,0.1315918,2184.15,17.09,0.7287253141403198,976,7946,1.3758926,-0.0028288418,1017088,8729.960340738297,8136704,0.038622007
0.00013932787,0.13891602,2184.15,17.09,0.8023702800273895,981,7947,1.3564593,-0.003221365,1017216,8731.004038572311,8137728,0.026679454
0.00013438298,0.13745117,2184.15,17.09,0.8628551959991455,985,7948,1.4346488,-0.003776819,1017344,8732.044401168823,8138752,0.017834732
0.00013706007,0.15112305,2184.15,17.09,0.8510248512029648,972,7949,1.4029825,-0.0035851,1017472,8733.09792470932,8139776,0.02413837
0.00017300989,0.15551758,2185.86,17.11,0.8165580630302429,963,7950,1.4493978,-0.0029495908,1017600,8734.161445856094,8140800,0.019148292
0.00017460802,0.13916016,2188.18,17.11,0.8315581977367401,937,7951,1.3863554,-0.0029178504,1017728,8735.254592895508,8141824,0.02320731
0.00012638721,0.12133789,2188.18,17.11,0.7894806265830994,964,7952,1.412266,-0.0025115483,1017856,8736.317296981812,8142848,0.02977155
0.00013536234,0.16137695,2203.69,17.0,0.8181343078613281,941,7953,1.3844844,-0.0031406668,1017984,8737.406344413757,8143872,0.022314405
0.00013939104,0.16357422,2203.69,17.0,0.7451206147670746,927,7954,1.3699136,-0.002774298,1018112,8738.510937452316,8144896,0.02765681
0.00016594799,0.17089844,2203.69,17.0,0.8564382195472717,956,7955,1.3264557,-0.003004693,1018240,8739.582820653915,8145920,0.01972258
0.00022191045,0.14282227,2203.69,17.0,0.8838015645742416,974,7956,1.4613936,-0.0024557486,1018368,8740.63413476944,8146944,0.011274063
0.0001326765,0.13427734,2199.88,17.04,0.8032336682081223,948,7957,1.4832795,-0.0030871888,1018496,8741.714884519577,8147968,0.014917253
0.0001445229,0.13891602,2199.88,17.04,0.8861520364880562,971,7958,1.4309133,-0.0031387524,1018624,8742.769936561584,8148992,0.011998475
0.00010065775,0.14086914,2199.88,17.04,0.9264788329601288,958,7959,1.5156044,-0.0034637658,1018752,8743.839247226715,8150016,0.005020277
0.0001366572,0.1628418,2199.88,17.04,0.8312133103609085,954,7960,1.487332,-0.0026762602,1018880,8744.913211107254,8151040,0.017900903
0.00017787359,0.18920898,2199.88,17.04,0.7146210372447968,920,7961,1.4137297,-0.0038429582,1019008,8746.026101350784,8152064,0.033496358
0.00016677126,0.15844727,2199.88,17.04,0.8256786316633224,933,7962,1.4627426,-0.0028481353,1019136,8747.12419295311,8153088,0.017901985
0.00013102578,0.13964844,2199.88,17.04,0.7574474811553955,963,7963,1.4421982,-0.0019823825,1019264,8748.18814921379,8154112,0.01764808
0.00017484148,0.17016602,2199.23,17.04,0.9221990406513214,897,7964,1.4599783,-0.0029807698,1019392,8749.329524040222,8155136,0.008018052
0.0001396151,0.16113281,2204.21,16.95,0.7025963962078094,943,7965,1.4173235,-0.0031912322,1019520,8750.415645122528,8156160,0.031404465
0.00012781631,0.123046875,2204.21,16.95,0.8862031549215317,975,7966,1.3725926,-0.0033524171,1019648,8751.46659231186,8157184,0.01368554
0.00015025368,0.15942383,2204.21,16.95,0.78670834004879,955,7967,1.4767151,-0.0028482806,1019776,8752.539661884308,8158208,0.025555458
0.00015973866,0.123535156,2204.21,16.95,0.729852706193924,975,7968,1.4154857,-0.0027438262,1019904,8753.590559482574,8159232,0.026832169
0.00011360906,0.1340332,2204.21,16.95,0.9501933269202709,948,7969,1.4719455,-0.0031840412,1020032,8754.67119884491,8160256,0.0056049833
0.0001606392,0.14819336,2204.92,16.96,0.8381633162498474,943,7970,1.4258139,-0.0026637465,1020160,8755.75757098198,8161280,0.016824054
0.00013263934,0.14038086,2204.95,16.92,0.8927021771669388,946,7971,1.4653199,-0.0024375543,1020288,8756.839990854263,8162304,0.0109591
0.00015527749,0.15307617,2211.74,16.87,0.6650000512599945,975,7972,1.342267,-0.0034193862,1020416,8757.890994787216,8163328,0.046734698
0.00015470959,0.11328125,2211.74,16.87,0.8224842846393585,972,7973,1.3613126,-0.0030054417,1020544,8758.944879055023,8164352,0.020898327
0.00013290156,0.14526367,2211.74,16.87,0.875865712761879,978,7974,1.50484,-0.0032153083,1020672,8759.992662668228,8165376,0.010708247
0.0001308182,0.14526367,2211.74,16.87,0.8868365436792374,923,7975,1.4574189,-0.00312974,1020800,8761.102552175522,8166400,0.013725634
0.00010366792,0.115478516,2211.74,16.87,0.8378054201602936,912,7976,1.4515194,-0.0029234262,1020928,8762.225035905838,8167424,0.01642509
0.00016539474,0.19921875,2211.74,16.87,0.9138451814651489,961,7977,1.4606407,-0.003076154,1021056,8763.291263103485,8168448,0.0076631526
0.00015460912,0.13549805,2211.74,16.87,0.7403678894042969,967,7978,1.4424007,-0.0027553882,1021184,8764.350792646408,8169472,0.02228586
0.0001753787,0.16186523,2210.49,16.87,0.8542012870311737,956,7979,1.4466836,-0.0032236152,1021312,8765.421633958817,8170496,0.012808796
0.00017352622,0.16259766,2209.18,16.87,0.8901444673538208,973,7980,1.4070619,-0.002550722,1021440,8766.473856210709,8171520,0.0125365015
0.0001620866,0.13891602,2212.7,16.85,0.8382594138383865,945,7981,1.4562888,-0.0031098437,1021568,8767.557965517044,8172544,0.0122898
9.975744e-05,0.13012695,2212.7,16.85,0.8889933526515961,974,7982,1.4437398,-0.0030431186,1021696,8768.609880924225,8173568,0.014392832
0.00015102288,0.11352539,2212.7,16.85,0.802365854382515,975,7983,1.3905269,-0.0024131786,1021824,8769.660138607025,8174592,0.024277955
0.00011273982,0.13012695,2212.7,16.85,0.9233401864767075,973,7984,1.4544488,-0.002639677,1021952,8770.713063240051,8175616,0.0063027125
6.26745e-05,0.08203125,2212.65,16.87,0.8215699791908264,952,7985,1.4781287,-0.0018379572,1022080,8771.789406776428,8176640,0.012747277
0.0001333335,0.1550293,2215.15,16.85,0.7785588204860687,959,7986,1.4326265,-0.002569893,1022208,8772.857011556625,8177664,0.022560544
0.0001422399,0.14282227,2215.15,16.85,0.7280932366847992,947,7987,1.4033657,-0.0032270998,1022336,8773.938978433609,8178688,0.03222048
0.00012346359,0.14086914,2211.13,16.88,0.950503796339035,958,7988,1.4847441,-0.003587701,1022464,8775.00830411911,8179712,0.0043310137
9.8034885e-05,0.13745117,2210.04,16.85,0.809637188911438,949,7989,1.4764752,-0.00287457,1022592,8776.08715558052,8180736,0.015041433
0.00013311974,0.11694336,2210.04,16.85,0.7351775169372559,984,7990,1.3841187,-0.0028616237,1022720,8777.128340482712,8181760,0.030681437
0.00010272188,0.13989258,2210.04,16.85,0.8577476739883423,976,7991,1.4764686,-0.002247118,1022848,8778.177694797516,8182784,0.008827231
0.000102046106,0.11425781,2210.04,16.85,0.7832489609718323,975,7992,1.4503164,-0.0025772138,1022976,8779.228165149689,8183808,0.026659928
0.00011164377,0.1328125,2210.04,16.85,0.7982404679059982,967,7993,1.4421159,-0.0029218644,1023104,8780.28717470169,8184832,0.021808846
0.00020559458,0.115234375,2211.14,16.83,0.7872046679258347,921,7994,1.4517423,-0.0021694154,1023232,8781.399059295654,8185856,0.02300121
0.00010082861,0.122558594,2224.46,16.7,0.8936662971973419,941,7995,1.4720085,-0.0030934147,1023360,8782.488173007965,8186880,0.014007405
0.00012024205,0.12988281,2224.46,16.7,0.9047218188643456,970,7996,1.3916061,-0.0031205842,1023488,8783.54440665245,8187904,0.014872642
0.00013942822,0.111572266,2224.46,16.7,0.7729875147342682,949,7997,1.4304105,-0.0024170645,1023616,8784.624007701874,8188928,0.034800723
0.00016387794,0.13549805,2224.46,16.7,0.8169887363910675,973,7998,1.360785,-0.003093705,1023744,8785.676913499832,8189952,0.025554333
0.00015469488,0.16455078,2224.46,16.7,0.8021931946277618,962,7999,1.3715935,-0.003222831,1023872,8786.741617202759,8190976,0.028865214
0.00010393184,0.14746094,2225.26,16.66,0.8887110352516174,930,8000,1.4311273,-0.0034890147,1024000,8787.8423640728,8192000,0.015322611
0.00018857699,0.13623047,2216.96,16.72,0.8181113302707672,909,8001,1.403343,-0.002842826,1024128,8788.969443321228,8193024,0.030887932
0.0001149785,0.15600586,2221.5,16.67,0.7270394563674927,956,8002,1.3496642,-0.0030377242,1024256,8790.040792942047,8194048,0.03144327
0.00021880941,0.1394043,2210.89,16.78,0.8850279152393341,969,8003,1.4424465,-0.0029251198,1024384,8791.097642660141,8195072,0.011356215
0.00014809993,0.15795898,2207.61,16.84,0.8447909653186798,969,8004,1.4724483,-0.002815667,1024512,8792.154850959778,8196096,0.016124502
9.210222e-05,0.12890625,2207.61,16.84,0.8597909063100815,977,8005,1.4691664,-0.003520292,1024640,8793.203253269196,8197120,0.017081026
0.00012662809,0.15332031,2207.61,16.84,0.887837216258049,978,8006,1.4072095,-0.0033915534,1024768,8794.249949932098,8198144,0.012289868
0.00012830587,0.14428711,2217.48,16.77,0.8115038573741913,948,8007,1.4271863,-0.0032715332,1024896,8795.330076932907,8199168,0.02911608
0.00011609354,0.14501953,2217.48,16.77,0.8096648454666138,968,8008,1.3983146,-0.002758962,1025024,8796.387600183487,8200192,0.02620264
0.00014502414,0.111572266,2217.48,16.77,0.8192134946584702,958,8009,1.3897674,-0.003010008,1025152,8797.456390857697,8201216,0.022406919
0.00010054055,0.11767578,2217.48,16.77,0.8651812970638275,968,8010,1.487319,-0.0029076817,1025280,8798.514597415924,8202240,0.01014994
0.00011436395,0.14916992,2220.26,16.74,0.8466138243675232,959,8011,1.4980408,-0.0025049262,1025408,8799.582587957382,8203264,0.010771225
0.00014440149,0.16992188,2220.26,16.74,0.7612489610910416,977,8012,1.4549515,-0.0028207824,1025536,8800.630521535873,8204288,0.022460934
0.00011263439,0.12036133,2218.67,16.71,0.7292715609073639,958,8013,1.3507437,-0.0025079846,1025664,8801.699337720871,8205312,0.030003957
0.00010978666,0.14428711,2218.67,16.71,0.7151256203651428,982,8014,1.3905101,-0.0029342081,1025792,8802.742500066757,8206336,0.039633974
0.00013512335,0.16772461,2218.67,16.71,0.8121662735939026,970,8015,1.4408752,-0.0024813504,1025920,8803.798944473267,8207360,0.015329676
0.00013895489,0.13720703,2216.66,16.72,0.872630164027214,970,8016,1.4149787,-0.002903163,1026048,8804.854828119278,8208384,0.012783913
0.00011246874,0.115478516,2217.93,16.71,0.7833471894264221,946,8017,1.3844223,-0.0029595878,1026176,8805.937777996063,8209408,0.025750548
0.00011389068,0.15771484,2219.01,16.71,0.8363813608884811,953,8018,1.4083802,-0.003243988,1026304,8807.012300729752,8210432,0.027290989
0.000111136746,0.13354492,2219.01,16.71,0.8441230654716492,962,8019,1.4482691,-0.0030844095,1026432,8808.077203273773,8211456,0.01944774
0.00010640499,0.14624023,2219.01,16.71,0.8289889693260193,950,8020,1.4438889,-0.0028810161,1026560,8809.155458688736,8212480,0.01904284
0.0001151772,0.11669922,2219.01,16.71,0.7854311615228653,905,8021,1.3877602,-0.0025288183,1026688,8810.287257432938,8213504,0.024339207
0.0001254482,0.13134766,2212.06,16.78,0.8197850435972214,901,8022,1.4253669,-0.0027919335,1026816,8811.42345380783,8214528,0.025655918
0.00013405591,0.13427734,2214.8,16.71,0.8111078888177872,892,8023,1.3763976,-0.0018157966,1026944,8812.572073698044,8215552,0.019823786
0.0001623808,0.14428711,2214.8,16.71,0.8806160762906075,932,8024,1.4708651,-0.0026855194,1027072,8813.670668125153,8216576,0.01139044
0.00016176607,0.11010742,2214.8,16.71,0.8100912719964981,918,8025,1.4754541,-0.002315341,1027200,8814.785863876343,8217600,0.014776395
0.00013981255,0.15185547,2214.8,16.71,0.8303162604570389,983,8026,1.4647031,-0.002747932,1027328,8815.828214645386,8218624,0.019037353
0.00010229211,0.15991211,2214.8,16.71,0.8721611052751541,967,8027,1.450589,-0.0031118826,1027456,8816.88786149025,8219648,0.012282024
0.00014004046,0.15991211,2214.8,16.71,0.8116554468870163,972,8028,1.4703315,-0.002519636,1027584,8817.941732883453,8220672,0.01087773
0.00010436189,0.13330078,2222.99,16.62,0.9125885888934135,957,8029,1.5034847,-0.0026327695,1027712,8819.012323617935,8221696,0.0077371746
0.00011763472,0.14892578,2224.4,16.64,0.8860556557774544,969,8030,1.4746501,-0.002917171,1027840,8820.069726467133,8222720,0.008790296
0.00012305126,0.12988281,2224.87,16.64,0.7223837673664093,958,8031,1.423934,-0.0025156038,1027968,8821.138962984085,8223744,0.031758316
0.00013276743,0.14404297,2224.87,16.64,0.6660595238208771,932,8032,1.4144574,-0.0035545588,1028096,8822.238325834274,8224768,0.025930088
0.00020523145,0.15014648,2223.38,16.68,0.8515510261058807,876,8033,1.4256338,-0.0032269307,1028224,8823.407462358475,8225792,0.017284116
0.00015397818,0.14794922,2223.38,16.68,0.5857271552085876,909,8034,1.3913679,-0.0026569895,1028352,8824.534628152847,8226816,0.054080725
0.0001367465,0.13500977,2225.39,16.62,0.7399605214595795,892,8035,1.3932178,-0.00305361,1028480,8825.682735204697,8227840,0.029252112
0.00015726857,0.1875,2225.39,16.62,0.8073559254407883,983,8036,1.3793609,-0.0028073178,1028608,8826.724838972092,8228864,0.018896796
0.000119309276,0.13085938,2225.39,16.62,0.812240719795227,983,8037,1.442522,-0.002710785,1028736,8827.767169237137,8229888,0.020854214
0.00011020377,0.13110352,2225.39,16.64,0.8098022937774658,967,8038,1.3664533,-0.0032111318,1028864,8828.82623410225,8230912,0.018438756
8.754274e-05,0.107666016,2220.32,16.7,0.8204747438430786,943,8039,1.4494729,-0.0027137233,1028992,8829.912352323532,8231936,0.015123458
0.00011575012,0.12524414,2220.32,16.7,0.7809376567602158,984,8040,1.4125367,-0.002252342,1029120,8830.953528404236,8232960,0.019378766
0.000102399834,0.13183594,2220.32,16.7,0.8863168731331825,968,8041,1.4813113,-0.0027133084,1029248,8832.011193990707,8233984,0.009410692
0.00012212725,0.14501953,2220.32,16.7,0.7492300570011139,927,8042,1.4207231,-0.0024573344,1029376,8833.115672588348,8235008,0.029825259
0.00015133574,0.13671875,2220.32,16.7,0.7516020387411118,925,8043,1.3853528,-0.0025527,1029504,8834.223452329636,8236032,0.0260242
0.000114227296,0.13256836,2220.32,16.7,0.7575362920761108,958,8044,1.469032,-0.0029344026,1029632,8835.292166948318,8237056,0.020734282
9.753883e-05,0.13476562,2220.32,16.7,0.8410423845052719,917,8045,1.4691613,-0.0024593237,1029760,8836.408550739288,8238080,0.012850385
0.0001376839,0.15307617,2220.32,16.7,0.7612756788730621,911,8046,1.4462799,-0.0029006246,1029888,8837.532769680023,8239104,0.019158613
0.00014973056,0.16870117,2220.32,16.7,0.8573589473962784,955,8047,1.457675,-0.0025446508,1030016,8838.604870080948,8240128,0.012197172
8.775971e-05,0.11230469,2216.57,16.77,0.8488399088382721,897,8048,1.4131858,-0.003028456,1030144,8839.746013402939,8241152,0.015162606
0.00015409864,0.17260742,2224.59,16.71,0.687597244977951,913,8049,1.363755,-0.0030624762,1030272,8840.867602348328,8242176,0.034435943
0.00011977453,0.1550293,2225.38,16.69,0.7920394837856293,948,8050,1.3182967,-0.0027128437,1030400,8841.948877096176,8243200,0.025779389
0.00014323696,0.1381836,2225.38,16.69,0.8691833466291428,946,8051,1.4215444,-0.002083249,1030528,8843.031623125076,8244224,0.014215804
0.00011105005,0.14257812,2228.35,16.67,0.8703839629888535,910,8052,1.4446524,-0.0026086634,1030656,8844.157200813293,8245248,0.013427807
0.000110731235,0.13500977,2228.35,16.67,0.9229991436004639,934,8053,1.4981343,-0.003273008,1030784,8845.253685474396,8246272,0.005935705
0.00013638505,0.16577148,2228.35,16.67,0.7553772479295731,962,8054,1.4143118,-0.0029437277,1030912,8846.318734407425,8247296,0.028738318
0.00014693788,0.1508789,2228.35,16.67,0.8445700407028198,965,8055,1.4242182,-0.0028174254,1031040,8847.379778146744,8248320,0.014926767
0.00013903673,0.1484375,2230.17,16.67,0.8846186697483063,955,8056,1.4397087,-0.0030054166,1031168,8848.45176577568,8249344,0.010839767
0.00010023329,0.12817383,2232.76,16.64,0.8416792303323746,955,8057,1.3723528,-0.002852727,1031296,8849.524007081985,8250368,0.01928963
0.00015193074,0.19018555,2232.76,16.64,0.9294236674904823,978,8058,1.4506935,-0.0035564625,1031424,8850.570753574371,8251392,0.0068733706
0.000104578015,0.1640625,2232.76,16.64,0.8176278918981552,962,8059,1.506686,-0.0023257434,1031552,8851.63508605957,8252416,0.012344986
8.2160026e-05,0.107177734,2232.76,16.64,0.86114402115345,964,8060,1.3898361,-0.0026863292,1031680,8852.69721031189,8253440,0.019133793
0.00012401072,0.13354492,2232.76,16.64,0.825230672955513,963,8061,1.4382043,-0.002948531,1031808,8853.760909080505,8254464,0.019864008
0.0001492631,0.12646484,2232.76,16.64,0.8116534948348999,945,8062,1.4574392,-0.0022495643,1031936,8854.845202207565,8255488,0.016400281
8.625347e-05,0.13916016,2230.47,16.64,0.7701825797557831,924,8063,1.4864023,-0.0024873607,1032064,8855.954078435898,8256512,0.015258158
0.000109317894,0.12475586,2231.81,16.63,0.806287944316864,931,8064,1.4479303,-0.0030195648,1032192,8857.054198265076,8257536,0.018275287
0.00016680245,0.12817383,2229.35,16.65,0.6935276985168457,903,8065,1.4253606,-0.0028570304,1032320,8858.188922166824,8258560,0.030795416
0.00010655009,0.13916016,2228.32,16.65,0.8575545400381088,968,8066,1.402859,-0.0032637955,1032448,8859.246886253357,8259584,0.021475904
0.00013070367,0.16503906,2224.88,16.66,0.8552569001913071,954,8067,1.4077139,-0.0029628668,1032576,8860.320155143738,8260608,0.012564255
0.00015991482,0.16259766,2224.88,16.66,0.8263564854860306,980,8068,1.4752471,-0.0028032986,1032704,8861.365149259567,8261632,0.016934631
0.00013003226,0.15454102,2224.88,16.66,0.7671963423490524,965,8069,1.3996649,-0.0024714514,1032832,8862.426163196564,8262656,0.020572921
7.910678e-05,0.123291016,2220.55,16.67,0.9113073870539665,905,8070,1.4749173,-0.0026952608,1032960,8863.558347940445,8263680,0.007191201
9.147113e-05,0.125,2216.48,16.73,0.8480156809091568,932,8071,1.4380338,-0.0028013461,1033088,8864.65687584877,8264704,0.015236525
0.00012609531,0.16040039,2216.48,16.73,0.8135585933923721,972,8072,1.4349242,-0.0027247975,1033216,8865.710790395737,8265728,0.019156327
0.00013381922,0.15429688,2216.48,16.73,0.7318439781665802,966,8073,1.4088129,-0.002640104,1033344,8866.770747423172,8266752,0.032259032
9.878014e-05,0.12597656,2216.48,16.73,0.8141396641731262,979,8074,1.3963956,-0.002687079,1033472,8867.81709766388,8267776,0.017449317
0.000105418854,0.109375,2220.12,16.7,0.861486092209816,971,8075,1.4634259,-0.0024245675,1033600,8868.872030973434,8268800,0.012955273
9.319795e-05,0.1472168,2220.12,16.7,0.859380379319191,967,8076,1.4356792,-0.0028088032,1033728,8869.931119203568,8269824,0.012527285
0.00014878776,0.15917969,2220.12,16.7,0.8580058366060257,965,8077,1.4440825,-0.0031083948,1033856,8870.992313861847,8270848,0.016445713
0.00010711918,0.13378906,2216.53,16.72,0.8678480833768845,965,8078,1.4509591,-0.0025034877,1033984,8872.054162979126,8271872,0.010890545
0.00010097453,0.12109375,2216.53,16.72,0.8296130448579788,961,8079,1.4212016,-0.0026267443,1034112,8873.120314121246,8272896,0.023494484
0.00010698169,0.15405273,2216.53,16.72,0.846487894654274,972,8080,1.451756,-0.0030719382,1034240,8874.174571275711,8273920,0.014418822
0.00011628954,0.122558594,2216.53,16.72,0.7593436986207962,916,8081,1.3991735,-0.0025518714,1034368,8875.29243516922,8274944,0.024247974
0.0001222101,0.13867188,2219.05,16.68,0.8705785274505615,900,8082,1.4310474,-0.0027305104,1034496,8876.430772066116,8275968,0.014044746
0.000112914815,0.13183594,2220.39,16.68,0.8643497973680496,893,8083,1.4084204,-0.0028895454,1034624,8877.577244281769,8276992,0.013933123
0.000106071326,0.14135742,2220.52,16.68,0.791111022233963,913,8084,1.3731252,-0.0028562057,1034752,8878.698740720749,8278016,0.024734842
9.9684206e-05,0.099121094,2220.52,16.68,0.7433105707168579,906,8085,1.4419725,-0.0026810386,1034880,8879.829956054688,8279040,0.027463647
0.00012520215,0.15600586,2220.52,16.68,0.8722018301486969,906,8086,1.4216243,-0.0030366743,1035008,8880.95990395546,8280064,0.014391037
0.00012925331,0.1472168,2220.52,16.68,0.7578944563865662,901,8087,1.3590928,-0.0029631518,1035136,8882.096204996109,8281088,0.03820039
0.00010082621,0.1459961,2225.22,16.63,0.7514601051807404,905,8088,1.3693414,-0.0026657348,1035264,8883.227961301804,8282112,0.022789598
0.00013116373,0.16259766,2225.22,16.63,0.736926406621933,908,8089,1.445742,-0.0027704837,1035392,8884.355437517166,8283136,0.026656955
0.00018237265,0.13696289,2225.22,16.63,0.7566565722227097,904,8090,1.392646,-0.002789867,1035520,8885.488046169281,8284160,0.032058105
0.00010610274,0.14794922,2225.22,16.63,0.8657784909009933,958,8091,1.4501972,-0.0025210418,1035648,8886.557301998138,8285184,0.012968667
0.0001496397,0.16381836,2221.5,16.64,0.8134792298078537,944,8092,1.4165087,-0.002337377,1035776,8887.64173746109,8286208,0.01843021
0.000117474665,0.13696289,2221.5,16.64,0.9043162167072296,970,8093,1.4384646,-0.0026785238,1035904,8888.697892189026,8287232,0.011447747
9.279345e-05,0.12915039,2221.5,16.64,0.8435038924217224,980,8094,1.4863693,-0.002463369,1036032,8889.742773294449,8288256,0.010293641
0.000113041875,0.13720703,2221.5,16.64,0.9126618355512619,963,8095,1.4338377,-0.0027338597,1036160,8890.80617070198,8289280,0.008228433
8.668296e-05,0.119384766,2221.5,16.64,0.8534428626298904,929,8096,1.4609439,-0.002233763,1036288,8891.90846657753,8290304,0.017703254
0.00013598966,0.14526367,2224.52,16.64,0.8364622443914413,889,8097,1.4414953,-0.0028615475,1036416,8893.06033539772,8291328,0.01756941
0.00013255395,0.14941406,2224.52,16.64,0.8315117955207825,912,8098,1.476457,-0.0033333322,1036544,8894.183602571487,8292352,0.019737909
0.00010668561,0.15600586,2218.88,16.71,0.8286982625722885,916,8099,1.3882364,-0.0027325326,1036672,8895.302034854889,8293376,0.020405719
0.00011320664,0.15136719,2218.88,16.71,0.8746676445007324,950,8100,1.43542,-0.0033049395,1036800,8896.379577875137,8294400,0.017660689
0.00015188065,0.15063477,2218.88,16.71,0.8200726211071014,906,8101,1.4434776,-0.0027245232,1036928,8897.510387897491,8295424,0.01863607
0.00013021093,0.15893555,2218.88,16.71,0.8993675708770752,923,8102,1.437583,-0.0028916264,1037056,8898.619993686676,8296448,0.011334144
9.813127e-05,0.14257812,2225.39,16.62,0.8368537425994873,874,8103,1.4492465,-0.0026981812,1037184,8899.792383432388,8297472,0.015025085
0.00015698257,0.19165039,2225.39,16.62,0.8478120267391205,915,8104,1.4191062,-0.0029793736,1037312,8900.911094665527,8298496,0.015021156
0.00011574937,0.1171875,2225.39,16.62,0.8023544996976852,896,8105,1.4748797,-0.002340416,1037440,8902.053894519806,8299520,0.019880349
0.000116883806,0.11376953,2232.55,16.6,0.7187469005584717,886,8106,1.3727529,-0.0027241264,1037568,8903.209879159927,8300544,0.029689964
0.00012251019,0.10839844,2232.55,16.6,0.7425642013549805,915,8107,1.4665159,-0.002579571,1037696,8904.32886505127,8301568,0.025311977
8.003916e-05,0.123046875,2232.55,16.6,0.7570045590400696,959,8108,1.4488518,-0.0024873028,1037824,8905.396921634674,8302592,0.016535284
9.290667e-05,0.103027344,2232.55,16.6,0.8166524767875671,953,8109,1.4807938,-0.002301182,1037952,8906.472159862518,8303616,0.016975883
0.00010437413,0.12866211,2232.55,16.6,0.8042152673006058,902,8110,1.4326699,-0.0028237295,1038080,8907.607538938522,8304640,0.013327613
7.906943e-05,0.103759766,2232.55,16.6,0.8249180912971497,955,8111,1.4741423,-0.00245233,1038208,8908.680011034012,8305664,0.0101796305
0.00010225209,0.122802734,2221.56,16.7,0.7685361355543137,958,8112,1.3805149,-0.0028779882,1038336,8909.74860239029,8306688,0.033309996
0.00010248515,0.14477539,2224.91,16.64,0.8464525789022446,965,8113,1.3331895,-0.002845676,1038464,8910.809486150742,8307712,0.019567877
0.00018459834,0.11401367,2224.91,16.64,0.7181588709354401,980,8114,1.4100201,-0.002172328,1038592,8911.854727506638,8308736,0.036667295
9.703123e-05,0.13232422,2222.8,16.65,0.848739355802536,947,8115,1.4683275,-0.0024318486,1038720,8912.936145067215,8309760,0.014984781
9.809493e-05,0.119628906,2222.8,16.65,0.6118822395801544,974,8116,1.4442154,-0.0018924874,1038848,8913.987983703613,8310784,0.03125763
0.00011331149,0.14770508,2217.97,16.69,0.7897966206073761,962,8117,1.4826201,-0.0026402213,1038976,8915.052289962769,8311808,0.012620838
0.00018617924,0.16113281,2217.97,16.69,0.7633607238531113,959,8118,1.4278268,-0.0028155728,1039104,8916.120523691177,8312832,0.027486192
0.00014589996,0.16333008,2214.97,16.71,0.8122891932725906,945,8119,1.458971,-0.0022476471,1039232,8917.204792261124,8313856,0.014761704
8.968108e-05,0.14648438,2215.4,16.68,0.855957642197609,961,8120,1.4605137,-0.0028287778,1039360,8918.270510196686,8314880,0.011622596
7.364108e-05,0.09375,2215.4,16.68,0.917510524392128,975,8121,1.4592643,-0.002677409,1039488,8919.32118177414,8315904,0.009955374
0.00012566787,0.1616211,2215.4,16.68,0.8534079641103745,969,8122,1.4323229,-0.0026782714,1039616,8920.37852525711,8316928,0.01212352
8.605289e-05,0.12084961,2218.37,16.68,0.7857221812009811,949,8123,1.4672886,-0.002306804,1039744,8921.457524776459,8317952,0.017827272
0.00011051649,0.16259766,2218.37,16.68,0.8613032847642899,965,8124,1.491353,-0.0028712293,1039872,8922.518800258636,8318976,0.0101718195
0.00013198283,0.125,2218.37,16.68,0.7113122940063477,963,8125,1.3889363,-0.0026865501,1040000,8923.582793474197,8320000,0.035564344
0.0001093874,0.15454102,2218.37,16.68,0.8462777584791183,966,8126,1.3971981,-0.0023531415,1040128,8924.642664670944,8321024,0.015203452
9.251639e-05,0.16259766,2212.49,16.71,0.8224826008081436,921,8127,1.4836946,-0.0025650405,1040256,8925.754598140717,8322048,0.013815121
0.000128178,0.16918945,2212.49,16.71,0.8623409569263458,965,8128,1.3671988,-0.0029887534,1040384,8926.816239833832,8323072,0.01731943
0.000107577915,0.16577148,2212.49,16.71,0.820727676153183,965,8129,1.4393796,-0.002656082,1040512,8927.877259016037,8324096,0.023444481
0.00014210075,0.14331055,2213.58,16.69,0.8478208482265472,966,8130,1.343533,-0.002975551,1040640,8928.937823295593,8325120,0.018823994
8.0061756e-05,0.114990234,2209.83,16.68,0.8612662851810455,946,8131,1.4582479,-0.0024239684,1040768,8930.02037191391,8326144,0.014184962
0.00015830569,0.11352539,2209.83,16.68,0.8329595774412155,972,8132,1.4276031,-0.0026644485,1040896,8931.074609994888,8327168,0.018660218
0.00012127151,0.14331055,2212.53,16.65,0.7722603380680084,885,8133,1.3960649,-0.002789341,1041024,8932.232360363007,8328192,0.021141835
8.656194e-05,0.114990234,2212.53,16.65,0.7824653536081314,980,8134,1.4793444,-0.0029511708,1041152,8933.277655124664,8329216,0.027473314
0.000111441084,0.12768555,2212.53,16.65,0.7413248121738434,986,8135,1.4697009,-0.0024876748,1041280,8934.316095590591,8330240,0.020108024
9.462759e-05,0.13085938,2212.17,16.66,0.8749140948057175,973,8136,1.4740295,-0.002680399,1041408,8935.368317365646,8331264,0.012310271
0.000114942464,0.15893555,2212.17,16.66,0.8882026299834251,975,8137,1.3853717,-0.0029334556,1041536,8936.41894030571,8332288,0.015417311
8.346972e-05,0.12158203,2212.17,16.66,0.8061732202768326,973,8138,1.4359868,-0.002901481,1041664,8937.471647024155,8333312,0.024155006
0.0001110523,0.12426758,2211.44,16.66,0.7991550415754318,918,8139,1.3724109,-0.0028878902,1041792,8938.586750745773,8334336,0.019438498
7.321682e-05,0.115722656,2211.44,16.66,0.8984538838267326,918,8140,1.470421,-0.0026669754,1041920,8939.70206284523,8335360,0.008918424
8.8790395e-05,0.15258789,2211.44,16.66,0.8974817246198654,937,8141,1.4636353,-0.0026122322,1042048,8940.794641017914,8336384,0.0094261095
0.000119979704,0.15307617,2211.44,16.66,0.7410627603530884,983,8142,1.4064983,-0.0026919947,1042176,8941.836642026901,8337408,0.02332325
7.482805e-05,0.107421875,2209.48,16.65,0.8440422266721725,951,8143,1.4781199,-0.0025891883,1042304,8942.91342163086,8338432,0.013036302
8.139261e-05,0.11401367,2209.48,16.65,0.7459296584129333,988,8144,1.4761161,-0.002488982,1042432,8943.950002193451,8339456,0.0246498
0.00011287402,0.1237793,2209.48,16.65,0.7579568922519684,989,8145,1.4349706,-0.002245028,1042560,8944.986171483994,8340480,0.019649409
0.000102215825,0.15161133,2209.48,16.65,0.8393647521734238,984,8146,1.4732723,-0.0029867287,1042688,8946.027413845062,8341504,0.01677185
0.0001111847,0.15844727,2211.41,16.63,0.9048891663551331,948,8147,1.4444914,-0.002929768,1042816,8947.10744857788,8342528,0.0073141204
0.000109397035,0.12988281,2211.41,16.63,0.843314528465271,980,8148,1.484975,-0.0025491111,1042944,8948.152797460556,8343552,0.010383536
0.00011336333,0.16918945,2207.7,16.65,0.8059608489274979,926,8149,1.4508566,-0.0024340777,1043072,8949.2588596344,8344576,0.0133921765
0.00010744739,0.14575195,2207.7,16.65,0.8492220938205719,973,8150,1.4394209,-0.002565244,1043200,8950.312369585037,8345600,0.017453313
0.000105255436,0.1640625,2200.52,16.69,0.8198163062334061,942,8151,1.4322257,-0.0029941034,1043328,8951.399518966675,8346624,0.018064419
0.0001145232,0.14892578,2200.52,16.69,0.8082571476697922,956,8152,1.4623955,-0.0028152145,1043456,8952.470352649689,8347648,0.020709496
0.00013120576,0.17041016,2209.13,16.61,0.8354877978563309,940,8153,1.452438,-0.0025669034,1043584,8953.560153007507,8348672,0.020070553
0.0001605427,0.13208008,2209.13,16.61,0.6517651975154877,979,8154,1.4397116,-0.0023961498,1043712,8954.605882883072,8349696,0.033428
7.3598545e-05,0.1274414,2209.13,16.61,0.8632708638906479,959,8155,1.48517,-0.0025057849,1043840,8955.674743652344,8350720,0.015992694
9.55155e-05,0.15014648,2212.14,16.59,0.8631958067417145,947,8156,1.4126301,-0.0031226897,1043968,8956.756514072418,8351744,0.01311649
0.00010572331,0.13574219,2211.48,16.61,0.8644179105758667,913,8157,1.4391,-0.0027302895,1044096,8957.878604650497,8352768,0.01542278
0.00011336878,0.1303711,2211.48,16.61,0.8141434192657471,905,8158,1.3627868,-0.0027648471,1044224,8959.010391950607,8353792,0.020578288
9.814519e-05,0.10644531,2210.13,16.61,0.8084136098623276,890,8159,1.4151646,-0.0022888659,1044352,8960.161226034164,8354816,0.022003377
0.00011175504,0.12084961,2210.13,16.61,0.848199799656868,916,8160,1.4381384,-0.002422017,1044480,8961.279130458832,8355840,0.0117624495
9.007618e-05,0.13427734,2210.13,16.61,0.7846243977546692,906,8161,1.4348085,-0.002481084,1044608,8962.409594535828,8356864,0.020397635
9.8145436e-05,0.13989258,2210.13,16.61,0.8930693939328194,925,8162,1.3863887,-0.0029196204,1044736,8963.517190217972,8357888,0.014981686
0.00015194218,0.19262695,2210.13,16.61,0.8419682383537292,909,8163,1.4657212,-0.0032429746,1044864,8964.643827438354,8358912,0.021439789
0.00012509049,0.18164062,2208.58,16.62,0.821204423904419,898,8164,1.3957835,-0.0029613012,1044992,8965.784667491913,8359936,0.023231931
9.130617e-05,0.12866211,2208.58,16.62,0.8297891467809677,941,8165,1.3737208,-0.0028481004,1045120,8966.873528718948,8360960,0.020934531
0.00014302686,0.17211914,2208.58,16.62,0.6851779818534851,953,8166,1.4162099,-0.002498909,1045248,8967.94871377945,8361984,0.026510166
7.912193e-05,0.13256836,2208.58,16.62,0.820264995098114,936,8167,1.4803516,-0.002356102,1045376,8969.042613506317,8363008,0.016233772
7.047644e-05,0.118896484,2212.54,16.59,0.8034205287694931,914,8168,1.4055003,-0.0027081957,1045504,8970.16337800026,8364032,0.016574727
0.00012905168,0.14868164,2212.54,16.59,0.8464285433292389,954,8169,1.4116048,-0.0026285918,1045632,8971.237065553665,8365056,0.01850753
0.00011696191,0.19604492,2212.54,16.59,0.7911350727081299,986,8170,1.4871964,-0.003092385,1045760,8972.275931358337,8366080,0.012247532
0.00011514542,0.16577148,2208.08,16.65,0.878755658864975,959,8171,1.4643855,-0.002568445,1045888,8973.34391784668,8367104,0.012778036
0.000104591265,0.122802734,2202.33,16.72,0.8008777350187302,964,8172,1.3912361,-0.0027343435,1046016,8974.406273841858,8368128,0.020124588
0.00011319092,0.12426758,2206.0,16.69,0.8911542370915413,962,8173,1.430722,-0.0027349303,1046144,8975.471116065979,8369152,0.012908143
0.00011585075,0.12158203,2206.0,16.69,0.766856849193573,975,8174,1.3590221,-0.0026888924,1046272,8976.521110534668,8370176,0.02577461
7.957838e-05,0.114990234,2206.0,16.69,0.7406640648841858,961,8175,1.3969002,-0.0027253074,1046400,8977.586978673935,8371200,0.029885873
7.6414886e-05,0.11230469,2206.0,16.69,0.8498516231775284,962,8176,1.4734802,-0.0028239407,1046528,8978.651339530945,8372224,0.016059252
7.831125e-05,0.1015625,2206.0,16.69,0.7584853023290634,955,8177,1.3975596,-0.0023798032,1046656,8979.723970413208,8373248,0.024508307
0.00010624768,0.103271484,2206.0,16.69,0.77860227227211,958,8178,1.4576651,-0.0029834313,1046784,8980.793453454971,8374272,0.023611855
0.00012340781,0.12451172,2212.76,16.67,0.7722155153751373,959,8179,1.3897018,-0.0029237065,1046912,8981.861232042313,8375296,0.026622484
0.00011586854,0.14086914,2212.76,16.67,0.8895168751478195,990,8180,1.3666859,-0.0029647339,1047040,8982.895860433578,8376320,0.0138663305
0.00012320215,0.19067383,2212.76,16.67,0.7206673920154572,955,8181,1.4675943,-0.0029525233,1047168,8983.968665838242,8377344,0.0233518
6.384574e-05,0.10205078,2205.95,16.74,0.8857334405183792,946,8182,1.478264,-0.0022850507,1047296,8985.05100274086,8378368,0.009455765
6.6597015e-05,0.1027832,2209.46,16.73,0.8359571993350983,947,8183,1.466102,-0.0021049185,1047424,8986.132537126541,8379392,0.017600575
0.00012210204,0.1796875,2209.46,16.73,0.8411681056022644,975,8184,1.4400332,-0.0025507528,1047552,8987.182609081268,8380416,0.015152107
7.612215e-05,0.14233398,2209.46,16.73,0.8784809485077858,969,8185,1.5072055,-0.0023807876,1047680,8988.23907327652,8381440,0.0076912786
0.000102674,0.13745117,2209.46,16.73,0.6832223832607269,965,8186,1.3650088,-0.0028141798,1047808,8989.30097603798,8382464,0.030912695
0.00010826461,0.1262207,2203.89,16.75,0.8355974704027176,947,8187,1.4521965,-0.0025878646,1047936,8990.382929325104,8383488,0.018547084
7.200187e-05,0.122802734,2209.07,16.75,0.8570771664381027,922,8188,1.483833,-0.0026416653,1048064,8991.493956565857,8384512,0.011471278
0.000108249485,0.14331055,2203.85,16.77,0.9068765938282013,948,8189,1.3896805,-0.0030066622,1048192,8992.573759794235,8385536,0.0121738305
0.00011917032,0.16479492,2203.85,16.77,0.8207887262105942,957,8190,1.4183697,-0.002383487,1048320,8993.644119024277,8386560,0.019989664
0.00014819123,0.14135742,2203.85,16.77,0.8071166723966599,925,8191,1.443821,-0.0022704366,1048448,8994.751508235931,8387584,0.014229589
7.192716e-05,0.13769531,2203.85,16.77,0.8474557101726532,937,8192,1.5152774,-0.002450862,1048576,8995.84454870224,8388608,0.013924116
0.0001039365,0.13793945,2203.29,16.78,0.8390815109014511,968,8193,1.420368,-0.0030339113,1048704,8996.90253829956,8389632,0.019623114
8.5685315e-05,0.13134766,2211.36,16.73,0.907146766781807,967,8194,1.4120958,-0.0027000909,1048832,8997.961455821991,8390656,0.010069201
0.00010784398,0.16113281,2211.36,16.73,0.8518274575471878,978,8195,1.4998657,-0.0025503424,1048960,8999.009098529816,8391680,0.012434807
9.634109e-05,0.13745117,2211.36,16.73,0.9310828372836113,981,8196,1.434727,-0.0023298294,1049088,9000.053133010864,8392704,0.0064670797
0.00012128916,0.122802734,2211.36,16.73,0.7693358212709427,961,8197,1.4373628,-0.0021750429,1049216,9001.118973255157,8393728,0.017973868
7.546041e-05,0.12548828,2210.32,16.73,0.8618237227201462,942,8198,1.4536186,-0.002189987,1049344,9002.20654630661,8394752,0.011406041
0.00011180127,0.11791992,2210.32,16.73,0.7594683617353439,961,8199,1.3915493,-0.0025391378,1049472,9003.272603988647,8395776,0.027550606
0.00011902305,0.13745117,2210.32,16.73,0.7209300994873047,981,8200,1.4621542,-0.0022153072,1049600,9004.316575527191,8396800,0.03078363
9.136163e-05,0.110839844,2208.73,16.73,0.9232546612620354,936,8201,1.4560566,-0.0023457739,1049728,9005.410206079483,8397824,0.009157653
0.000102993894,0.12866211,2208.73,16.73,0.8767950907349586,948,8202,1.400252,-0.002572697,1049856,9006.490748882294,8398848,0.016724443
0.00014144242,0.18969727,2208.73,16.73,0.9148025587201118,970,8203,1.4417628,-0.00339847,1049984,9007.546571969986,8399872,0.01196567
0.00011231934,0.14648438,2212.74,16.67,0.8580961227416992,886,8204,1.3828391,-0.0030638885,1050112,9008.702347040176,8400896,0.013843587
0.000111982,0.16040039,2212.74,16.67,0.8630562424659729,912,8205,1.3798858,-0.0032568322,1050240,9009.825754880905,8401920,0.013768028
8.518856e-05,0.10083008,2214.66,16.67,0.8598499149084091,960,8206,1.3879706,-0.0023698718,1050368,9010.892379760742,8402944,0.016424196
0.000106371815,0.119140625,2214.66,16.67,0.815191850066185,963,8207,1.4527724,-0.0026525795,1050496,9011.955961465836,8403968,0.016684402
9.263553e-05,0.15820312,2214.66,16.67,0.8587222248315811,939,8208,1.4590046,-0.002807357,1050624,9013.046699285507,8404992,0.014867321
0.0001018216,0.1640625,2214.66,16.67,0.7127898633480072,893,8209,1.4440374,-0.0023325002,1050752,9014.193229913712,8406016,0.031764995
9.190797e-05,0.123535156,2214.66,16.67,0.8454624116420746,956,8210,1.3888379,-0.0025237203,1050880,9015.264986753464,8407040,0.018635072
8.323026e-05,0.123535156,2207.45,16.76,0.887587808072567,926,8211,1.4821167,-0.0022144183,1051008,9016.370467662811,8408064,0.010037919
7.607067e-05,0.14013672,2206.46,16.8,0.7873376458883286,928,8212,1.3898975,-0.0025625152,1051136,9017.474263906479,8409088,0.02086939
0.000102448765,0.14038086,2206.46,16.8,0.8802106752991676,962,8213,1.4606097,-0.0023091466,1051264,9018.53863120079,8410112,0.00991183
0.00010143373,0.12060547,2207.49,16.79,0.8981358483433723,955,8214,1.4769475,-0.0025776231,1051392,9019.611490488052,8411136,0.012206839
6.277694e-05,0.10498047,2207.49,16.79,0.836902841925621,954,8215,1.4539448,-0.0024019713,1051520,9020.685400247574,8412160,0.010952885
0.00010548257,0.15820312,2207.49,16.79,0.8360280990600586,967,8216,1.4815023,-0.0024912509,1051648,9021.74474287033,8413184,0.016043715
7.826071e-05,0.11645508,2200.98,16.83,0.7823386341333389,946,8217,1.3679044,-0.0027257428,1051776,9022.827670097351,8414208,0.027489971
0.00010140101,0.1730957,2200.98,16.83,0.8784757182002068,971,8218,1.4541006,-0.0024128535,1051904,9023.882063627243,8415232,0.012735722
9.383241e-05,0.13989258,2200.74,16.82,0.736117035150528,962,8219,1.426084,-0.0025267717,1052032,9024.94675731659,8416256,0.031061789
9.72451e-05,0.13623047,2200.74,16.82,0.7924963086843491,985,8220,1.4437153,-0.0026235678,1052160,9025.987133026123,8417280,0.024979344
0.00011302821,0.17382812,2200.74,16.82,0.8977499902248383,969,8221,1.4838296,-0.0027216957,1052288,9027.043902158737,8418304,0.009975277
8.010907e-05,0.13305664,2199.22,16.8,0.8068874329328537,937,8222,1.4477946,-0.0025960666,1052416,9028.136704206467,8419328,0.020149836
7.6105476e-05,0.0949707,2199.2,16.82,0.8598116040229797,898,8223,1.4247862,-0.0025456212,1052544,9029.27656006813,8420352,0.016217725
5.6410343e-05,0.10498047,2199.2,16.82,0.7485649883747101,922,8224,1.4861193,-0.00226674,1052672,9030.386759519577,8421376,0.024486205
8.9813075e-05,0.12133789,2199.2,16.82,0.8428251892328262,908,8225,1.4367024,-0.0025830376,1052800,9031.515182256699,8422400,0.015904848
0.0001518444,0.15478516,2199.2,16.82,0.9260917454957962,982,8226,1.4801496,-0.0026133126,1052928,9032.55833864212,8423424,0.00511724
6.6980894e-05,0.109375,2195.2,16.88,0.8957960903644562,951,8227,1.5163797,-0.0022059826,1053056,9033.634794712067,8424448,0.006339122
8.634599e-05,0.12060547,2195.2,16.88,0.863261952996254,984,8228,1.4261873,-0.0023158672,1053184,9034.675443410873,8425472,0.016257547
6.2074956e-05,0.10668945,2199.36,16.84,0.8423200249671936,952,8229,1.4164859,-0.0024531728,1053312,9035.75108408928,8426496,0.016223399
0.00011618743,0.14331055,2199.36,16.84,0.8172369003295898,972,8230,1.3846846,-0.0028402132,1053440,9036.804748535156,8427520,0.022436807
6.831216e-05,0.123291016,2199.36,16.84,0.8877564966678619,952,8231,1.4522796,-0.002756516,1053568,9037.880294799805,8428544,0.012753832
8.282752e-05,0.12011719,2199.36,16.84,0.8938327059149742,971,8232,1.475829,-0.0024327876,1053696,9038.935640335083,8429568,0.010888228
7.9396e-05,0.13085938,2199.36,16.84,0.8052022457122803,980,8233,1.4646285,-0.0022072387,1053824,9039.980919837952,8430592,0.020504437
8.102774e-05,0.15600586,2199.36,16.84,0.9195721447467804,970,8234,1.4707066,-0.002743729,1053952,9041.03628706932,8431616,0.007214913
9.628496e-05,0.15112305,2199.36,16.84,0.7995699346065521,955,8235,1.5154922,-0.0021247684,1054080,9042.108919143677,8432640,0.012884956
0.00011248667,0.140625,2186.26,16.93,0.7043280005455017,922,8236,1.3835545,-0.0028663198,1054208,9043.219928503036,8433664,0.02516575
8.495169e-05,0.14770508,2178.44,17.01,0.8551368713378906,937,8237,1.456672,-0.0028645908,1054336,9044.313572883606,8434688,0.0146666225
0.000118270604,0.1352539,2178.44,17.01,0.8090663105249405,963,8238,1.3944908,-0.0024375152,1054464,9045.376917600632,8435712,0.022320071
9.121012e-05,0.16259766,2178.44,17.01,0.8349343985319138,929,8239,1.3998132,-0.0027341642,1054592,9046.478860378265,8436736,0.020991927
9.497181e-05,0.17602539,2183.2,16.93,0.8726164251565933,957,8240,1.4903892,-0.0022643,1054720,9047.548916101456,8437760,0.013485275
0.00012795077,0.16381836,2183.2,16.93,0.815819188952446,961,8241,1.3705593,-0.0028776196,1054848,9048.614458560944,8438784,0.026274849
0.000108117434,0.103759766,2183.2,16.93,0.8541834205389023,921,8242,1.4628305,-0.0023544272,1054976,9049.72600388527,8439808,0.016554955
8.1079066e-05,0.13720703,2180.43,16.93,0.8646625280380249,933,8243,1.4448501,-0.0027828892,1055104,9050.823879480362,8440832,0.014004707
5.7942678e-05,0.103515625,2180.43,16.93,0.8560592532157898,923,8244,1.4763587,-0.0019953388,1055232,9051.933921575546,8441856,0.012065852
8.267455e-05,0.122802734,2178.99,16.94,0.8038195371627808,888,8245,1.430073,-0.0022322615,1055360,9053.086672782898,8442880,0.017063731
7.0069815e-05,0.13330078,2178.99,16.94,0.7826920449733734,904,8246,1.4173288,-0.0024554334,1055488,9054.219186544418,8443904,0.034861878
0.0001044495,0.14868164,2178.99,16.94,0.86800816655159,904,8247,1.4459624,-0.0027705545,1055616,9055.35187792778,8444928,0.01412561
9.8381795e-05,0.13647461,2182.63,16.92,0.7156049907207489,966,8248,1.405236,-0.0026213527,1055744,9056.411695718765,8445952,0.03572714
0.000111554866,0.12866211,2182.63,16.92,0.8136544674634933,965,8249,1.3620375,-0.0029662182,1055872,9057.473374605179,8446976,0.025179587
7.564967e-05,0.11669922,2182.63,16.92,0.7709275335073471,940,8250,1.3960376,-0.0026269506,1056000,9058.563196897507,8448000,0.02276184
0.00011678276,0.14428711,2182.63,16.92,0.7453057765960693,928,8251,1.447765,-0.0023177883,1056128,9059.667118310928,8449024,0.024795014
9.2159375e-05,0.15991211,2180.83,16.96,0.838215634226799,930,8252,1.4173462,-0.002873332,1056256,9060.768654584885,8450048,0.021145632
7.941043e-05,0.11328125,2181.13,16.9,0.6389976441860199,910,8253,1.434792,-0.0026216449,1056384,9061.894090414047,8451072,0.031589556
0.00012966996,0.13891602,2181.13,16.9,0.8138365894556046,975,8254,1.4057418,-0.0025811994,1056512,9062.944159507751,8452096,0.02138387
0.00010680406,0.13769531,2185.99,16.85,0.8691790103912354,957,8255,1.4296238,-0.0023770267,1056640,9064.014448404312,8453120,0.012160847
0.00011062893,0.12719727,2188.46,16.83,0.848362147808075,964,8256,1.4722513,-0.002603652,1056768,9065.07676744461,8454144,0.015636876
0.00011498756,0.15600586,2182.57,16.87,0.9136693030595779,960,8257,1.4583957,-0.002635029,1056896,9066.143097162247,8455168,0.010784954
8.426732e-05,0.13452148,2182.57,16.87,0.8585244417190552,968,8258,1.4942884,-0.0023269963,1057024,9067.201257228851,8456192,0.0089556435
8.831515e-05,0.13452148,2182.57,16.87,0.8125573396682739,966,8259,1.4188229,-0.0026490106,1057152,9068.261278629303,8457216,0.023991965
9.508863e-05,0.13745117,2182.57,16.87,0.8240138441324234,913,8260,1.3667365,-0.0028692558,1057280,9069.382537126541,8458240,0.01912666
8.487518e-05,0.13916016,2182.57,16.87,0.8863360732793808,902,8261,1.4484318,-0.0027935496,1057408,9070.518057584763,8459264,0.014625123
9.092392e-05,0.119140625,2182.57,16.87,0.7648200541734695,951,8262,1.4106054,-0.0018481319,1057536,9071.59519457817,8460288,0.02389308
0.00010712516,0.12524414,2179.11,16.93,0.7933610826730728,915,8263,1.4277974,-0.003103535,1057664,9072.714456319809,8461312,0.022324305
9.1395115e-05,0.13354492,2179.11,16.93,0.8211661130189896,895,8264,1.3451661,-0.0024918371,1057792,9073.85890841484,8462336,0.023908837
9.2308735e-05,0.1616211,2179.11,16.93,0.8852096349000931,919,8265,1.4453275,-0.0029331408,1057920,9074.973060131073,8463360,0.012774872
7.720189e-05,0.10620117,2179.11,16.93,0.8393463343381882,969,8266,1.4076865,-0.0022068028,1058048,9076.030219316483,8464384,0.01898831
9.5680196e-05,0.1616211,2179.11,16.93,0.818261057138443,960,8267,1.4447908,-0.003001466,1058176,9077.097473621368,8465408,0.016308654
8.2719926e-05,0.11791992,2179.11,16.93,0.8002884984016418,915,8268,1.3877249,-0.0023339898,1058304,9078.2166929245,8466432,0.023491334
7.941392e-05,0.15527344,2182.3,16.93,0.8219064027070999,886,8269,1.4021444,-0.0025008903,1058432,9079.372251749039,8467456,0.021686314
9.056862e-05,0.11352539,2182.3,16.93,0.782446026802063,916,8270,1.4278766,-0.0022620033,1058560,9080.49081993103,8468480,0.02170663
9.091527e-05,0.14624023,2178.48,16.93,0.8894412517547607,885,8271,1.4408209,-0.0028106482,1058688,9081.648452997208,8469504,0.013526284
9.203536e-05,0.13452148,2178.48,16.93,0.8163356184959412,903,8272,1.4262706,-0.0026058992,1058816,9082.78225326538,8470528,0.026310159
8.416302e-05,0.13989258,2194.69,16.81,0.7150452733039856,892,8273,1.3293554,-0.002395835,1058944,9083.930339097977,8471552,0.027990017
9.8951285e-05,0.14208984,2194.69,16.81,0.8161403834819794,919,8274,1.3451401,-0.002802499,1059072,9085.045139789581,8472576,0.021606015
8.016522e-05,0.11352539,2194.69,16.81,0.8528782874345779,912,8275,1.4922279,-0.0022316207,1059200,9086.168654203415,8473600,0.0115742115
8.59329e-05,0.16259766,2194.69,16.81,0.8131488114595413,973,8276,1.4725693,-0.0021140033,1059328,9087.221544742584,8474624,0.013704698
8.012839e-05,0.11450195,2202.17,16.78,0.8762234970927238,968,8277,1.4258608,-0.002279733,1059456,9088.279392719269,8475648,0.011196157
0.000105133506,0.14404297,2200.16,16.77,0.86832495033741,959,8278,1.4044205,-0.0024037922,1059584,9089.347450733185,8476672,0.013919122
0.00012135876,0.15600586,2200.16,16.77,0.7472641468048096,949,8279,1.3647403,-0.002388205,1059712,9090.426267623901,8477696,0.032965627
9.529717e-05,0.12011719,2200.16,16.77,0.7968442142009735,959,8280,1.4539813,-0.0026126276,1059840,9091.494653224945,8478720,0.023733951
0.0001150043,0.15551758,2200.16,16.77,0.8044529855251312,916,8281,1.4155027,-0.0023645856,1059968,9092.612245559692,8479744,0.01885322
5.960031e-05,0.119140625,2200.16,16.77,0.843767449259758,909,8282,1.4408312,-0.0022308188,1060096,9093.738711595535,8480768,0.013618073
8.610176e-05,0.13330078,2210.69,16.72,0.7491031885147095,949,8283,1.4649701,-0.0025428033,1060224,9094.81759762764,8481792,0.021602068
0.00012746562,0.123291016,2206.17,16.76,0.8044057339429855,964,8284,1.4428326,-0.0025739842,1060352,9095.880577087402,8482816,0.02145962
6.4431166e-05,0.14916992,2206.17,16.76,0.9232919216156006,979,8285,1.5067868,-0.002660308,1060480,9096.92624616623,8483840,0.0045122956
8.8973684e-05,0.15136719,2206.17,16.76,0.8658961802721024,945,8286,1.4061941,-0.002164273,1060608,9098.00984954834,8484864,0.014132162
8.427394e-05,0.14916992,2206.17,16.76,0.8496058285236359,909,8287,1.4881557,-0.0026255539,1060736,9099.136931657791,8485888,0.019118506
7.325023e-05,0.12915039,2206.17,16.76,0.9049474447965622,912,8288,1.403997,-0.0022774348,1060864,9100.259931325912,8486912,0.01082182
8.36437e-05,0.15234375,2203.48,16.78,0.8704851120710373,928,8289,1.4739395,-0.0022339933,1060992,9101.362903356552,8487936,0.012378154
0.00015241605,0.13208008,2205.84,16.76,0.873648002743721,942,8290,1.3733804,-0.002262269,1061120,9102.450485229492,8488960,0.015195398
9.6125674e-05,0.119140625,2207.76,16.74,0.7831938564777374,933,8291,1.4452235,-0.002210632,1061248,9103.548517465591,8489984,0.019178007
0.00012765882,0.1652832,2207.76,16.74,0.8715289384126663,925,8292,1.4292306,-0.002533201,1061376,9104.65617966652,8491008,0.020651292
7.811184e-05,0.11450195,2207.76,16.74,0.871437281370163,926,8293,1.4208815,-0.002408798,1061504,9105.762761831284,8492032,0.012073453
7.800809e-05,0.13989258,2216.22,16.71,0.8110145628452301,933,8294,1.4254283,-0.002308528,1061632,9106.860276937485,8493056,0.020367224
7.8750876e-05,0.13891602,2216.22,16.71,0.9292040318250656,926,8295,1.4644881,-0.002432501,1061760,9107.965997695923,8494080,0.008259578
7.022181e-05,0.12207031,2217.62,16.71,0.9111509472131729,967,8296,1.5019617,-0.0023359063,1061888,9109.025166273117,8495104,0.009095175
9.6217256e-05,0.14501953,2218.75,16.7,0.8585598319768906,960,8297,1.3707786,-0.0023735464,1062016,9110.092885494232,8496128,0.019556683
7.663474e-05,0.09765625,2216.53,16.72,0.7681338340044022,971,8298,1.4723581,-0.0023084613,1062144,9111.148245334625,8497152,0.020643253
8.743268e-05,0.12817383,2216.53,16.72,0.767753466963768,969,8299,1.4421569,-0.0027329372,1062272,9112.204912662506,8498176,0.028735397
8.5122985e-05,0.1315918,2215.29,16.71,0.8027710020542145,961,8300,1.4227512,-0.0024010725,1062400,9113.27117562294,8499200,0.024325764
6.755339e-05,0.13891602,2215.29,16.71,0.8428986966609955,951,8301,1.429143,-0.0025594155,1062528,9114.3486161232,8500224,0.019922797
9.5905256e-05,0.15161133,2215.29,16.71,0.8065822571516037,929,8302,1.4296328,-0.0023308499,1062656,9115.450593471527,8501248,0.024773452
7.020537e-05,0.15234375,2212.95,16.74,0.8639744371175766,923,8303,1.4928861,-0.0022814577,1062784,9116.560261964798,8502272,0.009267487
8.8226196e-05,0.16772461,2212.95,16.74,0.7009695768356323,954,8304,1.4006022,-0.002348145,1062912,9117.634114027023,8503296,0.03421877
8.4967774e-05,0.15112305,2212.95,16.74,0.8134953081607819,952,8305,1.4916062,-0.0021894332,1063040,9118.709737062454,8504320,0.015484573
6.386252e-05,0.1352539,2210.43,16.74,0.8769476413726807,957,8306,1.3995383,-0.0024876962,1063168,9119.77955031395,8505344,0.015817918
8.9360954e-05,0.140625,2210.43,16.74,0.8774051368236542,949,8307,1.4007076,-0.00282103,1063296,9120.858958244324,8506368,0.013835962
0.00010082143,0.123291016,2210.13,16.77,0.8405646234750748,943,8308,1.4257627,-0.0022817424,1063424,9121.944868803024,8507392,0.01906807
7.623596e-05,0.12402344,2210.13,16.77,0.8235208690166473,919,8309,1.4086698,-0.0023782144,1063552,9123.059401750565,8508416,0.022003137
9.55923e-05,0.1394043,2216.13,16.73,0.8374704569578171,895,8310,1.3073056,-0.0026085358,1063680,9124.203325986862,8509440,0.021149762
0.00012965074,0.14868164,2216.13,16.73,0.6993141770362854,905,8311,1.3946013,-0.002366602,1063808,9125.334371089935,8510464,0.034944177
0.0001147005,0.13085938,2208.42,16.77,0.7690170109272003,894,8312,1.3840725,-0.002365883,1063936,9126.479237556458,8511488,0.026805192
9.014867e-05,0.12597656,2208.42,16.77,0.858814150094986,931,8313,1.4112587,-0.002518557,1064064,9127.579336643219,8512512,0.017198212
7.907812e-05,0.10986328,2208.42,16.77,0.795422226190567,972,8314,1.4682122,-0.0018657868,1064192,9128.633144140244,8513536,0.016869746
6.920115e-05,0.1352539,2208.42,16.77,0.8531787395477295,957,8315,1.4632778,-0.0021195533,1064320,9129.703660726547,8514560,0.014900706
8.090046e-05,0.13452148,2208.42,16.77,0.7227599918842316,967,8316,1.4087193,-0.002349706,1064448,9130.763140201569,8515584,0.029071007
9.258324e-05,0.16088867,2212.5,16.76,0.7997799068689346,904,8317,1.4368365,-0.0027466847,1064576,9131.897986650467,8516608,0.019561723
8.750688e-05,0.118652344,2212.5,16.76,0.8115226030349731,969,8318,1.4296656,-0.0025454361,1064704,9132.955127716064,8517632,0.021264572
0.000100803336,0.14501953,2218.94,16.77,0.8442371636629105,930,8319,1.399561,-0.0022625085,1064832,9134.056414842606,8518656,0.014488356
8.276013e-05,0.12036133,2218.94,16.77,0.8476050198078156,979,8320,1.459808,-0.0023821972,1064960,9135.10206246376,8519680,0.018850667
7.012217e-05,0.12768555,2214.34,16.8,0.7849423587322235,943,8321,1.4422067,-0.0022748224,1065088,9136.188656806946,8520704,0.01953429
0.000105188796,0.13964844,2214.34,16.8,0.7588613778352737,980,8322,1.3722408,-0.0024077417,1065216,9137.233992815018,8521728,0.024858575
7.15125e-05,0.107421875,2214.34,16.8,0.8655008971691132,957,8323,1.482993,-0.002162111,1065344,9138.30453324318,8522752,0.013584716
6.851137e-05,0.111816406,2214.34,16.8,0.8092092722654343,923,8324,1.476233,-0.0025139533,1065472,9139.413914680481,8523776,0.0221975
9.40951e-05,0.1303711,2212.89,16.78,0.7706061154603958,942,8325,1.3879637,-0.0024915193,1065600,9140.500848054886,8524800,0.026202021
7.5299315e-05,0.11206055,2212.89,16.78,0.7729610800743103,981,8326,1.412475,-0.0020160135,1065728,9141.545346736908,8525824,0.019440867
9.665123e-05,0.15527344,2220.23,16.71,0.8162298500537872,941,8327,1.4365679,-0.002571335,1065856,9142.634276151657,8526848,0.01698745
7.13124e-05,0.12548828,2220.23,16.71,0.8484547287225723,979,8328,1.4234995,-0.0027352455,1065984,9143.68039393425,8527872,0.01732056
7.019311e-05,0.17797852,2220.23,16.71,0.914589136838913,964,8329,1.5019643,-0.002888688,1066112,9144.742427825928,8528896,0.00533857
8.3095634e-05,0.12207031,2220.23,16.71,0.784672886133194,958,8330,1.5073383,-0.0019431438,1066240,9145.810978412628,8529920,0.01502563
6.906667e-05,0.1394043,2220.23,16.71,0.7635808438062668,955,8331,1.4015245,-0.0018847327,1066368,9146.883043527603,8530944,0.031853072
6.8714115e-05,0.10913086,2221.15,16.75,0.7977899760007858,962,8332,1.4273497,-0.0015780613,1066496,9147.948110818863,8531968,0.01487751
7.15485e-05,0.1328125,2221.15,16.75,0.8048956990242004,962,8333,1.4289565,-0.0021499093,1066624,9149.012297391891,8532992,0.025347568
8.464315e-05,0.11352539,2221.15,16.75,0.8948212489485741,976,8334,1.4373697,-0.0025542208,1066752,9150.061630010605,8534016,0.011546746
6.718901e-05,0.11621094,2221.15,16.75,0.7722237557172775,974,8335,1.411887,-0.0021222325,1066880,9151.11264181137,8535040,0.0289807
6.621393e-05,0.107177734,2222.61,16.78,0.8158693164587021,966,8336,1.4239295,-0.0022721647,1067008,9152.17298412323,8536064,0.018799072
6.2947736e-05,0.12451172,2222.61,16.78,0.7910202145576477,963,8337,1.4595196,-0.0024513896,1067136,9153.237389326096,8537088,0.018845247
9.892683e-05,0.14770508,2228.27,16.72,0.786274790763855,952,8338,1.3489245,-0.0027318008,1067264,9154.31360077858,8538112,0.024432767
7.529068e-05,0.13061523,2237.73,16.68,0.7589092403650284,950,8339,1.4795191,-0.0022419398,1067392,9155.392119169235,8539136,0.023424728
8.282475e-05,0.13696289,2237.73,16.68,0.8736736178398132,966,8340,1.3955212,-0.0024220445,1067520,9156.452846288681,8540160,0.01498888
0.000105615494,0.17358398,2237.73,16.68,0.9167264401912689,957,8341,1.4354006,-0.0030445256,1067648,9157.522644281387,8541184,0.010026167
7.6463606e-05,0.1472168,2237.73,16.68,0.8641517758369446,1012,8342,1.4590849,-0.0023899106,1067776,9158.844295978546,8542208,0.013395055
0.00012483774,0.14086914,2238.19,16.67,0.8168150335550308,952,8343,1.4277217,-0.0017803535,1067904,9159.92021036148,8543232,0.01888483
7.620838e-05,0.12133789,2238.19,16.67,0.763867124915123,979,8344,1.4220197,-0.0021289,1068032,9160.965953111649,8544256,0.02277375
8.6645945e-05,0.13232422,2238.19,16.67,0.799093633890152,968,8345,1.4657116,-0.0020911342,1068160,9162.02379989624,8545280,0.017133836
6.9201946e-05,0.1394043,2241.71,16.65,0.7468181550502777,932,8346,1.4065833,-0.0025394005,1068288,9163.122267484665,8546304,0.024364999
0.00010976515,0.15893555,2241.71,16.65,0.8763204738497734,969,8347,1.4083338,-0.0023658327,1068416,9164.179327964783,8547328,0.013418742
6.6818255e-05,0.111572266,2244.81,16.64,0.8321463018655777,964,8348,1.4345511,-0.0023881234,1068544,9165.24216747284,8548352,0.015966287
9.079933e-05,0.13330078,2244.81,16.64,0.7950580567121506,936,8349,1.3897842,-0.0023332583,1068672,9166.33671927452,8549376,0.025885586
6.817695e-05,0.111328125,2244.81,16.64,0.7781798392534256,954,8350,1.4292046,-0.0021217042,1068800,9167.410244226456,8550400,0.023280766
0.00010551656,0.11767578,2244.81,16.64,0.7454134225845337,947,8351,1.4448543,-0.001999516,1068928,9168.492069482803,8551424,0.024815205
8.5177315e-05,0.12158203,2244.81,16.64,0.8743391633033752,946,8352,1.3844867,-0.0023145778,1069056,9169.574154376984,8552448,0.014559124
0.00010477695,0.15454102,2244.81,16.64,0.8855934143066406,909,8353,1.4277352,-0.0024463276,1069184,9170.701246023178,8553472,0.012623052
0.000105555715,0.12402344,2248.07,16.66,0.7946863919496536,910,8354,1.420892,-0.0022895257,1069312,9171.827197551727,8554496,0.019935952
0.00012996832,0.16430664,2248.07,16.66,0.7979802340269089,904,8355,1.3476906,-0.002808241,1069440,9172.960448026657,8555520,0.031790443
7.95281e-05,0.13964844,2248.07,16.66,0.8149382919073105,967,8356,1.3557454,-0.002504373,1069568,9174.01919388771,8556544,0.019296287
9.764089e-05,0.11767578,2246.51,16.71,0.8025799244642258,949,8357,1.4335124,-0.0020939244,1069696,9175.098417758942,8557568,0.023573956
7.698719e-05,0.12988281,2246.51,16.71,0.872641533613205,977,8358,1.3995368,-0.0027299789,1069824,9176.14671421051,8558592,0.015078981
7.002119e-05,0.1381836,2249.2,16.68,0.7829733192920685,961,8359,1.4196099,-0.0024147334,1069952,9177.212240457535,8559616,0.022836983
8.822184e-05,0.13647461,2247.93,16.69,0.813855305314064,965,8360,1.4289886,-0.0025130583,1070080,9178.273861646652,8560640,0.018059682
6.336265e-05,0.12866211,2245.95,16.72,0.8821057677268982,948,8361,1.4685864,-0.0022802786,1070208,9179.354717969894,8561664,0.012187496
8.9081084e-05,0.16577148,2256.17,16.63,0.8570743203163147,899,8362,1.4569882,-0.0026615162,1070336,9180.49443101883,8562688,0.015840884
7.291069e-05,0.104003906,2256.17,16.63,0.7317940592765808,918,8363,1.4347835,-0.0016403878,1070464,9181.610602855682,8563712,0.019331736
8.526527e-05,0.13378906,2256.17,16.63,0.8219192028045654,970,8364,1.490243,-0.0025279622,1070592,9182.666621208191,8564736,0.018832933
7.8153054e-05,0.1381836,2256.17,16.63,0.8799660429358482,977,8365,1.4804729,-0.0026285474,1070720,9183.715095996857,8565760,0.013326712
0.0001279089,0.12207031,2256.17,16.63,0.8571058064699173,970,8366,1.4778559,-0.002099186,1070848,9184.770560979843,8566784,0.015685191
9.672512e-05,0.10473633,2265.02,16.57,0.8490389585494995,889,8367,1.4057974,-0.0019913171,1070976,9185.92254948616,8567808,0.017128034
8.535294e-05,0.14990234,2265.02,16.57,0.8184970170259476,959,8368,1.4103692,-0.0026022233,1071104,9186.990977287292,8568832,0.021411242
6.7374196e-05,0.13232422,2265.02,16.57,0.8207172006368637,962,8369,1.4674927,-0.0023763198,1071232,9188.056040763855,8569856,0.017926805
7.922295e-05,0.13232422,2264.53,16.55,0.8278981894254684,968,8370,1.374079,-0.0020678618,1071360,9189.114168167114,8570880,0.020417243
8.178638e-05,0.13623047,2264.53,16.55,0.8160636872053146,966,8371,1.4684486,-0.0024345494,1071488,9190.174721002579,8571904,0.020510355
7.109569e-05,0.0925293,2264.53,16.55,0.8232685178518295,974,8372,1.460949,-0.0021549342,1071616,9191.225925922394,8572928,0.02026209
9.5007505e-05,0.13452148,2264.53,16.55,0.6119665503501892,958,8373,1.4416709,-0.0024811774,1071744,9192.295042276382,8573952,0.03089275
6.486308e-05,0.14135742,2264.53,16.55,0.8696203082799911,957,8374,1.5041631,-0.0026456716,1071872,9193.364953041077,8574976,0.01280557
8.660982e-05,0.12866211,2264.53,16.55,0.876715175807476,951,8375,1.4576193,-0.0020755078,1072000,9194.44241642952,8576000,0.014996891
8.9121e-05,0.125,2264.53,16.55,0.9339385032653809,964,8376,1.4466257,-0.0022050736,1072128,9195.504615545273,8577024,0.0073386678
0.0001122366,0.16625977,2264.64,16.62,0.9174875095486641,887,8377,1.493462,-0.0023961323,1072256,9196.659014701843,8578048,0.008613196
7.845453e-05,0.1508789,2264.78,16.6,0.8249799013137817,906,8378,1.4023056,-0.0023135436,1072384,9197.789835214615,8579072,0.023531258
8.088949e-05,0.15454102,2271.04,16.56,0.8366766571998596,928,8379,1.4171733,-0.0024234594,1072512,9198.893553495407,8580096,0.021970008
5.371158e-05,0.110839844,2271.04,16.56,0.9161482453346252,965,8380,1.4911705,-0.0026420127,1072640,9199.95542383194,8581120,0.009939525
6.833965e-05,0.16479492,2271.04,16.56,0.8333580642938614,955,8381,1.5065916,-0.0023035011,1072768,9201.027719259262,8582144,0.010764322
6.431452e-05,0.12841797,2271.04,16.56,0.8295587301254272,970,8382,1.4937751,-0.0021691846,1072896,9202.083792209625,8583168,0.013984032
5.4379736e-05,0.111816406,2271.04,16.56,0.7833810448646545,969,8383,1.4337416,-0.0018243645,1073024,9203.141222953796,8584192,0.021923294
5.6979392e-05,0.11230469,2271.04,16.56,0.8003171533346176,978,8384,1.4293962,-0.0021174224,1073152,9204.187996864319,8585216,0.026073474
8.907282e-05,0.1928711,2273.94,16.52,0.8708973526954651,951,8385,1.4706951,-0.0023702476,1073280,9205.265240192413,8586240,0.010814132
0.000102675374,0.140625,2273.94,16.52,0.9305074363946915,958,8386,1.4113265,-0.0025665136,1073408,9206.33453655243,8587264,0.008848503
9.129569e-05,0.12158203,2272.55,16.52,0.6419113576412201,886,8387,1.4397693,-0.002537013,1073536,9207.49099445343,8588288,0.03462212
6.6646106e-05,0.1430664,2272.55,16.52,0.8777350187301636,915,8388,1.4738613,-0.002619418,1073664,9208.610639810562,8589312,0.011931555
6.96761e-05,0.12963867,2272.55,16.52,0.84665347635746,917,8389,1.4002255,-0.0021906057,1073792,9209.727335214615,8590336,0.0155790355
6.734924e-05,0.10546875,2272.55,16.52,0.7389671802520752,922,8390,1.4350672,-0.0019294717,1073920,9210.838700056076,8591360,0.024043322
6.37322e-05,0.13720703,2272.55,16.52,0.8486597239971161,934,8391,1.4354095,-0.0020921382,1074048,9211.935505151749,8592384,0.016367065
0.000100421224,0.1274414,2268.29,16.55,0.8275905400514603,905,8392,1.4360427,-0.002184377,1074176,9213.06740117073,8593408,0.017868133
8.6547516e-05,0.16455078,2260.26,16.61,0.8609160333871841,929,8393,1.4503313,-0.0024602448,1074304,9214.169923782349,8594432,0.0136627
7.696317e-05,0.15527344,2261.59,16.64,0.8572995364665985,936,8394,1.4449925,-0.0025374086,1074432,9215.263581991196,8595456,0.014126811
6.001015e-05,0.14453125,2261.59,16.64,0.8333399444818497,947,8395,1.5057259,-0.0023671698,1074560,9216.344776391983,8596480,0.010542314
5.951681e-05,0.119384766,2260.66,16.67,0.8974169939756393,929,8396,1.4248333,-0.0021890504,1074688,9217.447303533554,8597504,0.011645348
7.460323e-05,0.12011719,2260.66,16.67,0.6891652047634125,969,8397,1.4720825,-0.0023963698,1074816,9218.504424333572,8598528,0.022576345
7.4280186e-05,0.14477539,2260.66,16.67,0.8995747268199921,965,8398,1.4327059,-0.002118426,1074944,9219.565651893616,8599552,0.009925918
6.292634e-05,0.13305664,2260.66,16.67,0.9053913205862045,920,8399,1.4921675,-0.0024771586,1075072,9220.67833828926,8600576,0.006953573
5.884204e-05,0.15917969,2260.66,16.67,0.83490951359272,903,8400,1.5198903,-0.0020237502,1075200,9221.81279015541,8601600,0.0094733955
5.437864e-05,0.12646484,2257.93,16.67,0.7536859214305878,915,8401,1.4163808,-0.002004555,1075328,9222.931850671768,8602624,0.026144227
6.097604e-05,0.099365234,2257.93,16.67,0.7640012353658676,963,8402,1.4072276,-0.002219259,1075456,9223.994845628738,8603648,0.025324263
9.420726e-05,0.11669922,2257.93,16.67,0.8422421365976334,969,8403,1.4878119,-0.0021690247,1075584,9225.051809310913,8604672,0.011927238
6.588876e-05,0.12573242,2257.26,16.65,0.9130918011069298,958,8404,1.4952344,-0.0025663949,1075712,9226.120536088943,8605696,0.005509138
0.000101774385,0.20166016,2257.26,16.65,0.8449694067239761,976,8405,1.4425663,-0.0026287346,1075840,9227.169384241104,8606720,0.017123774
6.574262e-05,0.13183594,2263.63,16.62,0.8650992512702942,923,8406,1.4000562,-0.0028397066,1075968,9228.278413295746,8607744,0.014881506
8.707585e-05,0.1394043,2254.55,16.68,0.7791819870471954,934,8407,1.3772221,-0.0020223388,1076096,9229.3745303154,8608768,0.025548289
7.069748e-05,0.13183594,2254.55,16.68,0.8648462146520615,972,8408,1.5099483,-0.0024285112,1076224,9230.428142547607,8609792,0.008629253
6.9560665e-05,0.1394043,2254.55,16.68,0.8370809108018875,978,8409,1.468786,-0.0018060232,1076352,9231.474857330322,8610816,0.017658133
7.620034e-05,0.1315918,2253.45,16.73,0.8370025902986526,910,8410,1.4292928,-0.0023526603,1076480,9232.600841283798,8611840,0.016942646
5.4789532e-05,0.12109375,2253.45,16.73,0.8948175832629204,909,8411,1.4392581,-0.0022497522,1076608,9233.72772693634,8612864,0.011262703
6.211095e-05,0.14111328,2253.45,16.73,0.8924669548869133,936,8412,1.4442499,-0.0026183713,1076736,9234.822229862213,8613888,0.011873695
6.108876e-05,0.12231445,2246.97,16.79,0.8990755975246429,902,8413,1.4575408,-0.0024263728,1076864,9235.957711696625,8614912,0.01029914
6.9111135e-05,0.10644531,2246.97,16.79,0.8271163403987885,911,8414,1.4535353,-0.0022882065,1076992,9237.081825733185,8615936,0.016747702
6.136764e-05,0.15136719,2246.97,16.79,0.8231182098388672,974,8415,1.436516,-0.0019733838,1077120,9238.133651018143,8616960,0.019813055
6.620289e-05,0.12915039,2246.97,16.79,0.7572935819625854,970,8416,1.4280887,-0.0025044563,1077248,9239.189973115921,8617984,0.026217196
6.546339e-05,0.107666016,2246.97,16.79,0.7093481421470642,978,8417,1.4467075,-0.0017790438,1077376,9240.23727440834,8619008,0.03050017
8.4227e-05,0.15258789,2248.97,16.78,0.7474337816238403,982,8418,1.4151882,-0.0020703918,1077504,9241.28070640564,8620032,0.021845326
6.8206864e-05,0.11621094,2248.97,16.78,0.8480898886919022,981,8419,1.4554427,-0.0021242683,1077632,9242.325194120407,8621056,0.016048694
6.0298724e-05,0.13500977,2248.97,16.78,0.9332314431667328,963,8420,1.4491411,-0.0023700763,1077760,9243.388209342957,8622080,0.00542397
5.944422e-05,0.123535156,2252.91,16.77,0.7511713355779648,969,8421,1.5165479,-0.0021261068,1077888,9244.444870948792,8623104,0.018882759
6.4793654e-05,0.13134766,2252.91,16.77,0.8237675726413727,956,8422,1.4071003,-0.0019866822,1078016,9245.516473531723,8624128,0.016021457
5.5910936e-05,0.12866211,2252.91,16.77,0.852395623922348,943,8423,1.4770908,-0.002441456,1078144,9246.60285115242,8625152,0.008984112
6.020601e-05,0.13500977,2248.18,16.82,0.9130251705646515,887,8424,1.500009,-0.0023518899,1078272,9247.757843732834,8626176,0.007857283
7.834525e-05,0.12548828,2246.35,16.84,0.8284423351287842,933,8425,1.4362674,-0.0021522266,1078400,9248.855862617493,8627200,0.012383824
6.503104e-05,0.12597656,2249.65,16.84,0.8503042161464691,881,8426,1.4840097,-0.0022353656,1078528,9250.017684698105,8628224,0.011754392
4.9612965e-05,0.13452148,2253.39,16.83,0.8363649547100067,903,8427,1.4685651,-0.0020395154,1078656,9251.151620149612,8629248,0.012399728
6.639237e-05,0.14038086,2253.39,16.83,0.8476805537939072,906,8428,1.4325327,-0.0020991573,1078784,9252.281898736954,8630272,0.015017924
6.223486e-05,0.1352539,2253.39,16.83,0.7065289318561554,906,8429,1.4495919,-0.0020269048,1078912,9253.4123878479,8631296,0.032919444
0.00010722252,0.15258789,2253.39,16.83,0.7837038189172745,888,8430,1.389914,-0.0021962882,1079040,9254.565637111664,8632320,0.026983812
6.507846e-05,0.13745117,2253.06,16.83,0.8400550782680511,914,8431,1.403829,-0.0022575406,1079168,9255.686246395111,8633344,0.01596517
5.2647098e-05,0.12670898,2253.06,16.83,0.8581078350543976,941,8432,1.4338549,-0.0023471266,1079296,9256.77469420433,8634368,0.017988587
7.88438e-05,0.13476562,2253.06,16.83,0.8250746130943298,971,8433,1.4715793,-0.0023784023,1079424,9257.829243183136,8635392,0.016939592
6.471266e-05,0.14550781,2249.57,16.86,0.8886553198099136,929,8434,1.4932727,-0.0023477194,1079552,9258.931499004364,8636416,0.0096028745
9.552746e-05,0.14208984,2249.57,16.86,0.8489798903465271,972,8435,1.4515309,-0.0018886864,1079680,9259.98475265503,8637440,0.012475356
0.0001034716,0.15673828,2251.58,16.85,0.7960133254528046,923,8436,1.4715842,-0.0018822749,1079808,9261.093828201294,8638464,0.014728741
7.661338e-05,0.16699219,2251.58,16.85,0.8967091292142868,923,8437,1.4557736,-0.002091223,1079936,9262.204042434692,8639488,0.009874842
6.776231e-05,0.16064453,2251.58,16.85,0.7292761206626892,953,8438,1.4559363,-0.002251941,1080064,9263.278659582138,8640512,0.022029722
7.023405e-05,0.1496582,2250.14,16.86,0.8129799216985703,929,8439,1.4168303,-0.002529907,1080192,9264.380729675293,8641536,0.022888143
7.315503e-05,0.122558594,2246.45,16.87,0.8394116163253784,950,8440,1.4077826,-0.0026090033,1080320,9265.459076404572,8642560,0.017332962
6.3960935e-05,0.14672852,2246.45,16.87,0.8881911113858223,976,8441,1.4733808,-0.00240174,1080448,9266.508950710297,8643584,0.010784451
7.910584e-05,0.15527344,2246.45,16.87,0.8549968153238297,966,8442,1.3849328,-0.002245704,1080576,9267.56989145279,8644608,0.018599542
6.0821196e-05,0.13256836,2247.17,16.86,0.8026228100061417,923,8443,1.4253149,-0.0021876423,1080704,9268.68008685112,8645632,0.026256617
7.752395e-05,0.15161133,2249.61,16.85,0.8267764896154404,886,8444,1.474971,-0.0021166576,1080832,9269.835583925247,8646656,0.017764648
7.332004e-05,0.140625,2249.61,16.85,0.6895287930965424,913,8445,1.3796189,-0.0024119231,1080960,9270.95682835579,8647680,0.03705426
8.141485e-05,0.13989258,2249.61,16.85,0.7920944541692734,950,8446,1.3819399,-0.0019899071,1081088,9272.034784793854,8648704,0.023519851
5.1406347e-05,0.11621094,2249.61,16.85,0.9159114435315132,939,8447,1.4990908,-0.0022656554,1081216,9273.125737905502,8649728,0.0072897356
5.0478782e-05,0.1340332,2247.98,16.87,0.9166863113641739,911,8448,1.4798816,-0.0022472187,1081344,9274.250287294388,8650752,0.007293596
6.6085435e-05,0.14428711,2247.98,16.87,0.8091853260993958,922,8449,1.401703,-0.0022505405,1081472,9275.360969305038,8651776,0.024798099
7.2720686e-05,0.1262207,2247.98,16.87,0.8414011001586914,937,8450,1.460278,-0.0023466994,1081600,9276.453743219376,8652800,0.018825436
6.288258e-05,0.15063477,2247.98,16.87,0.8351218104362488,969,8451,1.4754386,-0.001999623,1081728,9277.51023888588,8653824,0.015791766
7.404394e-05,0.12963867,2247.98,16.87,0.8872377127408981,951,8452,1.4459736,-0.0021449672,1081856,9278.586643218994,8654848,0.014871956
6.292105e-05,0.119140625,2251.73,16.89,0.8660123646259308,926,8453,1.4714831,-0.0020230091,1081984,9279.69246506691,8655872,0.010741665
6.313999e-05,0.11279297,2251.73,16.89,0.7844027280807495,944,8454,1.4834037,-0.0021247284,1082112,9280.777274131775,8656896,0.012721519
7.986108e-05,0.18920898,2251.73,16.89,0.8725918829441071,898,8455,1.4623605,-0.002488273,1082240,9281.917710781097,8657920,0.014425519
0.00010012459,0.1394043,2256.69,16.85,0.6376219391822815,903,8456,1.420801,-0.002236819,1082368,9283.05226802826,8658944,0.03210697
7.362707e-05,0.16552734,2260.94,16.8,0.7366046905517578,917,8457,1.3719685,-0.0024384747,1082496,9284.169746398926,8659968,0.027926309
9.830518e-05,0.13769531,2260.03,16.81,0.9270573705434799,911,8458,1.4862069,-0.002231602,1082624,9285.29449391365,8660992,0.006232331
7.037194e-05,0.13964844,2260.03,16.81,0.8733600378036499,909,8459,1.4273095,-0.0023053414,1082752,9286.421677350998,8662016,0.013984511
8.056609e-05,0.16552734,2256.01,16.9,0.7856249958276749,912,8460,1.4576555,-0.0022715959,1082880,9287.544313430786,8663040,0.019761343
6.73269e-05,0.14648438,2256.01,16.9,0.9146889969706535,970,8461,1.4408444,-0.0026098145,1083008,9288.600529432297,8664064,0.009585068
6.902564e-05,0.13671875,2256.01,16.9,0.900349535048008,971,8462,1.456083,-0.0023424325,1083136,9289.655581712723,8665088,0.012273028
5.45899e-05,0.14208984,2256.01,16.9,0.8486779779195786,979,8463,1.4405099,-0.0021578716,1083264,9290.70230603218,8666112,0.012917691
9.442113e-05,0.13623047,2261.88,16.88,0.8927520960569382,956,8464,1.4841082,-0.0024843286,1083392,9291.773926258087,8667136,0.010914024
8.591986e-05,0.17358398,2261.88,16.88,0.7233682870864868,981,8465,1.4719181,-0.0018697144,1083520,9292.818442821503,8668160,0.023821563
9.708933e-05,0.14160156,2261.88,16.88,0.781927764415741,968,8466,1.3951815,-0.0021601403,1083648,9293.876554727554,8669184,0.021059982
7.1148446e-05,0.13696289,2261.88,16.88,0.8519316017627716,969,8467,1.4286575,-0.0024896641,1083776,9294.933167219162,8670208,0.017442971
8.548419e-05,0.14794922,2261.88,16.88,0.8694236725568771,956,8468,1.4942138,-0.0022839343,1083904,9296.004124879837,8671232,0.013830228
5.772329e-05,0.115234375,2269.13,16.86,0.7787543535232544,954,8469,1.4283943,-0.0024605258,1084032,9297.078145980835,8672256,0.023909574
8.20976e-05,0.11206055,2269.13,16.86,0.8559228330850601,936,8470,1.4581108,-0.0022249012,1084160,9298.172748327255,8673280,0.014203091
7.590485e-05,0.1303711,2263.99,16.9,0.8019767552614212,929,8471,1.4003956,-0.0020417096,1084288,9299.275386571884,8674304,0.028462742
0.00010131256,0.1640625,2268.45,16.88,0.9045111238956451,932,8472,1.3940194,-0.002677415,1084416,9300.374188423157,8675328,0.011795878
6.6066845e-05,0.1237793,2269.25,16.9,0.9508212357759476,937,8473,1.4887835,-0.0023832382,1084544,9301.466822385788,8676352,0.0045824647
8.215947e-05,0.12475586,2267.74,16.94,0.7834533303976059,897,8474,1.4060556,-0.0020215358,1084672,9302.607918262482,8677376,0.026009269
5.252129e-05,0.1105957,2267.74,16.94,0.878643698990345,927,8475,1.4985917,-0.0020119073,1084800,9303.713299274445,8678400,0.0095730955
9.373199e-05,0.14135742,2267.74,16.94,0.8147595226764679,961,8476,1.4727865,-0.0020048735,1084928,9304.77932024002,8679424,0.015669312
9.621571e-05,0.12109375,2270.07,16.94,0.7686538845300674,946,8477,1.4544367,-0.0016566934,1085056,9305.862426042557,8680448,0.02097437
6.992949e-05,0.13964844,2270.07,16.94,0.8948201015591621,958,8478,1.4375645,-0.0022094697,1085184,9306.931159734726,8681472,0.010798004
5.1670075e-05,0.14282227,2270.07,16.94,0.9366021081805229,970,8479,1.5112135,-0.002507419,1085312,9307.987530231476,8682496,0.006220865
5.8034937e-05,0.13427734,2274.77,16.87,0.9085275903344154,920,8480,1.4937762,-0.0024483353,1085440,9309.100310564041,8683520,0.009314607
7.202733e-05,0.09448242,2274.77,16.87,0.771939679980278,913,8481,1.3701297,-0.001616587,1085568,9310.222435712814,8684544,0.028411202
7.073567e-05,0.1418457,2280.24,16.84,0.8373491615056992,917,8482,1.4037787,-0.0020578387,1085696,9311.338938474655,8685568,0.01594426
6.436785e-05,0.1184082,2280.24,16.84,0.8488015383481979,975,8483,1.4575255,-0.0021266895,1085824,9312.389723777771,8686592,0.013565847
5.7963865e-05,0.12475586,2277.07,16.83,0.8456438630819321,967,8484,1.455155,-0.0022856053,1085952,9313.448598861694,8687616,0.01435234
9.937387e-05,0.19555664,2277.07,16.83,0.889765277504921,966,8485,1.4243904,-0.0022570286,1086080,9314.508572816849,8688640,0.013844431
6.588321e-05,0.13647461,2274.28,16.83,0.8923878967761993,942,8486,1.4603794,-0.0020914366,1086208,9315.595360040665,8689664,0.008811976
5.34423e-05,0.12133789,2274.28,16.83,0.788032129406929,975,8487,1.4507545,-0.001962214,1086336,9316.645596981049,8690688,0.030370884
4.8253853e-05,0.12182617,2265.64,16.91,0.8985749259591103,951,8488,1.4488245,-0.0022378261,1086464,9317.722350358963,8691712,0.008594673
6.245845e-05,0.14770508,2265.64,16.91,0.7816575169563293,969,8489,1.49312,-0.0021802299,1086592,9318.779786348343,8692736,0.021879718
7.705939e-05,0.12768555,2265.64,16.91,0.8357703238725662,968,8490,1.4090017,-0.0020695117,1086720,9319.837275505066,8693760,0.014149383
6.50346e-05,0.14941406,2265.64,16.91,0.9494787938892841,967,8491,1.515144,-0.0026236735,1086848,9320.896616220474,8694784,0.0033965702
9.564613e-05,0.17480469,2257.11,16.98,0.8192920386791229,940,8492,1.4444219,-0.0020602508,1086976,9321.986391544342,8695808,0.024299959
8.6009706e-05,0.16113281,2257.11,16.98,0.8137158900499344,968,8493,1.4061422,-0.0018966871,1087104,9323.044160604477,8696832,0.020370662
6.5389184e-05,0.13330078,2257.11,16.98,0.7965932935476303,957,8494,1.4892392,-0.0021394799,1087232,9324.114603996277,8697856,0.021484656
6.939393e-05,0.1459961,2256.98,17.01,0.8045940399169922,948,8495,1.4562758,-0.001887819,1087360,9325.195202112198,8698880,0.020597713
5.849125e-05,0.13183594,2256.98,17.01,0.7341890037059784,966,8496,1.3540237,-0.002508426,1087488,9326.255276203156,8699904,0.03135772
5.9000387e-05,0.107910156,2256.98,17.01,0.8611941784620285,944,8497,1.3838377,-0.0021238287,1087616,9327.339634180069,8700928,0.016117804
5.847202e-05,0.13085938,2256.98,17.01,0.8483753502368927,899,8498,1.3952153,-0.0024507314,1087744,9328.478730678558,8701952,0.021030504
9.7107266e-05,0.13720703,2256.98,17.01,0.7901275157928467,906,8499,1.3429471,-0.002243307,1087872,9329.60864162445,8702976,0.024606204
6.561971e-05,0.13061523,2256.98,17.01,0.7689691781997681,899,8500,1.438133,-0.0021659338,1088000,9330.747487306595,8704000,0.031771775
4.9106056e-05,0.123535156,2254.86,17.03,0.8840362951159477,927,8501,1.4489955,-0.0021877869,1088128,9331.852765321732,8705024,0.012974907
5.8828493e-05,0.12548828,2254.86,17.03,0.7165398001670837,964,8502,1.4085779,-0.0020733792,1088256,9332.915251016617,8706048,0.028954988
5.7840745e-05,0.12548828,2254.86,17.03,0.8448339700698853,977,8503,1.4362284,-0.0024232569,1088384,9333.963045597076,8707072,0.018165823
5.9503658e-05,0.14257812,2250.5,17.08,0.7843199074268341,972,8504,1.426161,-0.002359486,1088512,9335.016973018646,8708096,0.025788898
5.448621e-05,0.111816406,2253.67,17.07,0.67689049243927,959,8505,1.470245,-0.0019204436,1088640,9336.084968805313,8709120,0.03001212
5.7828347e-05,0.1472168,2253.67,17.07,0.8153763264417648,962,8506,1.4264926,-0.002218151,1088768,9337.149182081223,8710144,0.017434554
6.797527e-05,0.12524414,2253.67,17.07,0.8100709319114685,964,8507,1.4819322,-0.0021028006,1088896,9338.21218419075,8711168,0.017306836
5.1474824e-05,0.10083008,2268.6,16.99,0.8537727445363998,943,8508,1.4951168,-0.0018547705,1089024,9339.298350334167,8712192,0.011060284
6.2423795e-05,0.13500977,2268.6,16.99,0.7821773439645767,980,8509,1.4272699,-0.00233428,1089152,9340.343577384949,8713216,0.020182693
5.417884e-05,0.11694336,2266.15,17.01,0.911075159907341,966,8510,1.49393,-0.0022135077,1089280,9341.403371810913,8714240,0.0092101265
5.1840296e-05,0.123535156,2266.15,17.01,0.8387129157781601,974,8511,1.4402412,-0.0021477446,1089408,9342.454828739166,8715264,0.018033126
6.345962e-05,0.13110352,2266.15,17.01,0.8278929144144058,966,8512,1.4807316,-0.002013586,1089536,9343.51566529274,8716288,0.013825047
4.687696e-05,0.12719727,2262.63,16.98,0.8777716234326363,950,8513,1.5234151,-0.0023386334,1089664,9344.594168663025,8717312,0.010071824
4.7958412e-05,0.13842773,2262.63,16.98,0.8212222307920456,924,8514,1.4547322,-0.0018043896,1089792,9345.70217013359,8718336,0.016605852
5.7664707e-05,0.14892578,2262.63,16.98,0.7579094916582108,903,8515,1.4093765,-0.0017657697,1089920,9346.835800170898,8719360,0.02394342
6.443728e-05,0.13891602,2262.63,16.98,0.6971611976623535,957,8516,1.3961408,-0.0022886097,1090048,9347.906316041946,8720384,0.032390624
9.0425325e-05,0.12890625,2262.63,16.98,0.8983683884143829,973,8517,1.4908564,-0.0020114507,1090176,9348.9586789608,8721408,0.0074892174
6.196724e-05,0.1303711,2255.52,17.04,0.7240729629993439,944,8518,1.4527599,-0.001727785,1090304,9350.043679237366,8722432,0.02368378
4.817539e-05,0.1003418,2255.52,17.04,0.8006942868232727,974,8519,1.4592427,-0.0020504803,1090432,9351.095730304718,8723456,0.024621343
7.864517e-05,0.114746094,2255.95,17.04,0.87457275390625,926,8520,1.4326206,-0.0021413043,1090560,9352.201451778412,8724480,0.012838441
5.643592e-05,0.1418457,2255.95,17.04,0.929770290851593,965,8521,1.5244805,-0.0020665985,1090688,9353.26327085495,8725504,0.005562927
4.697868e-05,0.13867188,2261.29,17.01,0.8955037891864777,915,8522,1.4801567,-0.002092137,1090816,9354.38305258751,8726528,0.006127452
3.5501813e-05,0.10253906,2261.29,17.01,0.8945375010371208,913,8523,1.5334772,-0.0018737972,1090944,9355.505071163177,8727552,0.0063383975
6.68651e-05,0.14428711,2262.43,17.02,0.8594346046447754,888,8524,1.4403995,-0.0019805755,1091072,9356.65869474411,8728576,0.015243059
6.52617e-05,0.11791992,2262.43,17.02,0.8809707537293434,940,8525,1.386685,-0.002039154,1091200,9357.748299121857,8729600,0.01570054
7.0826274e-05,0.1184082,2264.84,17.04,0.8881866410374641,952,8526,1.4791931,-0.0021423711,1091328,9358.824606657028,8730624,0.0097054755
7.37674e-05,0.111328125,2263.49,17.03,0.8543036133050919,914,8527,1.4263146,-0.001795968,1091456,9359.9446747303,8731648,0.01591816
9.301783e-05,0.12817383,2263.49,17.03,0.8591361492872238,962,8528,1.4729133,-0.0018543896,1091584,9361.009005784988,8732672,0.01235688
5.68417e-05,0.13256836,2262.52,17.05,0.8148021101951599,942,8529,1.4894577,-0.0019122007,1091712,9362.096184253693,8733696,0.013323249
5.1979878e-05,0.13720703,2262.52,17.05,0.9181256145238876,903,8530,1.5048875,-0.0019310932,1091840,9363.230237722397,8734720,0.0065768687
5.514021e-05,0.12573242,2262.52,17.05,0.7955305129289627,917,8531,1.446477,-0.0020486652,1091968,9364.347531795502,8735744,0.025350966
4.155559e-05,0.08666992,2262.52,17.05,0.6819908916950226,896,8532,1.5060145,-0.0018892054,1092096,9365.490922927856,8736768,0.024409417
6.517401e-05,0.16845703,2261.81,17.07,0.8288626372814178,919,8533,1.4016109,-0.0024852753,1092224,9366.605896949768,8737792,0.014426054
5.8822723e-05,0.12866211,2253.78,17.11,0.7048390209674835,906,8534,1.3680228,-0.002173518,1092352,9367.736598014832,8738816,0.03970147
7.4222204e-05,0.16723633,2253.78,17.11,0.8625786602497101,913,8535,1.4468493,-0.0022695162,1092480,9368.858811378479,8739840,0.017041244
7.1322e-05,0.114990234,2249.83,17.13,0.8094074577093124,901,8536,1.3917519,-0.0018706133,1092608,9369.99593448639,8740864,0.021851301
6.608592e-05,0.15332031,2242.87,17.16,0.9100668579339981,970,8537,1.4404619,-0.0019124756,1092736,9371.05144906044,8741888,0.009335492
5.635785e-05,0.125,2242.87,17.16,0.9364632293581963,955,8538,1.4955479,-0.002234723,1092864,9372.123724222183,8742912,0.005824499
5.5868873e-05,0.14892578,2242.87,17.16,0.8730879873037338,902,8539,1.5145693,-0.0019831343,1092992,9373.25936627388,8743936,0.012058964
5.1965933e-05,0.119628906,2242.87,17.16,0.9168027341365814,955,8540,1.4502224,-0.0018328291,1093120,9374.331504821777,8744960,0.00828142
6.1820865e-05,0.13452148,2242.87,17.16,0.8679638653993607,946,8541,1.45769,-0.002072081,1093248,9375.41397356987,8745984,0.013661106
5.6765122e-05,0.14819336,2242.87,17.16,0.9328684359788895,898,8542,1.4930665,-0.0021735705,1093376,9376.554288625717,8747008,0.0058472184
6.214664e-05,0.12231445,2240.16,17.2,0.8541729301214218,899,8543,1.4575135,-0.002181785,1093504,9377.69292473793,8748032,0.014271613
5.583035e-05,0.11279297,2240.92,17.19,0.8201490044593811,900,8544,1.4300209,-0.0018824679,1093632,9378.830904245377,8749056,0.022254054
6.2451436e-05,0.1394043,2240.92,17.19,0.7998621165752411,950,8545,1.3715967,-0.002255744,1093760,9379.908526182175,8750080,0.02224221
4.5952955e-05,0.12036133,2240.92,17.19,0.945985484868288,962,8546,1.5343183,-0.0022971097,1093888,9380.973880290985,8751104,0.0051226225
4.9651942e-05,0.13183594,2240.92,17.19,0.9028849005699158,906,8547,1.4832376,-0.0015784861,1094016,9382.103796005249,8752128,0.0078078895
3.1836138e-05,0.08105469,2240.92,17.19,0.8013563007116318,901,8548,1.4567047,-0.0016435964,1094144,9383.241023302078,8753152,0.021946276
5.773947e-05,0.13452148,2240.68,17.19,0.7864683121442795,965,8549,1.5038184,-0.0019393145,1094272,9384.302639722824,8754176,0.015541941
6.1406245e-05,0.1550293,2238.92,17.19,0.8007160276174545,952,8550,1.4437714,-0.001997306,1094400,9385.378316402435,8755200,0.016819756
5.5338965e-05,0.13061523,2238.92,17.19,0.7794138342142105,973,8551,1.4654129,-0.0016520293,1094528,9386.4311606884,8756224,0.021714738
3.9407838e-05,0.13598633,2236.03,17.23,0.8884884342551231,942,8552,1.5406698,-0.0017125148,1094656,9387.51891708374,8757248,0.007855563
6.282026e-05,0.12792969,2236.03,17.23,0.8816050887107849,975,8553,1.4355198,-0.0020303149,1094784,9388.569453239441,8758272,0.012717002
5.5503537e-05,0.12207031,2236.03,17.23,0.8526243567466736,945,8554,1.4561876,-0.0016914544,1094912,9389.653442144394,8759296,0.013766457
6.8139096e-05,0.14819336,2236.03,17.23,0.890289194881916,968,8555,1.4615486,-0.0017716548,1095040,9390.711676120758,8760320,0.011564413
7.4638425e-05,0.1496582,2239.34,17.2,0.8792214840650558,933,8556,1.5220809,-0.001899149,1095168,9391.809643745422,8761344,0.0069701904
5.9177917e-05,0.13623047,2239.34,17.2,0.8367131501436234,982,8557,1.4840751,-0.0019725638,1095296,9392.852727890015,8762368,0.017739143
5.983606e-05,0.15161133,2223.98,17.29,0.7063916623592377,926,8558,1.3984567,-0.0022304417,1095424,9393.958471536636,8763392,0.027034821
8.274205e-05,0.11376953,2227.4,17.28,0.8417341560125351,970,8559,1.4155657,-0.0019308757,1095552,9395.014120817184,8764416,0.015328924
6.329104e-05,0.111572266,2227.4,17.28,0.8859445452690125,964,8560,1.3979775,-0.00197443,1095680,9396.076045274734,8765440,0.014690409
5.0439223e-05,0.15112305,2227.4,17.28,0.8730220645666122,964,8561,1.4680268,-0.0021138075,1095808,9397.138414859772,8766464,0.01388603
4.411933e-05,0.11376953,2227.4,17.28,0.8575927019119263,959,8562,1.4784616,-0.0018824717,1095936,9398.205976009369,8767488,0.01161419
6.318291e-05,0.13232422,2227.4,17.28,0.887326218187809,964,8563,1.4483206,-0.002145331,1096064,9399.268582820892,8768512,0.013943611
4.7522288e-05,0.10839844,2227.4,17.28,0.8304627537727356,959,8564,1.4085146,-0.0018692764,1096192,9400.33657860756,8769536,0.021640444
4.5856024e-05,0.115478516,2227.4,17.28,0.881470762193203,983,8565,1.4999368,-0.0018069327,1096320,9401.37824845314,8770560,0.00842007
5.9504964e-05,0.14526367,2220.64,17.34,0.851548507809639,956,8566,1.4303612,-0.0019220579,1096448,9402.449314117432,8771584,0.019650603
6.591462e-05,0.13745117,2220.64,17.34,0.8509999513626099,980,8567,1.3604169,-0.0019693314,1096576,9403.494095087051,8772608,0.016406545
7.013426e-05,0.13891602,2218.73,17.28,0.8355302959680557,951,8568,1.4703091,-0.0019835397,1096704,9404.570719957352,8773632,0.01609675
9.562706e-05,0.18774414,2218.73,17.28,0.7550690919160843,970,8569,1.4166565,-0.0020075773,1096832,9405.626576185226,8774656,0.026152283
5.3216245e-05,0.103027344,2221.33,17.25,0.8361469805240631,949,8570,1.4826857,-0.0019265618,1096960,9406.706045627594,8775680,0.013123634
4.8359354e-05,0.14038086,2221.33,17.25,0.9066186249256134,974,8571,1.5143354,-0.0016438478,1097088,9407.757886171341,8776704,0.0062851375
4.8655816e-05,0.1303711,2217.52,17.29,0.8846079185605049,958,8572,1.465583,-0.0016248896,1097216,9408.82667183876,8777728,0.008416598
6.034209e-05,0.14135742,2213.49,17.32,0.7964131981134415,967,8573,1.4413931,-0.0022052962,1097344,9409.886058807373,8778752,0.025234273
5.8553367e-05,0.15307617,2213.49,17.32,0.8605287671089172,970,8574,1.4460692,-0.0021196017,1097472,9410.941654920578,8779776,0.019861316
0.00010279496,0.13769531,2216.64,17.31,0.8700547218322754,967,8575,1.4726548,-0.0019462043,1097600,9412.000388860703,8780800,0.0117873475
5.6146873e-05,0.11035156,2216.64,17.31,0.854162409901619,959,8576,1.4905976,-0.0019295553,1097728,9413.068758487701,8781824,0.016424002
7.520869e-05,0.18530273,2216.64,17.31,0.8173834979534149,964,8577,1.3728236,-0.0020142354,1097856,9414.130791664124,8782848,0.02492425
6.555408e-05,0.16333008,2209.46,17.39,0.7838761359453201,927,8578,1.4829613,-0.0016458444,1097984,9415.235351800919,8783872,0.018902715
7.8157915e-05,0.14648438,2209.46,17.39,0.8253350108861923,916,8579,1.4611684,-0.0019010607,1098112,9416.353258371353,8784896,0.017473556
4.752039e-05,0.106933594,2209.46,17.39,0.7530005723237991,906,8580,1.452576,-0.002007571,1098240,9417.485171556473,8785920,0.028160218
5.2750453e-05,0.12792969,2209.46,17.39,0.782595619559288,973,8581,1.3507733,-0.0020196121,1098368,9418.537786960602,8786944,0.032299895
5.321285e-05,0.114746094,2209.46,17.39,0.8597798347473145,963,8582,1.4375248,-0.001715515,1098496,9419.601456403732,8787968,0.018718285
6.3911495e-05,0.13330078,2202.28,17.45,0.8968013525009155,930,8583,1.4386088,-0.002055524,1098624,9420.702557563782,8788992,0.0119639
5.0274397e-05,0.14624023,2197.58,17.47,0.8544348180294037,911,8584,1.487352,-0.0017523476,1098752,9421.826261520386,8790016,0.009754346
4.4142336e-05,0.119140625,2201.65,17.46,0.8796320483088493,907,8585,1.4501225,-0.0018444406,1098880,9422.95552444458,8791040,0.012363166
6.401745e-05,0.12939453,2201.37,17.45,0.6345362663269043,951,8586,1.3946673,-0.0020210466,1099008,9424.032459259033,8792064,0.03458075
5.0927254e-05,0.118896484,2194.05,17.45,0.9061755388975143,961,8587,1.4416374,-0.0019156127,1099136,9425.097770690918,8793088,0.011157484
5.030859e-05,0.13085938,2194.05,17.45,0.7908892780542374,963,8588,1.4303433,-0.0017735708,1099264,9426.161447286606,8794112,0.020497402
5.1934014e-05,0.1303711,2194.05,17.45,0.9012208133935928,963,8589,1.5002153,-0.002122941,1099392,9427.225334882736,8795136,0.009861082
7.551937e-05,0.115234375,2194.05,17.45,0.8965098708868027,918,8590,1.488344,-0.0015720697,1099520,9428.341539382935,8796160,0.007397066
3.589775e-05,0.11694336,2194.05,17.45,0.7978220582008362,911,8591,1.4487686,-0.0018366592,1099648,9429.465897798538,8797184,0.024873009
3.9672228e-05,0.099609375,2198.86,17.43,0.893588699400425,953,8592,1.5195105,-0.0019308861,1099776,9430.540319442749,8798208,0.009573215
5.2784344e-05,0.15161133,2198.86,17.43,0.9203502684831619,943,8593,1.4652594,-0.002142298,1099904,9431.62613940239,8799232,0.007514937
5.684734e-05,0.14453125,2198.86,17.43,0.8223622888326645,907,8594,1.4237051,-0.0021190904,1100032,9432.755002737045,8800256,0.016587
5.051828e-05,0.1616211,2198.86,17.43,0.818270817399025,964,8595,1.394194,-0.0022060229,1100160,9433.81806230545,8801280,0.027987747
4.608552e-05,0.107421875,2203.49,17.37,0.7708067744970322,972,8596,1.4117852,-0.0018181385,1100288,9434.871344089508,8802304,0.026380258
3.9858984e-05,0.13989258,2203.49,17.37,0.8286013454198837,985,8597,1.5139738,-0.0018021294,1100416,9435.911496639252,8803328,0.009855075
5.8684192e-05,0.13989258,2203.49,17.37,0.8655722737312317,970,8598,1.4771063,-0.001965239,1100544,9436.967326164246,8804352,0.01173698
4.334236e-05,0.12402344,2204.41,17.36,0.8620606660842896,960,8599,1.4898847,-0.0018632878,1100672,9438.034212112427,8805376,0.012782967
4.923956e-05,0.12451172,2200.66,17.4,0.9113743379712105,947,8600,1.4496601,-0.0019944727,1100800,9439.115504264832,8806400,0.0077632396
5.4115604e-05,0.1352539,2200.66,17.4,0.8615691512823105,923,8601,1.4758494,-0.001960936,1100928,9440.22525048256,8807424,0.013628082
5.7909878e-05,0.12817383,2196.05,17.43,0.8169694691896439,932,8602,1.4537424,-0.0019489666,1101056,9441.324617385864,8808448,0.01818365
6.2901134e-05,0.13305664,2201.77,17.41,0.8788606822490692,921,8603,1.4075426,-0.001959594,1101184,9442.43669629097,8809472,0.013025953
4.9825412e-05,0.122558594,2201.77,17.41,0.8953422978520393,916,8604,1.4812372,-0.0020087156,1101312,9443.554628372192,8810496,0.009823172
4.692188e-05,0.10498047,2201.77,17.41,0.8661192655563354,902,8605,1.5229188,-0.0018831296,1101440,9444.689794778824,8811520,0.013052962
4.351225e-05,0.10864258,2206.99,17.39,0.8769251480698586,896,8606,1.502449,-0.0016904138,1101568,9445.832582712173,8812544,0.010813612
4.7580106e-05,0.106933594,2204.4,17.39,0.7309817373752594,964,8607,1.4211946,-0.0018611031,1101696,9446.895535230637,8813568,0.02423703
6.92877e-05,0.16967773,2204.4,17.39,0.8654597699642181,967,8608,1.4373991,-0.001878557,1101824,9447.954583644867,8814592,0.015001496
3.7162237e-05,0.110839844,2204.4,17.39,0.8781210109591484,956,8609,1.4997898,-0.0017905394,1101952,9449.025486469269,8815616,0.011274288
4.1217405e-05,0.12963867,2204.4,17.39,0.849373921751976,957,8610,1.4483274,-0.0017977651,1102080,9450.095502853394,8816640,0.017513463
4.6177876e-05,0.12792969,2199.7,17.41,0.8676038682460785,932,8611,1.5190618,-0.0019921756,1102208,9451.19469499588,8817664,0.012720423
6.455648e-05,0.15698242,2199.7,17.41,0.7366827428340912,909,8612,1.4152873,-0.0019615148,1102336,9452.321297168732,8818688,0.020348178
4.295547e-05,0.14526367,2199.7,17.41,0.8756077066063881,906,8613,1.4705288,-0.002004996,1102464,9453.451740980148,8819712,0.012399555
5.0295792e-05,0.12548828,2196.82,17.4,0.8121414333581924,928,8614,1.4595733,-0.002052369,1102592,9454.55491733551,8820736,0.021856256
4.1041436e-05,0.10913086,2196.82,17.4,0.8361605256795883,977,8615,1.4675026,-0.001610484,1102720,9455.602792978287,8821760,0.018163765
5.867942e-05,0.12182617,2196.74,17.41,0.8514996916055679,947,8616,1.4769938,-0.0012538943,1102848,9456.684530496597,8822784,0.010189478
4.8657705e-05,0.14135742,2196.74,17.41,0.8692598938941956,953,8617,1.4737551,-0.0018968307,1102976,9457.758876800537,8823808,0.01663354
5.0053775e-05,0.103027344,2187.58,17.49,0.7510344237089157,932,8618,1.4334847,-0.0017172651,1103104,9458.857540845871,8824832,0.030295685
4.504972e-05,0.11743164,2193.1,17.47,0.8083661943674088,961,8619,1.3605554,-0.0017871596,1103232,9459.923816919327,8825856,0.030852133
4.096886e-05,0.12695312,2193.1,17.47,0.8271319270133972,858,8620,1.4437842,-0.0020853058,1103360,9461.11707353592,8826880,0.020125609
3.9037997e-05,0.09692383,2193.1,17.47,0.7669240087270737,948,8621,1.4787533,-0.0017993802,1103488,9462.197596549988,8827904,0.02170485
4.1409145e-05,0.11743164,2192.92,17.46,0.8862005174160004,896,8622,1.5190544,-0.0017641954,1103616,9463.340126991272,8828928,0.008123678
4.3805296e-05,0.10644531,2192.92,17.46,0.8089827299118042,908,8623,1.46868,-0.0016541507,1103744,9464.468147277832,8829952,0.015821854
7.157492e-05,0.1730957,2192.92,17.46,0.8760790303349495,904,8624,1.5037302,-0.0017970442,1103872,9465.600476026535,8830976,0.008328499
5.2033472e-05,0.15307617,2192.92,17.46,0.8432869017124176,907,8625,1.469082,-0.0019139712,1104000,9466.729390144348,8832000,0.013295593
5.6259494e-05,0.12207031,2192.92,17.46,0.8073030114173889,904,8626,1.4472483,-0.0014642854,1104128,9467.862743616104,8833024,0.024333522
5.4345546e-05,0.13305664,2192.92,17.46,0.8348686099052429,919,8627,1.4633348,-0.0020276946,1104256,9468.976702928543,8834048,0.022635989
4.5597128e-05,0.119628906,2194.97,17.42,0.877921387553215,899,8628,1.4108039,-0.001982084,1104384,9470.116518735886,8835072,0.016082603
4.823551e-05,0.12548828,2203.73,17.3,0.8307751417160034,889,8629,1.4577942,-0.0019733845,1104512,9471.268099069595,8836096,0.015762426
3.95413e-05,0.14233398,2203.73,17.3,0.8928739801049232,918,8630,1.512221,-0.0017143444,1104640,9472.383650302887,8837120,0.008869963
4.167868e-05,0.100097656,2203.73,17.3,0.845402866601944,923,8631,1.4832261,-0.0015379243,1104768,9473.493373632431,8838144,0.01344989
3.569446e-05,0.11352539,2203.73,17.3,0.8243204653263092,915,8632,1.5428703,-0.0019255124,1104896,9474.61306643486,8839168,0.011446365
4.070375e-05,0.13574219,2203.73,17.3,0.8458542227745056,900,8633,1.4591464,-0.0018432545,1105024,9475.7508020401,8840192,0.01827338
5.170033e-05,0.13574219,2205.32,17.26,0.8574361503124237,939,8634,1.48998,-0.0018364093,1105152,9476.841346025467,8841216,0.011935465
4.445007e-05,0.12158203,2203.6,17.28,0.9241068884730339,922,8635,1.4601387,-0.0020589335,1105280,9477.9519033432,8842240,0.008747943
5.007886e-05,0.15136719,2208.18,17.24,0.8799528554081917,960,8636,1.4882125,-0.0019021956,1105408,9479.018590927124,8843264,0.010276793
4.916818e-05,0.12084961,2204.22,17.26,0.8317940086126328,972,8637,1.4901981,-0.0017010926,1105536,9480.07263970375,8844288,0.016941627
6.3284155e-05,0.1459961,2204.22,17.26,0.9186564832925797,957,8638,1.4551046,-0.0022808635,1105664,9481.142527103424,8845312,0.009350426
4.4082848e-05,0.12939453,2204.22,17.26,0.8002965599298477,972,8639,1.433249,-0.0019356792,1105792,9482.196616649628,8846336,0.02351357
3.6333367e-05,0.1274414,2204.22,17.26,0.7541031837463379,975,8640,1.4475408,-0.0018727214,1105920,9483.247024059296,8847360,0.023395173
4.699613e-05,0.12133789,2204.22,17.26,0.8168770670890808,973,8641,1.3898495,-0.0019478116,1106048,9484.300533294678,8848384,0.024946388
5.2513715e-05,0.115722656,2204.22,17.26,0.7925084680318832,962,8642,1.4527314,-0.0016108656,1106176,9485.365687847137,8849408,0.0170139
5.378732e-05,0.14575195,2204.22,17.26,0.8824281990528107,957,8643,1.4751996,-0.0020124225,1106304,9486.435847759247,8850432,0.013548162
4.3163847e-05,0.11254883,2193.4,17.3,0.8869113251566887,919,8644,1.4611871,-0.0019379307,1106432,9487.55055975914,8851456,0.011453834
6.28419e-05,0.15771484,2193.4,17.3,0.9173174649477005,931,8645,1.420484,-0.002188714,1106560,9488.650783538818,8852480,0.010640016
5.113513e-05,0.1418457,2193.4,17.3,0.8661300837993622,923,8646,1.526657,-0.0018035986,1106688,9489.760607719421,8853504,0.008524804
6.289717e-05,0.15429688,2193.4,17.3,0.7806751132011414,913,8647,1.4218973,-0.001851003,1106816,9490.882183551788,8854528,0.02669062
6.118747e-05,0.1550293,2193.4,17.3,0.8866968750953674,955,8648,1.4787169,-0.0019571772,1106944,9491.954797744751,8855552,0.01210037
5.5330136e-05,0.1352539,2193.4,17.3,0.8177668154239655,968,8649,1.4995546,-0.0015583634,1107072,9493.012418746948,8856576,0.011323216
4.4816494e-05,0.10522461,2193.4,17.3,0.7514331191778183,959,8650,1.4845703,-0.001398873,1107200,9494.080542325974,8857600,0.018350402
3.4721834e-05,0.111083984,2193.4,17.3,0.8984817415475845,971,8651,1.4906361,-0.0018608058,1107328,9495.13490819931,8858624,0.008627884
6.545114e-05,0.119628906,2199.43,17.25,0.8338090032339096,962,8652,1.430994,-0.0017408815,1107456,9496.199600458145,8859648,0.021146415
6.7013476e-05,0.14770508,2199.43,17.25,0.8734480738639832,976,8653,1.4431231,-0.0020829819,1107584,9497.249047279358,8860672,0.01372513
5.560868e-05,0.107910156,2205.45,17.24,0.8446599990129471,897,8654,1.383306,-0.0020115161,1107712,9498.390855312347,8861696,0.016424114
6.0192964e-05,0.14697266,2209.12,17.23,0.8392186313867569,901,8655,1.4016811,-0.0020560373,1107840,9499.527709960938,8862720,0.020780776
3.6316895e-05,0.12231445,2212.25,17.26,0.6236277520656586,912,8656,1.4407235,-0.0015476844,1107968,9500.650333404541,8863744,0.026919652
6.4434425e-05,0.15673828,2212.25,17.26,0.7782731205224991,967,8657,1.4797776,-0.0015905461,1108096,9501.70927476883,8864768,0.022694277
4.8648864e-05,0.15429688,2212.25,17.26,0.8757088780403137,894,8658,1.4826165,-0.001877065,1108224,9502.854628801346,8865792,0.011807873
4.1953248e-05,0.12011719,2210.49,17.28,0.7727798819541931,902,8659,1.4625375,-0.0017698244,1108352,9503.990401506424,8866816,0.023697207
3.1244897e-05,0.10595703,2207.88,17.29,0.806965634226799,882,8660,1.4846737,-0.001408746,1108480,9505.151139497757,8867840,0.014364656
5.9497863e-05,0.15454102,2207.88,17.29,0.6831428706645966,913,8661,1.4428148,-0.0015115142,1108608,9506.278459787369,8868864,0.030069284
4.1466545e-05,0.10668945,2209.95,17.28,0.8470403105020523,953,8662,1.4980499,-0.0018003418,1108736,9507.35301566124,8869888,0.017456446
4.559991e-05,0.11230469,2209.95,17.28,0.8021533340215683,966,8663,1.4922545,-0.0017690321,1108864,9508.413697719574,8870912,0.01923075
3.896634e-05,0.10668945,2209.95,17.28,0.8908493146300316,953,8664,1.4613745,-0.0019191182,1108992,9509.488674879074,8871936,0.012377674
2.7775626e-05,0.0871582,2209.95,17.28,0.7291018068790436,976,8665,1.5051627,-0.0012733068,1109120,9510.53856420517,8872960,0.025162842
4.3879292e-05,0.1315918,2209.95,17.28,0.777204155921936,953,8666,1.4757637,-0.0014420709,1109248,9511.613187074661,8873984,0.021793384
5.3086416e-05,0.16235352,2205.23,17.29,0.7603226751089096,951,8667,1.4356421,-0.0016579918,1109376,9512.690450668335,8875008,0.02196331
5.558983e-05,0.1586914,2205.23,17.29,0.9461215957999229,959,8668,1.5096734,-0.0021664524,1109504,9513.758063554764,8876032,0.0046968414
4.7186037e-05,0.13647461,2201.37,17.31,0.8394391685724258,960,8669,1.4550653,-0.0017087847,1109632,9514.824658870697,8877056,0.018154442
4.042915e-05,0.15454102,2201.37,17.31,0.8989540413022041,947,8670,1.5127541,-0.0017843785,1109760,9515.90593957901,8878080,0.0065206103
5.0336545e-05,0.12158203,2201.37,17.31,0.8319617956876755,972,8671,1.5011439,-0.0017032482,1109888,9516.960015296936,8879104,0.02199252
4.34649e-05,0.114746094,2196.47,17.35,0.9178177416324615,939,8672,1.5190102,-0.0014493868,1110016,9518.05048751831,8880128,0.008272833
6.908587e-05,0.15454102,2196.47,17.35,0.7810785919427872,975,8673,1.4307702,-0.0017283253,1110144,9519.100692987442,8881152,0.02224136
5.77409e-05,0.14404297,2197.02,17.35,0.827029675245285,954,8674,1.3898169,-0.001907131,1110272,9520.174283742905,8882176,0.026181577
5.0015507e-05,0.15478516,2198.36,17.3,0.9226314127445221,961,8675,1.4503722,-0.0019135289,1110400,9521.239625453949,8883200,0.011164036
4.2608215e-05,0.1237793,2198.36,17.3,0.8561951071023941,965,8676,1.4535582,-0.0016339613,1110528,9522.3006670475,8884224,0.015143999
3.0320432e-05,0.10229492,2198.36,17.3,0.9004427567124367,966,8677,1.5512003,-0.0018801566,1110656,9523.360963582993,8885248,0.008761348
5.7754245e-05,0.1340332,2199.47,17.22,0.8747147768735886,908,8678,1.428621,-0.0019393965,1110784,9524.488544225693,8886272,0.014901761
5.457858e-05,0.1315918,2193.59,17.22,0.8936828821897507,954,8679,1.4874738,-0.00173043,1110912,9525.561822414398,8887296,0.011337583
2.7236701e-05,0.087646484,2193.59,17.22,0.7564976811408997,943,8680,1.4553612,-0.001554132,1111040,9526.648177862167,8888320,0.03519643
4.5042692e-05,0.15039062,2193.59,17.22,0.7779166102409363,970,8681,1.4454377,-0.001730182,1111168,9527.704720497131,8889344,0.02104631
4.3578486e-05,0.11352539,2193.95,17.21,0.8965291604399681,956,8682,1.4706104,-0.0017019528,1111296,9528.776054143906,8890368,0.008367974
4.841682e-05,0.1340332,2193.95,17.21,0.8897275477647781,971,8683,1.4948137,-0.0016635687,1111424,9529.830950260162,8891392,0.0108870175
3.846624e-05,0.11035156,2189.04,17.22,0.817108154296875,921,8684,1.4525808,-0.0012673853,1111552,9530.94297838211,8892416,0.016149176
3.6823043e-05,0.11279297,2189.04,17.22,0.7506565749645233,916,8685,1.4227922,-0.0018393736,1111680,9532.061265707016,8893440,0.023918137
5.683412e-05,0.14453125,2189.04,17.22,0.8361734747886658,902,8686,1.4321921,-0.0018820718,1111808,9533.197180509567,8894464,0.018452046
3.563586e-05,0.10888672,2189.04,17.22,0.9348499774932861,942,8687,1.5058,-0.0017937876,1111936,9534.284164190292,8895488,0.0074071763
3.8344806e-05,0.1381836,2189.04,17.22,0.8794496953487396,895,8688,1.4749466,-0.0016499683,1112064,9535.428067684174,8896512,0.012862524
4.0431667e-05,0.123046875,2189.3,17.19,0.7876941412687302,916,8689,1.3926466,-0.0017337186,1112192,9536.546688079834,8897536,0.021836793
4.673845e-05,0.103271484,2183.24,17.22,0.8328734934329987,903,8690,1.3961291,-0.0017428113,1112320,9537.680608034134,8898560,0.019316355
3.1172618e-05,0.12719727,2183.24,17.22,0.9308094829320908,905,8691,1.5446082,-0.0018936779,1112448,9538.811940670013,8899584,0.003975124
5.478168e-05,0.14233398,2175.1,17.31,0.9106408879160881,906,8692,1.5162604,-0.0014708841,1112576,9539.94278216362,8900608,0.0067887087
3.894228e-05,0.11328125,2175.1,17.31,0.8383071571588516,918,8693,1.4569608,-0.0015641488,1112704,9541.058596611023,8901632,0.01507443
4.6527595e-05,0.100097656,2175.1,17.31,0.8681921362876892,913,8694,1.4562883,-0.001776705,1112832,9542.18063902855,8902656,0.017765736
3.5115845e-05,0.11279297,2176.12,17.25,0.8633571267127991,903,8695,1.4645941,-0.001891517,1112960,9543.314974546432,8903680,0.013313893
3.463695e-05,0.12573242,2176.12,17.25,0.8102694898843765,913,8696,1.4813987,-0.001735579,1113088,9544.436327934265,8904704,0.020391753
4.3346954e-05,0.14453125,2176.12,17.25,0.9029072970151901,903,8697,1.4517639,-0.0019738676,1113216,9545.57094502449,8905728,0.011622579
5.300894e-05,0.13549805,2176.84,17.26,0.8479031175374985,954,8698,1.4195691,-0.00188138,1113344,9546.644195318222,8906752,0.020271614
3.911572e-05,0.111572266,2176.84,17.26,0.7382769584655762,950,8699,1.398267,-0.0019683053,1113472,9547.72174024582,8907776,0.037277654
4.538315e-05,0.10961914,2176.84,17.26,0.8735723793506622,899,8700,1.4478786,-0.0020500582,1113600,9548.86136341095,8908800,0.014474833
3.9546485e-05,0.119384766,2176.84,17.26,0.9410141371190548,952,8701,1.5377496,-0.0016996749,1113728,9549.937725305557,8909824,0.0043131243
6.729785e-05,0.19824219,2186.93,17.2,0.9133587628602982,950,8702,1.4633011,-0.0019765026,1113856,9551.01532459259,8910848,0.010170089
4.0579227e-05,0.1237793,2187.45,17.2,0.8350008875131607,971,8703,1.4162155,-0.00205352,1113984,9552.069808483124,8911872,0.023664087
4.8864014e-05,0.13769531,2191.77,17.18,0.7472274303436279,927,8704,1.4381918,-0.0019760223,1114112,9553.17460823059,8912896,0.025372986
4.0099178e-05,0.14404297,2191.77,17.18,0.9215518459677696,980,8705,1.5237765,-0.0018818382,1114240,9554.219815731049,8913920,0.0053378134
4.8042646e-05,0.13623047,2191.38,17.19,0.8163504004478455,957,8706,1.5106107,-0.0011092969,1114368,9555.289988517761,8914944,0.011913663
4.1213294e-05,0.12915039,2191.38,17.19,0.8544818758964539,980,8707,1.4465843,-0.001652848,1114496,9556.335358381271,8915968,0.014245891
3.8583657e-05,0.10961914,2193.48,17.17,0.8456052392721176,950,8708,1.4844072,-0.0016338312,1114624,9557.413402795792,8916992,0.015347939
4.528959e-05,0.14257812,2187.41,17.22,0.8854712918400764,955,8709,1.3952746,-0.0016548391,1114752,9558.485704183578,8918016,0.013524034
4.767287e-05,0.12670898,2187.41,17.22,0.823516309261322,970,8710,1.4773394,-0.0019788034,1114880,9559.541621208191,8919040,0.016921239
3.5308367e-05,0.13061523,2187.41,17.22,0.8968448489904404,985,8711,1.5530013,-0.0017387855,1115008,9560.582381486893,8920064,0.008150192
3.624153e-05,0.13842773,2187.41,17.22,0.648747593164444,967,8712,1.4624764,-0.001523221,1115136,9561.641167163849,8921088,0.027153164
2.703547e-05,0.09643555,2176.55,17.24,0.8551792800426483,944,8713,1.5009882,-0.0017048147,1115264,9562.726261615753,8922112,0.008734405
4.1974192e-05,0.107910156,2176.55,17.24,0.7989392429590225,955,8714,1.3952883,-0.0015259478,1115392,9563.79907131195,8923136,0.023586571
4.882608e-05,0.13134766,2176.55,17.24,0.8551497459411621,965,8715,1.4550219,-0.0018369884,1115520,9564.859988927841,8924160,0.014190419
4.187102e-05,0.14111328,2176.55,17.24,0.8096446692943573,964,8716,1.4927706,-0.001388432,1115648,9565.923073291779,8925184,0.018502194
3.885675e-05,0.1081543,2176.55,17.24,0.8806430399417877,940,8717,1.4900159,-0.0016917791,1115776,9567.012866735458,8926208,0.01231311
5.9167483e-05,0.1640625,2172.88,17.27,0.8547330498695374,894,8718,1.4268806,-0.001979482,1115904,9568.158685207367,8927232,0.016882949
3.9343657e-05,0.107177734,2164.66,17.32,0.8249896913766861,896,8719,1.4306427,-0.0016919636,1116032,9569.301423549652,8928256,0.02253217
5.9491947e-05,0.14575195,2164.66,17.32,0.730705201625824,948,8720,1.4231291,-0.0017952005,1116160,9570.381398439407,8929280,0.029151171
3.5814308e-05,0.122558594,2161.0,17.35,0.844273254275322,947,8721,1.4786717,-0.0016224533,1116288,9571.462992668152,8930304,0.015279209
4.8015376e-05,0.123535156,2161.0,17.35,0.7007206976413727,961,8722,1.430762,-0.0014972665,1116416,9572.52835893631,8931328,0.03753124
3.818072e-05,0.12841797,2161.0,17.35,0.8276695311069489,972,8723,1.4619681,-0.0016319455,1116544,9573.582143068314,8932352,0.018043147
3.4279517e-05,0.1340332,2160.92,17.36,0.8303946107625961,974,8724,1.4706807,-0.0017275283,1116672,9574.633555173874,8933376,0.013881328
3.6191977e-05,0.10620117,2157.97,17.4,0.8056423366069794,924,8725,1.3767521,-0.0018119118,1116800,9575.742162704468,8934400,0.023452701
5.0472285e-05,0.14501953,2157.97,17.4,0.8110398501157761,910,8726,1.372298,-0.0019371269,1116928,9576.867990970612,8935424,0.022528227
4.3516433e-05,0.14477539,2157.97,17.4,0.8546307235956192,900,8727,1.3929849,-0.0018156422,1117056,9578.005349636078,8936448,0.02009129
3.950589e-05,0.15478516,2166.87,17.35,0.9231737777590752,917,8728,1.4628074,-0.0019390744,1117184,9579.121916770935,8937472,0.007781404
3.89592e-05,0.13793945,2166.87,17.35,0.8304540663957596,981,8729,1.4698248,-0.0017016572,1117312,9580.165526866913,8938496,0.024079274
5.4359683e-05,0.123046875,2170.27,17.29,0.9069592654705048,935,8730,1.4410882,-0.0017453479,1117440,9581.260484457016,8939520,0.010829893
5.3862692e-05,0.16821289,2172.88,17.3,0.5931940674781799,950,8731,1.4277259,-0.0017453819,1117568,9582.338841199875,8940544,0.035358243
3.9163155e-05,0.14331055,2172.88,17.3,0.9447317942976952,964,8732,1.4855802,-0.0018705684,1117696,9583.40190911293,8941568,0.0061094672
3.2945944e-05,0.123291016,2172.88,17.3,0.7937124520540237,970,8733,1.485373,-0.00155084,1117824,9584.457916498184,8942592,0.019244509
3.6360827e-05,0.12695312,2168.05,17.34,0.8895693421363831,958,8734,1.499727,-0.0016152642,1117952,9585.526818752289,8943616,0.010818698
3.9569208e-05,0.123046875,2168.05,17.34,0.8721805214881897,950,8735,1.4399523,-0.001546275,1118080,9586.604975700378,8944640,0.011772786
3.989448e-05,0.14550781,2168.49,17.33,0.8511459678411484,939,8736,1.4457355,-0.0017160203,1118208,9587.696151256561,8945664,0.014706645
5.2637668e-05,0.1315918,2167.18,17.33,0.8084751665592194,948,8737,1.4639546,-0.0016600513,1118336,9588.776826620102,8946688,0.017054154
2.905304e-05,0.09033203,2167.18,17.33,0.9315755516290665,896,8738,1.4825108,-0.001603665,1118464,9589.919181108475,8947712,0.008652134
5.0135975e-05,0.122558594,2167.18,17.33,0.8336530476808548,970,8739,1.4643847,-0.0015081945,1118592,9590.975586652756,8948736,0.014989416
4.4653116e-05,0.14868164,2170.08,17.32,0.7782265841960907,941,8740,1.4885447,-0.0018042009,1118720,9592.064496040344,8949760,0.02407566
4.0484152e-05,0.122802734,2163.25,17.36,0.8603736013174057,941,8741,1.4347937,-0.0016160941,1118848,9593.153946876526,8950784,0.016375262
3.8724374e-05,0.11694336,2163.25,17.36,0.7299661934375763,941,8742,1.3868352,-0.0015654314,1118976,9594.242281913757,8951808,0.03131165
5.0850595e-05,0.15136719,2163.25,17.36,0.8897933810949326,899,8743,1.4283797,-0.0019255042,1119104,9595.381119251251,8952832,0.013037464
4.3111286e-05,0.14404297,2163.25,17.36,0.849943071603775,954,8744,1.4090118,-0.001994674,1119232,9596.454888820648,8953856,0.020639738
4.4417648e-05,0.15063477,2163.25,17.36,0.7995040714740753,922,8745,1.4791896,-0.001768563,1119360,9597.565358161926,8954880,0.024862763
3.7352173e-05,0.11816406,2163.25,17.36,0.7916994392871857,926,8746,1.4475926,-0.00181805,1119488,9598.672161102295,8955904,0.025924826
5.3858672e-05,0.11987305,2172.97,17.3,0.9181890785694122,958,8747,1.4341456,-0.0016217172,1119616,9599.740763425827,8956928,0.011075198
3.926672e-05,0.1418457,2172.97,17.3,0.8573237955570221,969,8748,1.43688,-0.0014631937,1119744,9600.798223733902,8957952,0.018808473
3.976075e-05,0.15234375,2172.97,17.3,0.9436634369194508,974,8749,1.4750259,-0.00192688,1119872,9601.849252939224,8958976,0.005923412
3.6536767e-05,0.14526367,2181.59,17.26,0.8628985434770584,938,8750,1.4612784,-0.0017761255,1120000,9602.941260099411,8960000,0.013609249
4.7596594e-05,0.11743164,2186.24,17.24,0.9059172943234444,951,8751,1.4342791,-0.0018237974,1120128,9604.018976211548,8961024,0.009906214
3.256483e-05,0.12841797,2186.24,17.24,0.8659630864858627,967,8752,1.4013798,-0.0018022291,1120256,9605.078686952591,8962048,0.0185367
4.4007615e-05,0.14624023,2186.24,17.24,0.8076695799827576,941,8753,1.4161532,-0.0016124083,1120384,9606.166606426239,8963072,0.023807684
4.3194337e-05,0.1184082,2186.24,17.24,0.8975493982434273,920,8754,1.4796554,-0.0014781686,1120512,9607.279436826706,8964096,0.011005996
3.4593417e-05,0.13671875,2186.24,17.24,0.9164285957813263,969,8755,1.5231476,-0.0017181212,1120640,9608.335840702057,8965120,0.007444312
4.4727094e-05,0.140625,2186.24,17.24,0.6485771536827087,968,8756,1.4535872,-0.0016883826,1120768,9609.394120693207,8966144,0.032943916
4.695727e-05,0.12719727,2189.41,17.21,0.8506736010313034,945,8757,1.4059811,-0.0019856843,1120896,9610.478140354156,8967168,0.02097361
3.9057246e-05,0.13476562,2189.41,17.21,0.7801343649625778,898,8758,1.4290507,-0.0013840579,1121024,9611.618738412857,8968192,0.021200715
3.972686e-05,0.11791992,2189.41,17.21,0.8601702749729156,978,8759,1.5167204,-0.001403183,1121152,9612.666358232498,8969216,0.011801694
3.685173e-05,0.15014648,2188.21,17.2,0.8553963750600815,952,8760,1.4535494,-0.0017542446,1121280,9613.742109775543,8970240,0.014249747
5.311075e-05,0.12963867,2203.2,17.11,0.8962268531322479,961,8761,1.497525,-0.00146758,1121408,9614.808396577835,8971264,0.009915941
2.8741004e-05,0.11206055,2203.2,17.11,0.837133526802063,956,8762,1.4930155,-0.0015674003,1121536,9615.879594802856,8972288,0.015214523
4.3613312e-05,0.13867188,2203.2,17.11,0.8124028444290161,961,8763,1.4633479,-0.0014209789,1121664,9616.945254325867,8973312,0.017570838
3.1597345e-05,0.114990234,2203.2,17.11,0.8629855066537857,907,8764,1.4589403,-0.0014598472,1121792,9618.074220895767,8974336,0.012410996
3.3325094e-05,0.14282227,2203.2,17.11,0.8424878567457199,977,8765,1.5027658,-0.0017161944,1121920,9619.122277498245,8975360,0.015156071
4.255341e-05,0.122558594,2199.49,17.12,0.8128005862236023,955,8766,1.4373223,-0.0016328584,1122048,9620.194513320923,8976384,0.024718463
2.6295718e-05,0.100097656,2197.78,17.13,0.8444486409425735,906,8767,1.4460794,-0.0013639636,1122176,9621.32475566864,8977408,0.015825469
5.0306626e-05,0.15112305,2197.78,17.13,0.8747092932462692,899,8768,1.4436859,-0.0016220285,1122304,9622.464409351349,8978432,0.017616019
3.1885407e-05,0.12451172,2197.77,17.16,0.8102885484695435,954,8769,1.4828615,-0.0015449116,1122432,9623.538343667984,8979456,0.015042403
3.756701e-05,0.13696289,2197.77,17.16,0.7953759729862213,967,8770,1.4875394,-0.0016273191,1122560,9624.597455739975,8980480,0.018451832
3.891935e-05,0.13183594,2197.77,17.16,0.9247777089476585,934,8771,1.421753,-0.0017515145,1122688,9625.694338083267,8981504,0.010798936
3.3366334e-05,0.13354492,2197.77,17.16,0.7909345179796219,900,8772,1.4829788,-0.0018266127,1122816,9626.831722021103,8982528,0.018776326
3.5082827e-05,0.11816406,2199.91,17.14,0.7998560816049576,889,8773,1.4204682,-0.0015903485,1122944,9627.983847618103,8983552,0.02295951
4.036312e-05,0.15551758,2204.61,17.1,0.9149375185370445,900,8774,1.4528799,-0.0020121897,1123072,9629.121657133102,8984576,0.009843054
5.0243667e-05,0.16333008,2204.61,17.1,0.8872556313872337,976,8775,1.485809,-0.001553554,1123200,9630.171261787415,8985600,0.010748928
2.4435849e-05,0.09716797,2204.61,17.1,0.7626154869794846,969,8776,1.5032988,-0.001378301,1123328,9631.228160858154,8986624,0.017921723
4.9782273e-05,0.15258789,2204.61,17.1,0.855074480175972,925,8777,1.4790717,-0.0014058577,1123456,9632.335444450378,8987648,0.01339581
4.185385e-05,0.1586914,2204.61,17.1,0.8142427206039429,894,8778,1.5036678,-0.001721933,1123584,9633.481234312057,8988672,0.017225625
3.004424e-05,0.10083008,2207.69,17.07,0.9163899794220924,899,8779,1.4840792,-0.0014189999,1123712,9634.620995044708,8989696,0.008043617
3.511375e-05,0.10107422,2207.69,17.07,0.7605882436037064,898,8780,1.455951,-0.0015479878,1123840,9635.761320590973,8990720,0.026902966
3.236728e-05,0.12915039,2208.01,17.06,0.8475585281848907,963,8781,1.5061646,-0.0018720182,1123968,9636.825089931488,8991744,0.012501032
5.0646082e-05,0.15063477,2205.06,17.11,0.817549005150795,958,8782,1.4155256,-0.0018367576,1124096,9637.894439935684,8992768,0.019212287
5.7052537e-05,0.12133789,2209.84,17.14,0.7551608681678772,902,8783,1.4474967,-0.0012459428,1124224,9639.029455900192,8993792,0.022803705
3.1990647e-05,0.11035156,2209.84,17.14,0.8002977669239044,952,8784,1.4607502,-0.001544208,1124352,9640.105076313019,8994816,0.021506581
2.7964123e-05,0.122802734,2206.01,17.12,0.8681211471557617,965,8785,1.4489048,-0.0015983277,1124480,9641.166238069534,8995840,0.012310646
3.265412e-05,0.13720703,2206.86,17.11,0.7946286350488663,977,8786,1.4341018,-0.0018155758,1124608,9642.21497797966,8996864,0.025274083
3.7132893e-05,0.15722656,2206.86,17.11,0.8617239743471146,949,8787,1.3864433,-0.0018280288,1124736,9643.294607162476,8997888,0.018916529
3.1335578e-05,0.10449219,2206.86,17.11,0.8941421955823898,943,8788,1.4659268,-0.0016513045,1124864,9644.380949735641,8998912,0.015209611
3.333072e-05,0.12426758,2206.86,17.11,0.9064358472824097,924,8789,1.4889427,-0.0017294027,1124992,9645.489493608475,8999936,0.01114751
3.5421443e-05,0.123291016,2206.86,17.11,0.8929678276181221,963,8790,1.4525014,-0.0015432046,1125120,9646.553032636642,9000960,0.010401383
2.848854e-05,0.13671875,2206.86,17.11,0.8007475584745407,970,8791,1.4725187,-0.001628775,1125248,9647.609467744827,9001984,0.020609764
3.904723e-05,0.123535156,2213.04,17.08,0.7820057421922684,960,8792,1.4888567,-0.0014875357,1125376,9648.676631689072,9003008,0.017690811
2.9512363e-05,0.11450195,2213.04,17.08,0.6431801617145538,916,8793,1.4603595,-0.00170424,1125504,9649.794882774353,9004032,0.037317034
3.116657e-05,0.103027344,2216.47,17.05,0.7982711046934128,948,8794,1.4684229,-0.0017246141,1125632,9650.87530875206,9005056,0.028690714
2.7051206e-05,0.115478516,2216.47,17.05,0.847943514585495,965,8795,1.4432003,-0.001591505,1125760,9651.936926603317,9006080,0.014796083
4.0968847e-05,0.14892578,2216.47,17.05,0.8802074939012527,930,8796,1.509416,-0.0016257388,1125888,9653.038362026215,9007104,0.009917934
3.0566658e-05,0.10913086,2212.45,17.09,0.8321359306573868,951,8797,1.473621,-0.0014706566,1126016,9654.11481833458,9008128,0.018668752
2.6252112e-05,0.109375,2212.45,17.09,0.8078158050775528,904,8798,1.4901909,-0.001540669,1126144,9655.248018980026,9009152,0.022026692
3.3985216e-05,0.14550781,2212.45,17.09,0.8479809612035751,966,8799,1.447104,-0.0016472351,1126272,9656.30829668045,9010176,0.014759745
3.5344627e-05,0.13452148,2213.93,17.09,0.90446987003088,892,8800,1.4839379,-0.0015695852,1126400,9657.455792427063,9011200,0.0058928225
2.8163126e-05,0.13891602,2213.93,17.09,0.7946624308824539,974,8801,1.5234671,-0.0013542691,1126528,9658.507395982742,9012224,0.014860552
4.6416353e-05,0.14746094,2225.14,17.03,0.8294382840394974,909,8802,1.4427525,-0.0018703812,1126656,9659.63377571106,9013248,0.02044261
4.866496e-05,0.14013672,2225.14,17.03,0.8545686900615692,985,8803,1.4385531,-0.0017891626,1126784,9660.673944234848,9014272,0.020638311
3.3269167e-05,0.14550781,2228.22,17.03,0.7619913071393967,913,8804,1.389374,-0.0014430042,1126912,9661.795753717422,9015296,0.033160254
3.2954154e-05,0.11621094,2228.22,17.03,0.7576069086790085,916,8805,1.3641614,-0.0014684416,1127040,9662.913663625717,9016320,0.030964984
2.7049706e-05,0.115478516,2228.22,17.03,0.8324450701475143,894,8806,1.5173786,-0.0014345157,1127168,9664.058730125427,9017344,0.014654692
3.7061294e-05,0.119140625,2236.47,16.99,0.7186088263988495,938,8807,1.3451058,-0.0015974705,1127296,9665.150644779205,9018368,0.029071782
4.0674015e-05,0.13769531,2236.47,16.99,0.7927019894123077,942,8808,1.4794794,-0.0017058664,1127424,9666.237853050232,9019392,0.029074231
3.356195e-05,0.13769531,2233.47,16.98,0.8755670040845871,952,8809,1.4897968,-0.0015277158,1127552,9667.31363749504,9020416,0.011110671
2.9601528e-05,0.12207031,2233.47,16.98,0.8124579936265945,960,8810,1.4369948,-0.0016929117,1127680,9668.380089998245,9021440,0.02184136
3.3499484e-05,0.14501953,2233.47,16.98,0.8592097908258438,947,8811,1.4324443,-0.001618173,1127808,9669.461995363235,9022464,0.015601683
3.8973158e-05,0.12915039,2230.77,17.02,0.8283983916044235,939,8812,1.5061401,-0.0015463027,1127936,9670.552760124207,9023488,0.018368581
3.3666205e-05,0.14770508,2230.77,17.02,0.7684010416269302,978,8813,1.472906,-0.0015299979,1128064,9671.600452423096,9024512,0.023072213
2.881061e-05,0.07910156,2225.75,17.05,0.7806943953037262,954,8814,1.5116636,-0.0013488777,1128192,9672.67355799675,9025536,0.018632634
3.509284e-05,0.10986328,2225.75,17.05,0.9113178104162216,981,8815,1.503491,-0.0016886211,1128320,9673.717867851257,9026560,0.01169492
3.967813e-05,0.114990234,2225.75,17.05,0.7488120198249817,972,8816,1.5098466,-0.0016191306,1128448,9674.771333932877,9027584,0.024846058
3.05341e-05,0.11645508,2227.1,17.07,0.8240396976470947,940,8817,1.5074201,-0.0014402475,1128576,9675.86130452156,9028608,0.01379698
3.2274467e-05,0.10131836,2227.1,17.07,0.8082986623048782,933,8818,1.446008,-0.0014248379,1128704,9676.958670139313,9029632,0.024143822
2.6682166e-05,0.12231445,2227.1,17.07,0.8310101181268692,915,8819,1.4554666,-0.0016775908,1128832,9678.078565835953,9030656,0.023046106
2.9559458e-05,0.13574219,2227.1,17.07,0.7969053536653519,954,8820,1.4192402,-0.0015720683,1128960,9679.152092218399,9031680,0.017057262
3.9126116e-05,0.13842773,2227.1,17.07,0.7729042023420334,977,8821,1.4801362,-0.0017386915,1129088,9680.200692415237,9032704,0.019856071
3.5444085e-05,0.14697266,2236.46,17.0,0.8081892728805542,944,8822,1.3954122,-0.0015010212,1129216,9681.285161018372,9033728,0.023814926
4.510914e-05,0.14746094,2232.92,17.01,0.7885560691356659,957,8823,1.4241266,-0.0017870379,1129344,9682.35496044159,9034752,0.031877644
2.9793204e-05,0.12646484,2232.92,17.01,0.909585490822792,956,8824,1.4628578,-0.0018890519,1129472,9683.426494598389,9035776,0.010870225
3.0961386e-05,0.1027832,2228.63,17.01,0.8694092035293579,945,8825,1.4831343,-0.0013714536,1129600,9684.510150432587,9036800,0.016905583
3.321334e-05,0.1315918,2228.63,17.01,0.7787618935108185,941,8826,1.4219544,-0.0012422071,1129728,9685.599369764328,9037824,0.024395961
3.103248e-05,0.13549805,2228.63,17.01,0.7496938109397888,901,8827,1.4604071,-0.0015759456,1129856,9686.73573231697,9038848,0.020010179
3.7456077e-05,0.14941406,2242.48,16.88,0.8285309374332428,897,8828,1.5169667,-0.0016479145,1129984,9687.876965045929,9039872,0.016347535
5.154349e-05,0.15307617,2242.48,16.88,0.6336739361286163,903,8829,1.4898432,-0.0017436411,1130112,9689.011309862137,9040896,0.038901664
3.8312664e-05,0.12670898,2242.48,16.88,0.8482176810503006,960,8830,1.4053708,-0.0016528423,1130240,9690.07811498642,9041920,0.018017713
3.219528e-05,0.118652344,2247.6,16.84,0.8946076035499573,963,8831,1.4830528,-0.0011735586,1130368,9691.141498327255,9042944,0.011380239
3.5474073e-05,0.14819336,2247.6,16.84,0.8377416729927063,962,8832,1.4625257,-0.0016011461,1130496,9692.206357717514,9043968,0.017844904
3.6647776e-05,0.13793945,2247.6,16.84,0.917084589600563,965,8833,1.4580923,-0.0019873558,1130624,9693.26789855957,9044992,0.010047009
4.3749384e-05,0.12182617,2249.9,16.84,0.8420194387435913,946,8834,1.4379612,-0.0016155393,1130752,9694.350708961487,9046016,0.017441422
3.514274e-05,0.11401367,2256.52,16.82,0.7501153498888016,970,8835,1.3757522,-0.0012720997,1130880,9695.406644105911,9047040,0.03357131
3.1926047e-05,0.115234375,2254.44,16.82,0.9185710027813911,952,8836,1.4327049,-0.0016335524,1131008,9696.482066869736,9048064,0.011118854
3.1229858e-05,0.118896484,2254.44,16.82,0.8727730810642242,964,8837,1.5121007,-0.0013821641,1131136,9697.543998718262,9049088,0.014397571
2.9157747e-05,0.12573242,2254.44,16.82,0.8415758609771729,928,8838,1.4506221,-0.00151017,1131264,9698.647260189056,9050112,0.020467225
2.5422072e-05,0.12817383,2254.44,16.82,0.8584852069616318,918,8839,1.539463,-0.0015114105,1131392,9699.763328790665,9051136,0.011805869
3.864628e-05,0.12719727,2254.44,16.82,0.9040989205241203,942,8840,1.4595662,-0.0015489577,1131520,9700.851162910461,9052160,0.012261859
2.6913254e-05,0.13354492,2254.44,16.82,0.8944170400500298,905,8841,1.5244949,-0.0015454813,1131648,9701.982498645782,9053184,0.0068707233
2.9832421e-05,0.11401367,2255.47,16.79,0.7872266173362732,892,8842,1.3922675,-0.0015990519,1131776,9703.130447626114,9054208,0.029006714
4.896659e-05,0.15454102,2260.95,16.72,0.8533829003572464,907,8843,1.429911,-0.0015642196,1131904,9704.260198831558,9055232,0.02050274
3.6744852e-05,0.11791992,2260.95,16.72,0.9217110350728035,975,8844,1.4686291,-0.0016734713,1132032,9705.310281991959,9056256,0.009474631
3.1769243e-05,0.13989258,2260.95,16.72,0.8591795116662979,983,8845,1.5440458,-0.0015208838,1132160,9706.35246872902,9057280,0.008814441
2.199534e-05,0.1303711,2266.37,16.69,0.8453402817249298,946,8846,1.5199571,-0.0013099954,1132288,9707.43541264534,9058304,0.011402163
3.2100783e-05,0.13110352,2266.37,16.69,0.9179810360074043,972,8847,1.5183383,-0.0014794499,1132416,9708.489049911499,9059328,0.0067218626
2.5693022e-05,0.13891602,2266.37,16.69,0.8032469749450684,963,8848,1.4754546,-0.001592944,1132544,9709.552598953247,9060352,0.023118656
3.4348555e-05,0.10498047,2259.93,16.76,0.7620063126087189,958,8849,1.3375391,-0.0013062233,1132672,9710.622089147568,9061376,0.028951164
3.1840726e-05,0.123291016,2259.93,16.76,0.9184060618281364,970,8850,1.49484,-0.0015759466,1132800,9711.678753852844,9062400,0.008480671
2.696013e-05,0.1328125,2262.55,16.73,0.9139801934361458,947,8851,1.5028652,-0.001647448,1132928,9712.760451555252,9063424,0.0076594558
4.0726605e-05,0.10083008,2261.62,16.75,0.87855264544487,953,8852,1.4487474,-0.0014866767,1133056,9713.835503339767,9064448,0.016390096
3.457692e-05,0.16772461,2261.62,16.75,0.8963675126433372,975,8853,1.4519715,-0.0014335492,1133184,9714.885778188705,9065472,0.012217935
2.8053793e-05,0.15722656,2261.62,16.75,0.9050010666251183,944,8854,1.549304,-0.0013455994,1133312,9715.971206903458,9066496,0.005936674
3.792059e-05,0.13208008,2263.73,16.71,0.8874125108122826,953,8855,1.4585819,-0.0014620884,1133440,9717.081019878387,9067520,0.013012608
2.8978762e-05,0.11206055,2263.73,16.71,0.7192556858062744,965,8856,1.4176972,-0.0013424077,1133568,9718.142182350159,9068544,0.029742183
3.566522e-05,0.1496582,2263.73,16.71,0.6427627205848694,973,8857,1.4288621,-0.0018642283,1133696,9719.194664001465,9069568,0.029275032
3.1768774e-05,0.119384766,2263.73,16.71,0.7652834355831146,969,8858,1.4237471,-0.0014275885,1133824,9720.251402378082,9070592,0.036963917
3.338379e-05,0.12011719,2264.84,16.69,0.8585037142038345,969,8859,1.467632,-0.0016552644,1133952,9721.308193922043,9071616,0.014294716
3.254779e-05,0.13916016,2266.38,16.72,0.8895595148205757,951,8860,1.5009387,-0.0014307479,1134080,9722.385932683945,9072640,0.008948612
3.0404874e-05,0.13452148,2266.38,16.72,0.8612465560436249,976,8861,1.4351019,-0.0014953875,1134208,9723.435037612915,9073664,0.017166104
2.9969431e-05,0.14819336,2266.38,16.72,0.8377571105957031,963,8862,1.4971862,-0.0014885904,1134336,9724.498941421509,9074688,0.010394968
3.78954e-05,0.16333008,2265.28,16.74,0.8135970085859299,922,8863,1.4808646,-0.0013892306,1134464,9725.609539031982,9075712,0.019538665
2.9508908e-05,0.13842773,2265.28,16.74,0.9019010737538338,964,8864,1.4001119,-0.0016388472,1134592,9726.672129154205,9076736,0.01511608
2.4300873e-05,0.1315918,2265.28,16.74,0.9421690069139004,920,8865,1.53661,-0.001844551,1134720,9727.785917758942,9077760,0.004408938
4.23113e-05,0.1862793,2263.89,16.73,0.8513772189617157,883,8866,1.5062531,-0.0013281035,1134848,9728.946290254593,9078784,0.012617286
2.6509755e-05,0.10864258,2270.67,16.66,0.8791288360953331,905,8867,1.4694352,-0.0012615698,1134976,9730.077502727509,9079808,0.013505365
2.8243901e-05,0.15673828,2270.67,16.66,0.8403027206659317,957,8868,1.5153655,-0.001601937,1135104,9731.147873163223,9080832,0.012424039
2.5751418e-05,0.13769531,2270.67,16.66,0.8452279567718506,963,8869,1.5089724,-0.0013544024,1135232,9732.211854457855,9081856,0.0117368465
2.973718e-05,0.119140625,2270.95,16.68,0.9221151471138,953,8870,1.4802066,-0.0013576928,1135360,9733.286977291107,9082880,0.0057204124
2.6471202e-05,0.12646484,2267.23,16.69,0.8312397599220276,967,8871,1.4735987,-0.0013472708,1135488,9734.346165418625,9083904,0.016958533
3.6419682e-05,0.13256836,2267.23,16.69,0.7837975174188614,968,8872,1.4456036,-0.001494797,1135616,9735.403812408447,9084928,0.027645191
2.8380291e-05,0.12841797,2267.23,16.69,0.8269589990377426,949,8873,1.4191265,-0.0013656458,1135744,9736.48254942894,9085952,0.02053986
4.208146e-05,0.14453125,2267.23,16.69,0.8221828490495682,951,8874,1.5179602,-0.0012957763,1135872,9737.559644699097,9086976,0.0135307135
3.6757447e-05,0.1508789,2263.62,16.7,0.9106715694069862,907,8875,1.4763993,-0.0016210706,1136000,9738.689522981644,9088000,0.010281906
3.331932e-05,0.115722656,2263.62,16.7,0.781433030962944,898,8876,1.477665,-0.0013314218,1136128,9739.830404043198,9089024,0.014605251
2.377429e-05,0.125,2253.09,16.75,0.9321750700473785,939,8877,1.5223649,-0.0012573636,1136256,9740.92112660408,9090048,0.004809081
2.7377911e-05,0.13891602,2257.08,16.73,0.8515031188726425,931,8878,1.4555577,-0.0015479729,1136384,9742.021305322647,9091072,0.017268777
2.9255225e-05,0.13891602,2257.08,16.73,0.8599006831645966,905,8879,1.4319795,-0.0015342056,1136512,9743.153274297714,9092096,0.019188989
2.3344564e-05,0.14257812,2257.08,16.73,0.8404036611318588,904,8880,1.4700463,-0.0014095115,1136640,9744.285714387894,9093120,0.014124838
3.31762e-05,0.13598633,2255.63,16.74,0.7456035315990448,882,8881,1.4851838,-0.0013863625,1136768,9745.446312904358,9094144,0.026443282
4.3690066e-05,0.11035156,2255.63,16.74,0.7855110019445419,900,8882,1.458219,-0.0012787923,1136896,9746.58438038826,9095168,0.027671315
2.6391352e-05,0.13134766,2255.63,16.74,0.8355520963668823,972,8883,1.4582454,-0.0012022916,1137024,9747.6380712986,9096192,0.013760473
3.0606472e-05,0.16479492,2253.89,16.76,0.7444916069507599,955,8884,1.4165298,-0.0013471814,1137152,9748.710746765137,9097216,0.025539635
2.8742927e-05,0.11376953,2253.89,16.76,0.8447657823562622,986,8885,1.4901097,-0.0013466118,1137280,9749.749694824219,9098240,0.0153656965
3.1561667e-05,0.11352539,2254.57,16.75,0.7818055152893066,963,8886,1.4870526,-0.0014094699,1137408,9750.813495397568,9099264,0.01671975
2.1219621e-05,0.103759766,2254.57,16.75,0.8820808380842209,975,8887,1.4956903,-0.0011785876,1137536,9751.864092588425,9100288,0.013975181
3.1507378e-05,0.13500977,2254.57,16.75,0.8434875905513763,909,8888,1.4634143,-0.0011976456,1137664,9752.991125583649,9101312,0.015123091
3.4506375e-05,0.14404297,2261.02,16.75,0.8733119517564774,932,8889,1.5052109,-0.0014802725,1137792,9754.090033769608,9102336,0.010929777
3.2714575e-05,0.15209961,2261.02,16.75,0.8796224594116211,931,8890,1.3630626,-0.0017186598,1137920,9755.190773010254,9103360,0.016289528
2.673694e-05,0.122802734,2261.02,16.75,0.8373538255691528,902,8891,1.4431394,-0.0015020478,1138048,9756.325756072998,9104384,0.017179085
2.9861681e-05,0.13769531,2257.24,16.8,0.782256543636322,888,8892,1.4430655,-0.0014501545,1138176,9757.478800296783,9105408,0.030865893
3.381355e-05,0.118652344,2264.85,16.75,0.870329424738884,904,8893,1.4272149,-0.0014503191,1138304,9758.61153459549,9106432,0.013489975
2.9071842e-05,0.11352539,2266.96,16.72,0.8752778619527817,942,8894,1.4812325,-0.0014252184,1138432,9759.698599815369,9107456,0.009928114
2.3458368e-05,0.11401367,2266.96,16.72,0.8944425359368324,970,8895,1.446549,-0.0013429264,1138560,9760.754081487656,9108480,0.013758595
2.3322751e-05,0.14086914,2266.96,16.72,0.9035440906882286,963,8896,1.4545317,-0.0014462688,1138688,9761.818114757538,9109504,0.005360789
3.9033035e-05,0.12451172,2261.95,16.75,0.7459451258182526,958,8897,1.463486,-0.0010074489,1138816,9762.886997699738,9110528,0.020719603
2.6294416e-05,0.13647461,2261.63,16.79,0.898109681904316,956,8898,1.4573982,-0.0012628395,1138944,9763.958211183548,9111552,0.011680667
3.4151624e-05,0.13891602,2261.63,16.79,0.8403922915458679,967,8899,1.4124788,-0.0017452771,1139072,9765.017565011978,9112576,0.021341782
2.3704519e-05,0.11767578,2261.63,16.79,0.826856404542923,916,8900,1.5108541,-0.0012372796,1139200,9766.135365724564,9113600,0.012076876
3.5470293e-05,0.14746094,2261.63,16.79,0.9090729430317879,955,8901,1.4725901,-0.0014006532,1139328,9767.208030700684,9114624,0.010254747
2.958856e-05,0.13305664,2264.01,16.79,0.8468813747167587,948,8902,1.4149634,-0.0014972049,1139456,9768.2882604599,9115648,0.0161622
2.7555663e-05,0.15185547,2264.01,16.79,0.7437291741371155,980,8903,1.4739978,-0.0012874377,1139584,9769.332832098007,9116672,0.018208908
2.258323e-05,0.13183594,2264.01,16.79,0.8031019568443298,927,8904,1.4810561,-0.0010788848,1139712,9770.43750333786,9117696,0.017366968
2.5378602e-05,0.13549805,2264.01,16.79,0.8185127377510071,946,8905,1.4430048,-0.0015179933,1139840,9771.51999282837,9118720,0.023308357
3.3499065e-05,0.14111328,2264.01,16.79,0.8246905207633972,951,8906,1.4328941,-0.0015716176,1139968,9772.597492456436,9119744,0.01890445
2.8693325e-05,0.12011719,2264.01,16.79,0.8852093368768692,908,8907,1.3488814,-0.0015262096,1140096,9773.725719690323,9120768,0.015815571
2.8982131e-05,0.12475586,2264.2,16.82,0.817431166768074,916,8908,1.4637418,-0.0012644972,1140224,9774.843470335007,9121792,0.019904915
3.6326637e-05,0.14672852,2267.89,16.8,0.8581238985061646,888,8909,1.516221,-0.0013290835,1140352,9775.996558904648,9122816,0.015965642
3.1445412e-05,0.09301758,2267.27,16.8,0.7864711433649063,951,8910,1.4167372,-0.0011328164,1140480,9777.073417901993,9123840,0.020680098
3.2693166e-05,0.15600586,2267.27,16.8,0.8420788645744324,966,8911,1.4735469,-0.001330459,1140608,9778.134140253067,9124864,0.013795573
3.4701276e-05,0.13085938,2267.27,16.8,0.7948156595230103,902,8912,1.425574,-0.0012585798,1140736,9779.269332647324,9125888,0.02337689
3.0209627e-05,0.11450195,2267.27,16.8,0.8194659352302551,918,8913,1.4649036,-0.0013523211,1140864,9780.385211229324,9126912,0.016204134
2.6753563e-05,0.16235352,2267.27,16.8,0.954605758190155,960,8914,1.5219486,-0.0016826731,1140992,9781.452229738235,9127936,0.002832064
2.2187833e-05,0.13305664,2272.77,16.76,0.7284519970417023,912,8915,1.4973333,-0.0012314697,1141120,9782.575442790985,9128960,0.025576875
3.4920267e-05,0.12036133,2272.77,16.76,0.9396748580038548,966,8916,1.4676393,-0.0014833913,1141248,9783.635489225388,9129984,0.007113046
3.2041346e-05,0.171875,2271.08,16.8,0.9045832827687263,907,8917,1.4437004,-0.001507398,1141376,9784.765038013458,9131008,0.009633424
3.0171912e-05,0.12939453,2271.08,16.8,0.818568766117096,967,8918,1.4589761,-0.0017096854,1141504,9785.824530363083,9132032,0.021582942
2.2098357e-05,0.11791992,2271.08,16.8,0.8032806217670441,967,8919,1.5331138,-0.001399068,1141632,9786.88356256485,9133056,0.01836668
2.184887e-05,0.12133789,2263.78,16.83,0.6558607518672943,936,8920,1.4193633,-0.0015355478,1141760,9787.978320121765,9134080,0.02772143
2.0568415e-05,0.118652344,2263.78,16.83,0.823785200715065,970,8921,1.4463928,-0.001461822,1141888,9789.034706115723,9135104,0.022814153
3.0698735e-05,0.104003906,2263.78,16.83,0.8126451671123505,907,8922,1.4423252,-0.001320146,1142016,9790.163603782654,9136128,0.0193078
2.5186215e-05,0.111816406,2263.78,16.83,0.8830821439623833,916,8923,1.5245156,-0.0012058443,1142144,9791.28124666214,9137152,0.007876044
1.7915067e-05,0.123046875,2264.48,16.82,0.7899999916553497,896,8924,1.4584645,-0.0014103141,1142272,9792.423991441727,9138176,0.016599841
3.552083e-05,0.13916016,2258.69,16.82,0.8764072135090828,912,8925,1.4704181,-0.0015264695,1142400,9793.547229766846,9139200,0.009656076
2.2629249e-05,0.14868164,2258.69,16.82,0.8489815145730972,957,8926,1.4931931,-0.0011175988,1142528,9794.617777109146,9140224,0.012309181
2.007862e-05,0.13549805,2258.69,16.82,0.8149553835391998,968,8927,1.464011,-0.0014194254,1142656,9795.675840854645,9141248,0.019171905
3.3079894e-05,0.13330078,2258.69,16.82,0.9373662769794464,941,8928,1.4647404,-0.001720266,1142784,9796.76432800293,9142272,0.008058525
1.8408618e-05,0.1027832,2258.69,16.82,0.7350924909114838,957,8929,1.5009704,-0.0011169405,1142912,9797.83399105072,9143296,0.029512571
2.0125251e-05,0.11743164,2258.69,16.82,0.8267681151628494,964,8930,1.4401613,-0.0014641623,1143040,9798.896096467972,9144320,0.016754214
2.388155e-05,0.13842773,2265.84,16.82,0.7683651894330978,960,8931,1.4307241,-0.0012643823,1143168,9799.962660312653,9145344,0.020947963
3.4179546e-05,0.13354492,2260.95,16.83,0.8779637888073921,952,8932,1.4325659,-0.0015186437,1143296,9801.038437366486,9146368,0.013773559
3.1654872e-05,0.14208984,2260.95,16.83,0.8527979850769043,976,8933,1.496036,-0.0014614806,1143424,9802.087277173996,9147392,0.016077057
1.9909701e-05,0.111816406,2260.95,16.83,0.8233194798231125,970,8934,1.4253416,-0.0014034059,1143552,9803.14378619194,9148416,0.024201024
2.705893e-05,0.12963867,2266.56,16.78,0.7710770964622498,960,8935,1.4159019,-0.0014507023,1143680,9804.210441827774,9149440,0.024491038
3.4371427e-05,0.16455078,2273.65,16.78,0.817912682890892,952,8936,1.3819402,-0.0016786865,1143808,9805.286087036133,9150464,0.027667765
2.7329468e-05,0.107421875,2277.54,16.74,0.807106077671051,969,8937,1.4754959,-0.0012096226,1143936,9806.343325138092,9151488,0.018192766
3.2564913e-05,0.14257812,2277.54,16.74,0.8227292597293854,961,8938,1.4983046,-0.0014048541,1144064,9807.409220218658,9152512,0.019000063
2.7662809e-05,0.14990234,2273.58,16.77,0.733982503414154,963,8939,1.4295354,-0.0014607725,1144192,9808.472188472748,9153536,0.024928963
2.674208e-05,0.119140625,2273.58,16.77,0.7610149085521698,958,8940,1.4774885,-0.0014837453,1144320,9809.540687799454,9154560,0.019604936
2.7006068e-05,0.11376953,2273.58,16.77,0.7881974130868912,961,8941,1.4682502,-0.0011617556,1144448,9810.606786489487,9155584,0.02336974
2.9483223e-05,0.13647461,2273.58,16.77,0.7552415579557419,960,8942,1.4999768,-0.0015226499,1144576,9811.67318701744,9156608,0.024785206
2.247764e-05,0.1237793,2274.81,16.76,0.8476111888885498,956,8943,1.4262843,-0.0015119559,1144704,9812.744905233383,9157632,0.015012404
3.040152e-05,0.14916992,2276.78,16.76,0.8238086104393005,959,8944,1.4350163,-0.0012627947,1144832,9813.812891244888,9158656,0.016819807
3.3296375e-05,0.111328125,2276.78,16.76,0.5236769318580627,971,8945,1.4021395,-0.0013517583,1144960,9814.867335796356,9159680,0.042477112
2.2568833e-05,0.12695312,2276.78,16.76,0.8038776218891144,968,8946,1.434381,-0.0013985266,1145088,9815.92550444603,9160704,0.019777676
2.058998e-05,0.13110352,2276.78,16.76,0.7699710875749588,984,8947,1.4711518,-0.0014437167,1145216,9816.966659069061,9161728,0.021116514
3.4357265e-05,0.1184082,2278.01,16.74,0.7967475652694702,948,8948,1.47972,-0.0013842736,1145344,9818.046564340591,9162752,0.016947838
4.546387e-05,0.13598633,2278.01,16.74,0.7684391140937805,1007,8949,1.4019437,-0.001197665,1145472,9819.358014822006,9163776,0.025274428
2.5395582e-05,0.14257812,2278.01,16.74,0.8749703764915466,974,8950,1.4512714,-0.0013422845,1145600,9820.409621477127,9164800,0.012060598
4.3951564e-05,0.13354492,2276.44,16.77,0.8923807069659233,968,8951,1.4536428,-0.0014245219,1145728,9821.467649936676,9165824,0.011436991
2.2291122e-05,0.125,2276.44,16.77,0.8989277109503746,958,8952,1.4950455,-0.0013056896,1145856,9822.53668141365,9166848,0.005909633
2.4103458e-05,0.1262207,2270.72,16.83,0.9336209297180176,954,8953,1.5238117,-0.0012805398,1145984,9823.610349655151,9167872,0.006378254
3.3036613e-05,0.15014648,2270.38,16.83,0.8131359964609146,944,8954,1.4194827,-0.0014210673,1146112,9824.695580244064,9168896,0.024140824
3.1672338e-05,0.122558594,2270.4,16.84,0.8414027839899063,930,8955,1.475382,-0.0010787324,1146240,9825.79675078392,9169920,0.01605422
1.9793757e-05,0.12866211,2270.4,16.84,0.8178972899913788,963,8956,1.5039797,-0.0014340092,1146368,9826.860270023346,9170944,0.017441247
2.1265563e-05,0.12646484,2275.95,16.79,0.887906476855278,959,8957,1.4535387,-0.0013198288,1146496,9827.927950382233,9171968,0.01223018
2.268078e-05,0.11816406,2275.95,16.79,0.6954005658626556,971,8958,1.492336,-0.0013300651,1146624,9828.982857227325,9172992,0.024739243
2.9584307e-05,0.14892578,2273.76,16.81,0.8730859011411667,915,8959,1.3924184,-0.0015861942,1146752,9830.102530241013,9174016,0.021634687
2.8424893e-05,0.119628906,2273.76,16.81,0.6491691172122955,955,8960,1.4039136,-0.0011671906,1146880,9831.17491030693,9175040,0.035125896
2.4315797e-05,0.103759766,2275.43,16.78,0.8870221674442291,927,8961,1.4462531,-0.001247133,1147008,9832.27981877327,9176064,0.0095682135
2.2059476e-05,0.12109375,2275.43,16.78,0.8251557350158691,902,8962,1.4807308,-0.001296452,1147136,9833.415323734283,9177088,0.01863943
2.353817e-05,0.110839844,2275.43,16.78,0.8045815527439117,913,8963,1.4852256,-0.0012422763,1147264,9834.5375726223,9178112,0.01719061
2.382278e-05,0.13452148,2275.43,16.78,0.8410675525665283,961,8964,1.486089,-0.0012440779,1147392,9835.60326886177,9179136,0.018949857
2.6138508e-05,0.14672852,2275.43,16.78,0.7635597735643387,964,8965,1.4851002,-0.0012492804,1147520,9836.666125535965,9180160,0.015560335
2.5013056e-05,0.11987305,2275.43,16.78,0.8927022069692612,912,8966,1.4004189,-0.0011209534,1147648,9837.788496494293,9181184,0.012181316
2.6803293e-05,0.09057617,2267.22,16.82,0.9166733920574188,898,8967,1.5347631,-0.0011246444,1147776,9838.929604053497,9182208,0.007063955
3.4997705e-05,0.13720703,2267.22,16.82,0.8335056751966476,900,8968,1.4341947,-0.0013536157,1147904,9840.06771159172,9183232,0.023629159
3.477296e-05,0.14208984,2267.22,16.82,0.7603719681501389,916,8969,1.4471185,-0.0011053658,1148032,9841.186246871948,9184256,0.02798727
2.3309425e-05,0.11743164,2267.22,16.82,0.7611741870641708,919,8970,1.3771785,-0.0012089079,1148160,9842.300659894943,9185280,0.026397187
2.4890707e-05,0.1472168,2267.22,16.82,0.8567192107439041,906,8971,1.4709097,-0.001349224,1148288,9843.431046247482,9186304,0.013712634
3.0508998e-05,0.16137695,2267.22,16.82,0.9053911045193672,959,8972,1.4831352,-0.001510596,1148416,9844.499036550522,9187328,0.012221342
2.1570868e-05,0.11328125,2269.49,16.81,0.7821552753448486,920,8973,1.3963764,-0.001446435,1148544,9845.612400770187,9188352,0.024954006
3.5254114e-05,0.15454102,2259.75,16.86,0.9363448172807693,908,8974,1.4202529,-0.0015636637,1148672,9846.739854574203,9189376,0.0074906037
2.4063427e-05,0.13354492,2261.0,16.88,0.8422887623310089,933,8975,1.4339184,-0.001287221,1148800,9847.837832927704,9190400,0.017057508
2.3329116e-05,0.104003906,2261.0,16.88,0.7874572426080704,960,8976,1.4507948,-0.0013752899,1148928,9848.905232667923,9191424,0.021241628
2.5706162e-05,0.15527344,2261.0,16.88,0.7486870288848877,927,8977,1.4437499,-0.0015109696,1149056,9850.010152578354,9192448,0.03678248
3.0544572e-05,0.12573242,2261.0,16.88,0.8073645085096359,953,8978,1.3742038,-0.001280348,1149184,9851.084734201431,9193472,0.02527665
3.455265e-05,0.18237305,2261.0,16.88,0.8590669333934784,966,8979,1.4252825,-0.0013175671,1149312,9852.145138978958,9194496,0.01806603
1.985459e-05,0.12036133,2251.24,16.94,0.808940052986145,942,8980,1.4909708,-0.0012412706,1149440,9853.232525110245,9195520,0.026509192
2.1386693e-05,0.1184082,2251.24,16.94,0.8206912726163864,973,8981,1.4021076,-0.0013882403,1149568,9854.285243749619,9196544,0.022750918
3.4630615e-05,0.12866211,2251.24,16.94,0.7041016519069672,954,8982,1.3498659,-0.0013703705,1149696,9855.358279466629,9197568,0.032645263
2.542369e-05,0.14160156,2251.24,16.94,0.828554555773735,971,8983,1.4970802,-0.0014151451,1149824,9856.412943124771,9198592,0.025378384
2.6327172e-05,0.16699219,2251.24,16.94,0.7410176992416382,960,8984,1.3386339,-0.0013880949,1149952,9857.479429244995,9199616,0.03837613
2.4578729e-05,0.13842773,2251.24,16.94,0.8031197339296341,947,8985,1.5050969,-0.0013980966,1150080,9858.561270952225,9200640,0.017017912
2.0637028e-05,0.11425781,2251.24,16.94,0.8671767711639404,900,8986,1.4422956,-0.0013843685,1150208,9859.699348688126,9201664,0.014625114
2.2358114e-05,0.14355469,2251.24,16.94,0.8554403334856033,943,8987,1.4226203,-0.0013256967,1150336,9860.785762548447,9202688,0.017521158
2.2311673e-05,0.11743164,2254.97,16.93,0.8797890096902847,883,8988,1.4964198,-0.0013597026,1150464,9861.94588804245,9203712,0.009478984
2.6762493e-05,0.16674805,2254.97,16.93,0.912949450314045,945,8989,1.4774435,-0.0013456853,1150592,9863.029623270035,9204736,0.00784378
1.7874767e-05,0.14038086,2254.97,16.93,0.7212625741958618,901,8990,1.468061,-0.0009922415,1150720,9864.165894031525,9205760,0.02106487
1.5532747e-05,0.087646484,2254.97,16.93,0.6812523007392883,913,8991,1.456413,-0.0011032467,1150848,9865.28708076477,9206784,0.026092693
2.0674015e-05,0.12719727,2254.97,16.93,0.891041062772274,939,8992,1.4340298,-0.0012891565,1150976,9866.37734079361,9207808,0.010691457
2.2623162e-05,0.13452148,2262.39,16.85,0.8470511436462402,936,8993,1.4351658,-0.001330957,1151104,9867.471736192703,9208832,0.010497219
2.1870082e-05,0.14624023,2273.94,16.83,0.7723870575428009,953,8994,1.3981113,-0.0013175396,1151232,9868.546296596527,9209856,0.022290127
2.521034e-05,0.13549805,2273.94,16.83,0.8588527739048004,972,8995,1.4164227,-0.001331841,1151360,9869.600444078445,9210880,0.016111843
2.6791697e-05,0.14770508,2277.55,16.82,0.7196884751319885,955,8996,1.3733971,-0.0014914372,1151488,9870.672563552856,9211904,0.032680474
2.127357e-05,0.1315918,2277.55,16.82,0.7575506418943405,969,8997,1.4020072,-0.0013807934,1151616,9871.729449272156,9212928,0.02260367
2.1494872e-05,0.12597656,2277.55,16.82,0.8583206534385681,955,8998,1.4466722,-0.0013319262,1151744,9872.80216050148,9213952,0.015278459
2.170732e-05,0.15307617,2277.55,16.82,0.8075099438428879,961,8999,1.4933264,-0.0014719614,1151872,9873.86811542511,9214976,0.028081384
2.5685129e-05,0.17114258,2284.36,16.77,0.8394761234521866,954,9000,1.3727307,-0.0012790267,1152000,9874.941932678223,9216000,0.014171189
2.1516149e-05,0.13647461,2284.36,16.77,0.8904741853475571,979,9001,1.4818511,-0.0011448477,1152128,9875.988226413727,9217024,0.009992744
1.9399293e-05,0.111083984,2284.36,16.77,0.8977628499269485,955,9002,1.5036381,-0.0011485949,1152256,9877.060218572617,9218048,0.0104212435
2.3204113e-05,0.103759766,2284.36,16.77,0.8075578063726425,974,9003,1.4380883,-0.00096757535,1152384,9878.11192369461,9219072,0.015466278
1.9274938e-05,0.10839844,2284.36,16.77,0.8163142800331116,954,9004,1.4716746,-0.0010765966,1152512,9879.186113834381,9220096,0.019758636
2.5399782e-05,0.14990234,2284.36,16.77,0.8306735306978226,960,9005,1.4720438,-0.0012592741,1152640,9880.252774953842,9221120,0.019766886
2.4937868e-05,0.15136719,2286.48,16.76,0.782639354467392,892,9006,1.472808,-0.0011171096,1152768,9881.401082277298,9222144,0.026283761
2.5414203e-05,0.13891602,2286.48,16.76,0.8185549676418304,976,9007,1.4597484,-0.0012296104,1152896,9882.450412034988,9223168,0.02075271
1.8037998e-05,0.11450195,2286.48,16.76,0.8113814443349838,964,9008,1.5211475,-0.0011311326,1153024,9883.512836694717,9224192,0.017391106
2.2379643e-05,0.1171875,2286.48,16.76,0.8795691356062889,987,9009,1.4695067,-0.0013219148,1153152,9884.550014734268,9225216,0.0111784395
2.048509e-05,0.123291016,2279.73,16.73,0.9128766059875488,958,9010,1.4980043,-0.0012156594,1153280,9885.618816137314,9226240,0.006745901
2.5777874e-05,0.11767578,2275.95,16.76,0.8674123883247375,883,9011,1.4471383,-0.0012291386,1153408,9886.778723716736,9227264,0.012592377
1.7122758e-05,0.119384766,2275.95,16.76,0.835334986448288,906,9012,1.4203477,-0.001141308,1153536,9887.908606052399,9228288,0.01961736
2.294592e-05,0.122802734,2274.81,16.77,0.8723916262388229,948,9013,1.4187573,-0.0009925747,1153664,9888.989264249802,9229312,0.016387211
1.8728215e-05,0.09423828,2277.63,16.75,0.8851378560066223,964,9014,1.4657001,-0.0010169112,1153792,9890.051982402802,9230336,0.010768153
3.0234058e-05,0.16235352,2277.63,16.75,0.8909800797700882,976,9015,1.4861711,-0.0010751111,1153920,9891.10162448883,9231360,0.009612276
2.4514993e-05,0.12426758,2277.63,16.75,0.8600891381502151,966,9016,1.5082781,-0.0012066222,1154048,9892.162199020386,9232384,0.014624345
1.8215718e-05,0.12695312,2277.63,16.75,0.8810408934950829,931,9017,1.5158148,-0.001300426,1154176,9893.262513637543,9233408,0.009132503
2.0943497e-05,0.12060547,2279.3,16.74,0.8508109897375107,891,9018,1.4689988,-0.0011476146,1154304,9894.412561416626,9234432,0.013509188
1.5677571e-05,0.12963867,2279.3,16.74,0.8810934647917747,901,9019,1.5113878,-0.0010939206,1154432,9895.548867940903,9235456,0.010019211
1.917598e-05,0.1262207,2279.3,16.74,0.8282249122858047,980,9020,1.4810094,-0.0012106779,1154560,9896.59367275238,9236480,0.016065128
2.5388741e-05,0.13134766,2279.3,16.74,0.8649258315563202,920,9021,1.4504153,-0.0010621911,1154688,9897.707021713257,9237504,0.013487686
1.9228142e-05,0.12207031,2279.3,16.74,0.8728717863559723,905,9022,1.456678,-0.001196347,1154816,9898.838065862656,9238528,0.017097257
2.30306e-05,0.12597656,2279.3,16.74,0.7940644025802612,906,9023,1.461878,-0.0012909173,1154944,9899.968569278717,9239552,0.01690109
2.0331225e-05,0.11303711,2279.3,16.74,0.83948914706707,951,9024,1.5043755,-0.0010884486,1155072,9901.046068191528,9240576,0.011499685
2.300986e-05,0.17773438,2267.11,16.81,0.8631744384765625,920,9025,1.5157241,-0.0012224108,1155200,9902.159160375595,9241600,0.009116071
1.9862879e-05,0.11791992,2262.28,16.82,0.8787965252995491,931,9026,1.4762528,-0.0012509723,1155328,9903.259727239609,9242624,0.0131368525
2.2740553e-05,0.1352539,2254.11,16.87,0.8667926341295242,935,9027,1.4533386,-0.0010616027,1155456,9904.35491323471,9243648,0.013978828
2.188806e-05,0.14428711,2254.11,16.87,0.8925674483180046,900,9028,1.438605,-0.0014546707,1155584,9905.492604732513,9244672,0.010672141
1.7133008e-05,0.09814453,2254.11,16.87,0.8145672976970673,903,9029,1.4537377,-0.0012390417,1155712,9906.626893520355,9245696,0.020237895
2.519767e-05,0.17504883,2257.13,16.9,0.8627185672521591,879,9030,1.4727865,-0.0013907523,1155840,9907.79223370552,9246720,0.0150876185
2.0629446e-05,0.1315918,2257.13,16.9,0.8214778453111649,903,9031,1.4422696,-0.001277748,1155968,9908.926005363464,9247744,0.020645196
2.4159799e-05,0.122802734,2258.09,16.89,0.8157967180013657,905,9032,1.4400871,-0.0010893189,1156096,9910.058133125305,9248768,0.02046583
2.337596e-05,0.14501953,2258.09,16.89,0.8863367810845375,967,9033,1.464488,-0.0010681691,1156224,9911.117596149445,9249792,0.01046044
1.8443743e-05,0.13110352,2255.73,16.88,0.9015583023428917,948,9034,1.4863546,-0.0013557225,1156352,9912.198222875595,9250816,0.011447346
1.9278341e-05,0.12939453,2255.73,16.88,0.9118283912539482,908,9035,1.437412,-0.0013109524,1156480,9913.326173305511,9251840,0.01008443
1.5136187e-05,0.11621094,2255.73,16.88,0.8583429753780365,948,9036,1.5292251,-0.001150928,1156608,9914.40637254715,9252864,0.009953916
1.8744831e-05,0.122558594,2255.73,16.88,0.7792906612157822,912,9037,1.4386505,-0.0010271732,1156736,9915.52942609787,9253888,0.022132725
2.147735e-05,0.11279297,2255.73,16.88,0.8316424340009689,975,9038,1.4127141,-0.0011222034,1156864,9916.579854726791,9254912,0.020918723
2.1861435e-05,0.12695312,2255.73,16.88,0.8710258901119232,973,9039,1.4821994,-0.0013763737,1156992,9917.633143901825,9255936,0.010076678
2.3188768e-05,0.13208008,2243.1,17.0,0.8199144750833511,938,9040,1.5056653,-0.0012393924,1157120,9918.724557638168,9256960,0.016141748
1.51229e-05,0.08569336,2243.1,17.0,0.8526474088430405,964,9041,1.5135663,-0.0011256502,1157248,9919.787125825882,9257984,0.014443641
2.2645832e-05,0.14233398,2243.1,17.0,0.9258837848901749,958,9042,1.4878557,-0.0012748507,1157376,9920.856123447418,9259008,0.0076916683
2.0712701e-05,0.14086914,2244.17,16.98,0.8931997790932655,949,9043,1.4606239,-0.0013992818,1157504,9921.935761451721,9260032,0.013506281
1.6922782e-05,0.1262207,2244.17,16.98,0.8638674765825272,948,9044,1.4233406,-0.0012382509,1157632,9923.016466379166,9261056,0.016399613
2.101472e-05,0.14868164,2248.98,16.98,0.868206650018692,905,9045,1.4588406,-0.0012202375,1157760,9924.148191690445,9262080,0.012706219
3.7671587e-05,0.1665039,2234.36,17.1,0.8687955588102341,965,9046,1.4626842,-0.0012843471,1157888,9925.209415435791,9263104,0.016038407
2.7405871e-05,0.15258789,2231.92,17.11,0.7229575514793396,946,9047,1.3871607,-0.0013750388,1158016,9926.292433977127,9264128,0.031568646
1.8683513e-05,0.13989258,2231.92,17.11,0.858103558421135,976,9048,1.4573102,-0.001197716,1158144,9927.341483831406,9265152,0.016845776
2.63982e-05,0.15917969,2231.92,17.11,0.8856866657733917,968,9049,1.4565518,-0.0010774845,1158272,9928.399316072464,9266176,0.010882287
1.9702275e-05,0.1550293,2231.92,17.11,0.9015925526618958,969,9050,1.5430145,-0.0010458487,1158400,9929.455803394318,9267200,0.005342721
1.6779375e-05,0.1496582,2237.09,17.08,0.9335112869739532,962,9051,1.4950099,-0.0012921703,1158528,9930.52089548111,9268224,0.0070169857
1.9868525e-05,0.11035156,2237.09,17.08,0.8234331011772156,940,9052,1.4905483,-0.0010832411,1158656,9931.61046743393,9269248,0.014988294
2.7106413e-05,0.1274414,2235.04,17.07,0.7808437496423721,901,9053,1.3785717,-0.0011550153,1158784,9932.747431993484,9270272,0.02497647
1.414316e-05,0.13647461,2235.04,17.07,0.8275872617959976,976,9054,1.553166,-0.0009939116,1158912,9933.796669960022,9271296,0.008911187
1.4530424e-05,0.12182617,2235.04,17.07,0.8442502915859222,957,9055,1.518411,-0.0009067362,1159040,9934.866678237915,9272320,0.011861662
2.3394065e-05,0.119140625,2236.85,17.06,0.7526393830776215,956,9056,1.4841192,-0.0010470148,1159168,9935.938532352448,9273344,0.022598805
1.4382515e-05,0.09838867,2236.85,17.06,0.8640791326761246,971,9057,1.5210769,-0.0010874241,1159296,9936.993374347687,9274368,0.013482228
2.4592871e-05,0.18115234,2233.56,17.09,0.8352384567260742,939,9058,1.4485927,-0.0011005944,1159424,9938.084018468857,9275392,0.016444566
1.8865361e-05,0.12646484,2233.56,17.09,0.8411378115415573,896,9059,1.3849602,-0.0012014543,1159552,9939.227750778198,9276416,0.020997537
1.8082728e-05,0.14501953,2233.56,17.09,0.8287874758243561,970,9060,1.4794385,-0.0012954979,1159680,9940.283699035645,9277440,0.021127712
2.0616462e-05,0.12133789,2233.56,17.09,0.8099332302808762,959,9061,1.4754086,-0.0010370875,1159808,9941.351468086243,9278464,0.024027316
1.8268647e-05,0.13671875,2227.48,17.16,0.8776413947343826,958,9062,1.4047217,-0.0012390881,1159936,9942.421093940735,9279488,0.016166782
1.8157963e-05,0.14038086,2227.48,17.16,0.8094960898160934,919,9063,1.4662695,-0.0012124991,1160064,9943.5354783535,9280512,0.0189822
1.588419e-05,0.10620117,2227.56,17.21,0.8704756796360016,927,9064,1.4515752,-0.0011409132,1160192,9944.640140295029,9281536,0.013682456
2.3894794e-05,0.13720703,2227.56,17.21,0.8791834935545921,890,9065,1.4627033,-0.001194159,1160320,9945.791140317917,9282560,0.011129831
1.3676006e-05,0.13647461,2227.56,17.21,0.9445697963237762,904,9066,1.5735484,-0.0010560444,1160448,9946.924546480179,9283584,0.0030744018
1.7443803e-05,0.123535156,2222.55,17.26,0.8120434433221817,938,9067,1.4780316,-0.0012264977,1160576,9948.016726255417,9284608,0.01781447
1.7331526e-05,0.10864258,2222.55,17.26,0.8403194546699524,934,9068,1.5051492,-0.001121936,1160704,9949.113508462906,9285632,0.013240591
2.4340075e-05,0.17529297,2222.55,17.26,0.7868011295795441,955,9069,1.5022992,-0.0010190066,1160832,9950.185903549194,9286656,0.021552034
1.8869536e-05,0.14453125,2222.55,17.26,0.7302827537059784,972,9070,1.4414392,-0.0013225318,1160960,9951.24002790451,9287680,0.02962243
2.0990803e-05,0.14526367,2222.55,17.26,0.8518315553665161,963,9071,1.4593438,-0.0010759505,1161088,9952.303139448166,9288704,0.01568911
1.4892285e-05,0.12084961,2219.85,17.26,0.8722254931926727,950,9072,1.4734597,-0.0010249896,1161216,9953.38167142868,9289728,0.009741203
2.08553e-05,0.10668945,2219.85,17.26,0.7000314295291901,922,9073,1.468021,-0.0009633848,1161344,9954.492050886154,9290752,0.025108226
1.49865955e-05,0.11450195,2215.58,17.26,0.8580936640501022,918,9074,1.4866805,-0.0012656135,1161472,9955.607614517212,9291776,0.017886076
2.0941745e-05,0.12426758,2215.58,17.26,0.7758987993001938,957,9075,1.4466859,-0.0012755864,1161600,9956.677592754364,9292800,0.02833222
1.6232534e-05,0.12646484,2215.58,17.26,0.8275739550590515,964,9076,1.4697391,-0.0012121414,1161728,9957.740392923355,9293824,0.018094562
1.8051647e-05,0.12890625,2215.58,17.26,0.9211780428886414,960,9077,1.4980359,-0.00110769,1161856,9958.806906938553,9294848,0.007950564
1.6816126e-05,0.118652344,2215.58,17.26,0.9156943932175636,963,9078,1.5201588,-0.00092674344,1161984,9959.87040734291,9295872,0.0070541995
2.982379e-05,0.12524414,2217.28,17.23,0.7115926742553711,927,9079,1.472167,-0.0008930885,1162112,9960.975331544876,9296896,0.024370572
1.5132109e-05,0.12207031,2217.28,17.23,0.8223214149475098,914,9080,1.4734586,-0.0010888807,1162240,9962.09567975998,9297920,0.02338523
1.5803626e-05,0.14038086,2217.28,17.23,0.738050252199173,911,9081,1.4567595,-0.00095173944,1162368,9963.219327688217,9298944,0.02953099
1.6078297e-05,0.10620117,2217.42,17.24,0.7115249931812286,893,9082,1.459393,-0.0009702686,1162496,9964.366544008255,9299968,0.024495238
1.2216885e-05,0.107666016,2211.46,17.3,0.7062480449676514,903,9083,1.4233601,-0.0011365599,1162624,9965.501259088516,9300992,0.040132187
3.257836e-05,0.115234375,2211.46,17.3,0.5683639347553253,921,9084,1.4175551,-0.0010501115,1162752,9966.612652301788,9302016,0.04703978
1.617917e-05,0.13598633,2215.52,17.23,0.7362565100193024,946,9085,1.4546107,-0.0010526477,1162880,9967.695549964905,9303040,0.022709323
1.47865085e-05,0.12011719,2215.52,17.23,0.7633957713842392,967,9086,1.4513925,-0.0010266777,1163008,9968.754123449326,9304064,0.02126587
1.6017912e-05,0.103759766,2215.52,17.23,0.6821746528148651,949,9087,1.3814633,-0.0010601195,1163136,9969.833231210709,9305088,0.034053616
1.2993014e-05,0.12207031,2215.52,17.23,0.8516136258840561,968,9088,1.4396532,-0.0012375184,1163264,9970.890775442123,9306112,0.016406743
2.1493062e-05,0.17822266,2215.52,17.23,0.8344825506210327,980,9089,1.4403119,-0.0014274099,1163392,9971.935834646225,9307136,0.018856646
1.8765895e-05,0.12939453,2215.52,17.23,0.8664098531007767,955,9090,1.4488664,-0.0012693033,1163520,9973.008559703827,9308160,0.016972363
1.5180176e-05,0.11987305,2215.52,17.23,0.8460334688425064,957,9091,1.48218,-0.001090498,1163648,9974.078707695007,9309184,0.020366695
1.9675414e-05,0.122558594,2221.51,17.21,0.8077384680509567,935,9092,1.4765675,-0.00093114877,1163776,9975.173610448837,9310208,0.013933533
2.240788e-05,0.14526367,2226.67,17.15,0.8786370605230331,957,9093,1.4512622,-0.0011233022,1163904,9976.244253396988,9311232,0.010090405
1.5657213e-05,0.13354492,2226.67,17.15,0.7881101071834564,989,9094,1.4415377,-0.001111482,1164032,9977.279673099518,9312256,0.026242243
2.4441735e-05,0.13598633,2226.67,17.15,0.8789022043347359,952,9095,1.4532169,-0.0012233325,1164160,9978.355625152588,9313280,0.013108276
1.4756489e-05,0.10449219,2229.94,17.14,0.8650412857532501,941,9096,1.4857672,-0.0009950006,1164288,9979.444088935852,9314304,0.013992799
1.670692e-05,0.11401367,2230.38,17.14,0.6716615557670593,924,9097,1.4076196,-0.0011080435,1164416,9980.552387237549,9315328,0.03829046
1.3148288e-05,0.12768555,2230.38,17.14,0.9240555986762047,951,9098,1.5555036,-0.0011108215,1164544,9981.629785776138,9316352,0.004872921
1.7742152e-05,0.15405273,2232.61,17.12,0.8572001755237579,898,9099,1.4943901,-0.0011053956,1164672,9982.771961450577,9317376,0.015093916
2.0775953e-05,0.1550293,2229.77,17.12,0.7649203538894653,902,9100,1.3628702,-0.0012586955,1164800,9983.906937122345,9318400,0.023723101
1.7921457e-05,0.13354492,2234.21,17.09,0.8202357888221741,931,9101,1.4388759,-0.0012797756,1164928,9985.006448984146,9319424,0.019871933
1.3045073e-05,0.10668945,2234.21,17.09,0.850440263748169,961,9102,1.4240236,-0.0010455283,1165056,9986.07235455513,9320448,0.017926747
1.613515e-05,0.13500977,2234.21,17.09,0.7867992371320724,906,9103,1.4722835,-0.0011713183,1165184,9987.20241856575,9321472,0.020289507
1.4580913e-05,0.15258789,2234.21,17.09,0.8162905871868134,971,9104,1.518558,-0.0010899422,1165312,9988.257774829865,9322496,0.017669844
1.30227345e-05,0.09887695,2234.21,17.09,0.691566526889801,968,9105,1.3881955,-0.0010511093,1165440,9989.316019058228,9323520,0.033558752
1.4777885e-05,0.09375,2234.21,17.09,0.7356313169002533,971,9106,1.4350822,-0.0009928034,1165568,9990.370885133743,9324544,0.022995332
1.8141543e-05,0.14233398,2228.46,17.11,0.9079576879739761,956,9107,1.4542137,-0.001349982,1165696,9991.44189119339,9325568,0.01006996
2.020331e-05,0.115234375,2228.46,17.11,0.7841996997594833,966,9108,1.4126796,-0.0010532881,1165824,9992.502537250519,9326592,0.030510977
1.5040691e-05,0.13208008,2228.46,17.11,0.8960827067494392,960,9109,1.5057348,-0.0010807277,1165952,9993.569385290146,9327616,0.009964354
1.2614606e-05,0.11352539,2228.46,17.11,0.8388783782720566,965,9110,1.4507045,-0.0010270715,1166080,9994.630529642105,9328640,0.01865541
1.6932921e-05,0.11816406,2230.53,17.09,0.8895233944058418,903,9111,1.4456118,-0.0011150131,1166208,9995.764599084854,9329664,0.010946005
1.7524348e-05,0.14086914,2230.53,17.09,0.8469861447811127,950,9112,1.431053,-0.00092830986,1166336,9996.842401742935,9330688,0.015626017
1.8528643e-05,0.15405273,2230.53,17.09,0.897194892168045,901,9113,1.4772934,-0.0009905073,1166464,9997.978687047958,9331712,0.008564933
1.4620929e-05,0.118652344,2230.53,17.09,0.8614785075187683,952,9114,1.4970303,-0.0009189206,1166592,9999.054494380951,9332736,0.013528252
1.9426181e-05,0.17407227,2230.53,17.09,0.7335683405399323,900,9115,1.4899275,-0.0007195006,1166720,10000.193001270294,9333760,0.020207437
1.6113048e-05,0.08666992,2233.08,17.1,0.898868627846241,927,9116,1.4621694,-0.00081336347,1166848,10001.297495603561,9334784,0.009658624
1.51343465e-05,0.14648438,2233.08,17.1,0.70767542719841,960,9117,1.4433392,-0.0009963877,1166976,10002.364854812622,9335808,0.033787254
1.8784644e-05,0.18017578,2227.92,17.13,0.8639857620000839,951,9118,1.4508438,-0.0011806688,1167104,10003.441926956177,9336832,0.012085649
1.342085e-05,0.1340332,2227.92,17.13,0.8182255029678345,963,9119,1.5248183,-0.0009771506,1167232,10004.505599975586,9337856,0.019942932
2.0358526e-05,0.14550781,2227.92,17.13,0.8206999450922012,971,9120,1.4092892,-0.0010754475,1167360,10005.560119390488,9338880,0.021085333
1.4787496e-05,0.12036133,2227.92,17.13,0.8065266907215118,956,9121,1.4714627,-0.000992532,1167488,10006.631603717804,9339904,0.01889432
2.544732e-05,0.15258789,2227.62,17.13,0.8467436730861664,956,9122,1.4541563,-0.001008492,1167616,10007.702337503433,9340928,0.017971776
1.8281473e-05,0.13134766,2227.62,17.13,0.7174773514270782,961,9123,1.4548572,-0.0009779395,1167744,10008.767882108688,9341952,0.02925421
2.1331563e-05,0.099121094,2238.36,17.04,0.8657860606908798,962,9124,1.5154021,-0.00094783475,1167872,10009.833361625671,9342976,0.0119133685
1.5200279e-05,0.1184082,2231.75,17.08,0.7477356493473053,924,9125,1.4288284,-0.0010493346,1168000,10010.941530227661,9344000,0.025900815
2.0599788e-05,0.14111328,2231.75,17.08,0.6942897439002991,968,9126,1.3728367,-0.001004232,1168128,10011.999762296677,9345024,0.033755474
2.1397826e-05,0.15991211,2231.95,17.08,0.7980293780565262,956,9127,1.4414731,-0.0010129604,1168256,10013.071326732635,9346048,0.02101683
1.3487286e-05,0.15820312,2231.95,17.08,0.8863373845815659,972,9128,1.4935743,-0.001056265,1168384,10014.124645709991,9347072,0.013318712
1.8068044e-05,0.14379883,2231.95,17.08,0.8012754321098328,972,9129,1.4427338,-0.00094824214,1168512,10015.179071187973,9348096,0.016799714
1.4110885e-05,0.13330078,2231.95,17.08,0.9209082722663879,976,9130,1.5384145,-0.0011209437,1168640,10016.228828191757,9349120,0.00501679
1.7200584e-05,0.14648438,2237.85,17.05,0.9149932786822319,933,9131,1.4877003,-0.00090708386,1168768,10017.327001810074,9350144,0.0073161544
1.7264914e-05,0.13574219,2235.58,17.06,0.791464701294899,949,9132,1.4711888,-0.0011436478,1168896,10018.405868053436,9351168,0.02072052
1.3458185e-05,0.14086914,2235.58,17.06,0.8601621836423874,956,9133,1.5079169,-0.0010912527,1169024,10019.477168560028,9352192,0.012369595
1.2612093e-05,0.1340332,2235.58,17.06,0.9196000918745995,972,9134,1.48635,-0.0011081725,1169152,10020.531536579132,9353216,0.008026639
1.4231307e-05,0.12182617,2236.79,17.09,0.8882228061556816,950,9135,1.4674249,-0.0010687339,1169280,10021.609985351562,9354240,0.011884096
1.370917e-05,0.12597656,2236.79,17.09,0.7889228910207748,978,9136,1.4483395,-0.0009399004,1169408,10022.657160043716,9355264,0.023816992
1.5259076e-05,0.12866211,2236.79,17.09,0.9113267511129379,976,9137,1.5168277,-0.0012976372,1169536,10023.706194877625,9356288,0.010845002
2.0320762e-05,0.13427734,2236.79,17.09,0.8485834300518036,967,9138,1.4572235,-0.0010305338,1169664,10024.765728712082,9357312,0.021612527
1.5081566e-05,0.103759766,2236.79,17.09,0.8502974063158035,952,9139,1.504352,-0.000899879,1169792,10025.841827392578,9358336,0.013234574
1.6463397e-05,0.13305664,2234.99,17.11,0.8957465291023254,919,9140,1.4430318,-0.0010660533,1169920,10026.956717014313,9359360,0.012713796
1.610285e-05,0.11206055,2238.61,17.09,0.7848542034626007,933,9141,1.4958974,-0.0010672291,1170048,10028.05413722992,9360384,0.022288863
1.8882958e-05,0.1940918,2238.61,17.09,0.8660914450883865,940,9142,1.4769124,-0.000955179,1170176,10029.144188642502,9361408,0.011537413
1.34604525e-05,0.12084961,2238.61,17.09,0.7960852533578873,897,9143,1.4953003,-0.0010181789,1170304,10030.285778045654,9362432,0.019642003
1.4718595e-05,0.13354492,2240.06,17.11,0.9421203546226025,944,9144,1.4797784,-0.0012294237,1170432,10031.37097978592,9363456,0.005553293
1.20793575e-05,0.1340332,2240.06,17.11,0.8103651255369186,916,9145,1.5281744,-0.0009021486,1170560,10032.488792181015,9364480,0.01489015
1.4520801e-05,0.12670898,2243.38,17.14,0.9268454387784004,893,9146,1.5092783,-0.001104924,1170688,10033.635297060013,9365504,0.0074160444
1.4788799e-05,0.13964844,2243.38,17.14,0.8394635617733002,965,9147,1.4328251,-0.0009860441,1170816,10034.696986198425,9366528,0.015345608
1.0995482e-05,0.1274414,2238.18,17.15,0.8743656724691391,965,9148,1.536066,-0.0010041676,1170944,10035.758055210114,9367552,0.008469954
1.3636179e-05,0.110839844,2238.18,17.15,0.9437137767672539,967,9149,1.4875865,-0.0011244179,1171072,10036.817589521408,9368576,0.007652245
1.5371821e-05,0.1628418,2241.14,17.12,0.8856084644794464,949,9150,1.4393864,-0.0009917134,1171200,10037.896507263184,9369600,0.012430887
1.8257295e-05,0.13696289,2231.66,17.16,0.8378043174743652,890,9151,1.4925219,-0.0009739574,1171328,10039.047731876373,9370624,0.013269311
2.1265845e-05,0.15454102,2231.66,17.16,0.9064426049590111,927,9152,1.4126143,-0.0010111236,1171456,10040.151973247528,9371648,0.012985116
1.1478656e-05,0.10961914,2231.66,17.16,0.8239219188690186,902,9153,1.4500016,-0.00089711277,1171584,10041.286927223206,9372672,0.015004084
1.6631348e-05,0.15673828,2231.66,17.16,0.8966036438941956,984,9154,1.482911,-0.0009076211,1171712,10042.327521562576,9373696,0.00973494
1.5210266e-05,0.119628906,2228.87,17.18,0.9153514355421066,955,9155,1.5035655,-0.00096123625,1171840,10043.399702310562,9374720,0.007839364
1.9446437e-05,0.12768555,2230.55,17.17,0.7443491816520691,971,9156,1.4542546,-0.00089661207,1171968,10044.454890012741,9375744,0.032250978
1.2671077e-05,0.11303711,2224.94,17.2,0.8416202366352081,940,9157,1.4566237,-0.0008473848,1172096,10045.54417347908,9376768,0.016938016
1.8082203e-05,0.16870117,2224.94,17.2,0.8255845159292221,976,9158,1.4123187,-0.0011287024,1172224,10046.594055652618,9377792,0.023806399
1.6149563e-05,0.13769531,2224.94,17.2,0.8329150080680847,974,9159,1.4404416,-0.0010719276,1172352,10047.645864009857,9378816,0.021998841
1.9458437e-05,0.15283203,2218.77,17.23,0.7452217042446136,957,9160,1.412275,-0.0011052048,1172480,10048.716515779495,9379840,0.02769126
1.4585652e-05,0.11328125,2218.77,17.23,0.8371547907590866,967,9161,1.4210843,-0.0010275303,1172608,10049.775319337845,9380864,0.017912887
1.3628296e-05,0.107910156,2218.77,17.23,0.762666255235672,967,9162,1.4540057,-0.00090867287,1172736,10050.83487701416,9381888,0.02497636
1.36860635e-05,0.122802734,2218.77,17.23,0.668321281671524,952,9163,1.4651657,-0.0008534031,1172864,10051.910140752792,9382912,0.03713121
1.2568414e-05,0.11767578,2218.77,17.23,0.8547926396131516,913,9164,1.5045863,-0.0009673698,1172992,10053.031378746033,9383936,0.013727669
1.5270287e-05,0.14477539,2218.77,17.23,0.9072135388851166,975,9165,1.5046903,-0.0011482771,1173120,10054.081495285034,9384960,0.009352581
1.2630817e-05,0.103515625,2214.45,17.25,0.8627877533435822,946,9166,1.4377804,-0.00091173186,1173248,10055.164634227753,9385984,0.011342911
2.117124e-05,0.12451172,2214.45,17.25,0.8873392567038536,964,9167,1.4593161,-0.001003485,1173376,10056.22661781311,9387008,0.015434175
1.9131892e-05,0.16357422,2214.81,17.25,0.8662453889846802,965,9168,1.4242978,-0.0010809796,1173504,10057.28740978241,9388032,0.016392438
1.2539321e-05,0.12231445,2214.81,17.25,0.7708093523979187,948,9169,1.4664613,-0.0009527189,1173632,10058.367683172226,9389056,0.020702299
1.5981559e-05,0.14575195,2217.48,17.24,0.8126012682914734,954,9170,1.4662995,-0.00091970514,1173760,10059.440871715546,9390080,0.020477353
1.0848211e-05,0.08691406,2217.48,17.24,0.8809532448649406,919,9171,1.5167288,-0.00078307453,1173888,10060.554829120636,9391104,0.00860109
1.072159e-05,0.10424805,2218.54,17.19,0.9409288577735424,897,9172,1.5287552,-0.00095168315,1174016,10061.696090698242,9392128,0.0038614655
1.2647948e-05,0.1003418,2218.54,17.19,0.76199010014534,959,9173,1.4590786,-0.0009736904,1174144,10062.764297962189,9393152,0.022751827
1.2713213e-05,0.099853516,2218.54,17.19,0.7140539288520813,966,9174,1.4586985,-0.0009575301,1174272,10063.82410979271,9394176,0.024844436
9.853542e-06,0.111083984,2217.0,17.21,0.8240624964237213,949,9175,1.4680932,-0.0009951788,1174400,10064.90325140953,9395200,0.017496353
2.1828775e-05,0.119140625,2217.0,17.21,0.7108995914459229,973,9176,1.4183841,-0.0007961631,1174528,10065.955513715744,9396224,0.031194583
1.851361e-05,0.13989258,2217.0,17.21,0.6349113583564758,961,9177,1.4527078,-0.0009986712,1174656,10067.02158164978,9397248,0.04038379
1.7194687e-05,0.1184082,2219.41,17.21,0.8284572213888168,954,9178,1.4025738,-0.0009977694,1174784,10068.095278978348,9398272,0.018034564
1.21327475e-05,0.114746094,2225.72,17.19,0.8080108761787415,943,9179,1.3960406,-0.0010575757,1174912,10069.181977033615,9399296,0.024687458
1.5320753e-05,0.12524414,2225.72,17.19,0.8171339780092239,940,9180,1.4449692,-0.00094730436,1175040,10070.271350383759,9400320,0.02349293
1.1534457e-05,0.11376953,2225.72,17.19,0.8628096431493759,896,9181,1.4224756,-0.0007127711,1175168,10071.41412973404,9401344,0.013125358
1.5718108e-05,0.1340332,2225.72,17.19,0.6536961793899536,962,9182,1.4076362,-0.00089149986,1175296,10072.478506803513,9402368,0.033924866
1.3971432e-05,0.14355469,2229.33,17.17,0.8751940727233887,943,9183,1.4690272,-0.0010369301,1175424,10073.564051389694,9403392,0.016271098
1.1589511e-05,0.1459961,2229.33,17.17,0.8741438984870911,908,9184,1.4334034,-0.0010537993,1175552,10074.69227194786,9404416,0.01779041
1.3898166e-05,0.10449219,2229.33,17.17,0.9432282596826553,903,9185,1.4572177,-0.001054598,1175680,10075.82661652565,9405440,0.0060240068
1.4521837e-05,0.14233398,2224.83,17.19,0.9002199769020081,943,9186,1.496571,-0.0009833993,1175808,10076.91218829155,9406464,0.009979837
1.6875005e-05,0.15478516,2224.83,17.19,0.8525789827108383,957,9187,1.4609292,-0.0009005835,1175936,10077.98231101036,9407488,0.017182162
1.2442378e-05,0.1496582,2224.83,17.19,0.8961332887411118,921,9188,1.5288988,-0.00087712007,1176064,10079.09470963478,9408512,0.007324862
1.1945716e-05,0.1171875,2224.83,17.19,0.865658700466156,902,9189,1.4733806,-0.00082386157,1176192,10080.22976565361,9409536,0.014884375
1.1104638e-05,0.13452148,2226.03,17.17,0.8044559210538864,954,9190,1.476102,-0.00079358957,1176320,10081.3033452034,9410560,0.015415469
1.3275967e-05,0.13989258,2226.03,17.17,0.8187248259782791,930,9191,1.4509459,-0.00093165296,1176448,10082.404131174088,9411584,0.020866504
1.8237872e-05,0.19140625,2231.19,17.15,0.8604551702737808,900,9192,1.4697759,-0.00083300495,1176576,10083.541995286942,9412608,0.011328454
1.4993299e-05,0.15307617,2231.19,17.15,0.8782160580158234,904,9193,1.4515321,-0.0009097999,1176704,10084.67468714714,9413632,0.015880382
1.8969573e-05,0.14282227,2229.88,17.14,0.792942464351654,963,9194,1.4077497,-0.0010069372,1176832,10085.738284826279,9414656,0.03300052
1.8707626e-05,0.14453125,2225.38,17.17,0.8259109854698181,948,9195,1.3985574,-0.0010811833,1176960,10086.81817984581,9415680,0.019823808
1.598213e-05,0.15332031,2225.38,17.17,0.8025735765695572,974,9196,1.4129896,-0.00085460866,1177088,10087.87009048462,9416704,0.024815077
7.01319e-06,0.09887695,2225.38,17.17,0.7629398852586746,958,9197,1.5387255,-0.0008651368,1177216,10088.939122200012,9417728,0.018112231
1.3609898e-05,0.12597656,2225.38,17.17,0.8773836642503738,963,9198,1.5298383,-0.0008063702,1177344,10090.002909183502,9418752,0.00944393
1.1477291e-05,0.13671875,2225.38,17.17,0.84233058989048,960,9199,1.4628259,-0.00093023886,1177472,10091.06961274147,9419776,0.013396217
9.965674e-06,0.11645508,2213.74,17.22,0.8389350026845932,901,9200,1.4578075,-0.00083663093,1177600,10092.206261634827,9420800,0.014048962
1.0590135e-05,0.11694336,2213.74,17.22,0.831319734454155,901,9201,1.4489908,-0.00081245124,1177728,10093.342735290527,9421824,0.014255044
1.1950607e-05,0.13085938,2213.74,17.22,0.9211688041687012,913,9202,1.5380479,-0.000867606,1177856,10094.464107751846,9422848,0.006591111
1.625462e-05,0.11816406,2215.2,17.22,0.8646397590637207,960,9203,1.4934529,-0.0008292151,1177984,10095.53130531311,9423872,0.011566361
1.404087e-05,0.111572266,2208.81,17.28,0.7533559054136276,941,9204,1.4273856,-0.0008701291,1178112,10096.62003159523,9424896,0.023416918
1.1102884e-05,0.11669922,2208.81,17.28,0.9353023618459702,971,9205,1.3930513,-0.001121045,1178240,10097.674389600754,9425920,0.008919373
1.4554536e-05,0.13623047,2208.81,17.28,0.8676635175943375,976,9206,1.4761682,-0.00091839087,1178368,10098.724004983902,9426944,0.015842387
8.655508e-06,0.12768555,2208.81,17.28,0.8569462597370148,972,9207,1.4983283,-0.0008290142,1178496,10099.7781727314,9427968,0.013644648
1.1363287e-05,0.123046875,2208.81,17.28,0.8785721808671951,992,9208,1.4999279,-0.00092509727,1178624,10100.81057357788,9428992,0.013861176
1.0930548e-05,0.12695312,2203.24,17.29,0.853292927145958,970,9209,1.4345345,-0.00089627097,1178752,10101.86678981781,9430016,0.013638887
1.2531415e-05,0.12573242,2203.24,17.29,0.7731515616178513,965,9210,1.4491504,-0.0009186022,1178880,10102.92863869667,9431040,0.028633652
1.3780344e-05,0.118896484,2203.24,17.29,0.7756439000368118,953,9211,1.4307677,-0.0009539542,1179008,10104.003206968307,9432064,0.020400135
1.2561118e-05,0.12597656,2198.38,17.31,0.8180287480354309,885,9212,1.4449307,-0.0008670104,1179136,10105.160402536392,9433088,0.022072658
1.2737134e-05,0.12792969,2194.1,17.33,0.7914772927761078,896,9213,1.3698078,-0.000812672,1179264,10106.302880764008,9434112,0.022104902
1.0183767e-05,0.12695312,2194.1,17.33,0.9033272117376328,962,9214,1.4629352,-0.0009973253,1179392,10107.36716222763,9435136,0.011871891
1.2415028e-05,0.12084961,2194.1,17.33,0.8497996628284454,900,9215,1.5037189,-0.00086771057,1179520,10108.505289316177,9436160,0.013766532
1.2298586e-05,0.15063477,2188.13,17.39,0.9014661535620689,893,9216,1.502998,-0.00082961074,1179648,10109.652381896973,9437184,0.009221855
1.2758762e-05,0.12792969,2188.13,17.39,0.732371598482132,919,9217,1.422199,-0.0009771683,1179776,10110.766789913177,9438208,0.029499901
1.5934036e-05,0.10913086,2188.13,17.39,0.8253481984138489,945,9218,1.4536161,-0.00087299146,1179904,10111.850061655045,9439232,0.018280258
8.0961e-06,0.11401367,2188.13,17.39,0.7720328867435455,906,9219,1.4857022,-0.00082496705,1180032,10112.980227470398,9440256,0.027706945
1.3486797e-05,0.11425781,2188.13,17.39,0.8754877746105194,906,9220,1.4747121,-0.0009615275,1180160,10114.110117435455,9441280,0.011219263
1.4720124e-05,0.16625977,2188.66,17.4,0.8743390142917633,889,9221,1.405619,-0.0010748386,1180288,10115.262335777283,9442304,0.014648906
1.2126022e-05,0.16577148,2188.66,17.4,0.7781314551830292,981,9222,1.4819486,-0.0009701206,1180416,10116.306801080704,9443328,0.02444142
1.199231e-05,0.114746094,2188.66,17.4,0.8202794194221497,965,9223,1.3966316,-0.0008754183,1180544,10117.368299722672,9444352,0.025799904
1.27245185e-05,0.14331055,2191.28,17.39,0.8296860009431839,960,9224,1.4842138,-0.00085290964,1180672,10118.435423612595,9445376,0.027991733
1.6078973e-05,0.15478516,2191.28,17.39,0.859028086066246,952,9225,1.4344943,-0.0009344655,1180800,10119.511177301407,9446400,0.017459558
9.229366e-06,0.1303711,2191.28,17.39,0.8139964640140533,955,9226,1.3953902,-0.0009951472,1180928,10120.58419585228,9447424,0.021097213
7.4201125e-06,0.10644531,2197.89,17.29,0.8459024578332901,897,9227,1.5037062,-0.0008362444,1181056,10121.725499153137,9448448,0.014946447
1.1823187e-05,0.13354492,2197.89,17.29,0.8373174369335175,966,9228,1.4109291,-0.001085168,1181184,10122.785666704178,9449472,0.019359067
1.3097064e-05,0.12182617,2202.3,17.27,0.8201698809862137,916,9229,1.3614793,-0.0009811642,1181312,10123.903827428818,9450496,0.018280141
2.104536e-05,0.18603516,2195.87,17.29,0.8712272047996521,912,9230,1.4438283,-0.00093721075,1181440,10125.026325464249,9451520,0.014709088
8.62923e-06,0.12719727,2195.87,17.29,0.8724005222320557,965,9231,1.490601,-0.0008940237,1181568,10126.087792873383,9452544,0.012441011
1.041312e-05,0.1237793,2200.97,17.28,0.8713677078485489,947,9232,1.4319379,-0.0010112051,1181696,10127.169072151184,9453568,0.013376244
1.4549566e-05,0.10986328,2200.97,17.28,0.858815148472786,967,9233,1.4659108,-0.0008131719,1181824,10128.227711677551,9454592,0.016644226
7.045581e-06,0.1303711,2200.97,17.28,0.91877032071352,981,9234,1.5425591,-0.0007618591,1181952,10129.271964073181,9455616,0.0049553416
9.211898e-06,0.14111328,2200.97,17.28,0.8796002343297005,968,9235,1.523761,-0.00088663923,1182080,10130.329634904861,9456640,0.012124533
1.24191065e-05,0.16235352,2207.71,17.25,0.7921425849199295,952,9236,1.4581228,-0.0009242622,1182208,10131.405019760132,9457664,0.021243578
8.072735e-06,0.10107422,2207.71,17.25,0.8898480236530304,952,9237,1.5048478,-0.0009119736,1182336,10132.480598926544,9458688,0.010881436
1.3227613e-05,0.14746094,2205.31,17.27,0.7923709452152252,954,9238,1.4536662,-0.001016135,1182464,10133.554884195328,9459712,0.01992092
1.06145435e-05,0.12084961,2205.31,17.27,0.7801427096128464,949,9239,1.4705501,-0.00080375804,1182592,10134.633883237839,9460736,0.024451947
1.10616065e-05,0.125,2205.31,17.27,0.7553673088550568,959,9240,1.4554427,-0.00071150635,1182720,10135.701875209808,9461760,0.030744474
1.5004864e-05,0.13232422,2208.72,17.24,0.8779595568776131,949,9241,1.4572666,-0.0008155682,1182848,10136.780608654022,9462784,0.013711429
1.2219631e-05,0.15820312,2208.72,17.24,0.8846243694424629,978,9242,1.4586997,-0.0009560255,1182976,10137.827929258347,9463808,0.015220677
9.347422e-06,0.13842773,2208.72,17.24,0.893765777349472,965,9243,1.4567996,-0.00093957596,1183104,10138.889400959015,9464832,0.010870861
8.952113e-06,0.13183594,2209.5,17.21,0.8097784072160721,958,9244,1.4709245,-0.00091353233,1183232,10139.95860004425,9465856,0.01639792
9.352546e-06,0.11352539,2209.5,17.21,0.8567416369915009,920,9245,1.4884341,-0.0008451324,1183360,10141.071729660034,9466880,0.0126783075
8.831771e-06,0.12817383,2210.18,17.19,0.8217395544052124,952,9246,1.4676919,-0.0008469497,1183488,10142.147275209427,9467904,0.017249014
8.583684e-06,0.13891602,2210.18,17.19,0.7589836716651917,967,9247,1.4621656,-0.0007396479,1183616,10143.206748962402,9468928,0.021800622
8.38013e-06,0.13012695,2210.18,17.19,0.8835256844758987,943,9248,1.4761065,-0.00082263164,1183744,10144.293458938599,9469952,0.013157777
1.0093565e-05,0.14160156,2206.14,17.2,0.8700610101222992,915,9249,1.4321585,-0.0008223357,1183872,10145.412818908691,9470976,0.013566571
9.497223e-06,0.115478516,2211.24,17.2,0.8629221618175507,952,9250,1.4874505,-0.00076864037,1184000,10146.48902463913,9472000,0.01562962
1.4037606e-05,0.118896484,2211.24,17.2,0.705457329750061,959,9251,1.3747225,-0.0008621804,1184128,10147.557059526443,9473024,0.030949084
1.0361257e-05,0.11694336,2211.24,17.2,0.8585868775844574,950,9252,1.4753191,-0.0007626266,1184256,10148.635362625122,9474048,0.013808169
9.406462e-06,0.13598633,2211.24,17.2,0.8466832786798477,883,9253,1.4498184,-0.00080650696,1184384,10149.794971227646,9475072,0.014332028
9.928421e-06,0.08959961,2214.01,17.18,0.7867092788219452,920,9254,1.4865346,-0.0008252247,1184512,10150.907780647278,9476096,0.019676302
8.784251e-06,0.12573242,2214.01,17.18,0.8261154145002365,961,9255,1.5083892,-0.0007821465,1184640,10151.973508834839,9477120,0.013235298
8.252972e-06,0.12231445,2214.01,17.18,0.8662992566823959,932,9256,1.4925108,-0.00082071417,1184768,10153.072731018066,9478144,0.015236602
7.2510493e-06,0.10888672,2217.18,17.17,0.8006552010774612,891,9257,1.4675581,-0.0009007044,1184896,10154.222040176392,9479168,0.028656987
1.0150654e-05,0.12988281,2219.81,17.15,0.8898966610431671,964,9258,1.4583154,-0.0008720894,1185024,10155.284959554672,9480192,0.01012355
6.3559983e-06,0.12231445,2219.81,17.15,0.912842683494091,964,9259,1.5370672,-0.0007412856,1185152,10156.34706902504,9481216,0.0071211634
1.2511692e-05,0.13989258,2219.81,17.15,0.8465557545423508,936,9260,1.4483128,-0.0007831693,1185280,10157.44182920456,9482240,0.022184463
8.519404e-06,0.111572266,2217.18,17.16,0.8140539824962616,875,9261,1.4917384,-0.00066611764,1185408,10158.612453460693,9483264,0.019598225
9.420734e-06,0.13793945,2217.18,17.16,0.8770555034279823,910,9262,1.3800342,-0.0007584466,1185536,10159.738343954086,9484288,0.016557071
1.15209405e-05,0.15893555,2216.65,17.17,0.8506247848272324,931,9263,1.4545121,-0.00085107883,1185664,10160.838366270065,9485312,0.017973654
8.047328e-06,0.11376953,2216.65,17.17,0.867882639169693,947,9264,1.4511127,-0.0007851686,1185792,10161.919286727905,9486336,0.013710386
9.4351335e-06,0.10864258,2218.28,17.17,0.7867320328950882,888,9265,1.4378523,-0.0007147453,1185920,10163.07279253006,9487360,0.026744189
8.094532e-06,0.115722656,2218.28,17.17,0.8625911176204681,944,9266,1.4252949,-0.00078633055,1186048,10164.157980918884,9488384,0.018293811
9.422889e-06,0.14575195,2218.28,17.17,0.8478014320135117,898,9267,1.5402246,-0.0007168809,1186176,10165.298640012741,9489408,0.011975544
1.2717235e-05,0.16235352,2213.63,17.17,0.8376433998346329,885,9268,1.4468151,-0.0008203864,1186304,10166.455937385559,9490432,0.018386545
9.515359e-06,0.12866211,2213.14,17.18,0.8820141181349754,919,9269,1.4835162,-0.00082874944,1186432,10167.570024967194,9491456,0.01386358
6.2076224e-06,0.08666992,2213.14,17.18,0.6346558332443237,981,9270,1.5055928,-0.00067102327,1186560,10168.613790750504,9492480,0.03876792
1.2031274e-05,0.09643555,2213.14,17.18,0.7365908622741699,964,9271,1.4446915,-0.00063429936,1186688,10169.676072120667,9493504,0.024896134
1.0130277e-05,0.14208984,2213.14,17.18,0.7540793269872665,966,9272,1.5128318,-0.0008109134,1186816,10170.73610663414,9494528,0.019321974
9.475875e-06,0.107177734,2210.46,17.17,0.8474091738462448,933,9273,1.4162391,-0.00067705836,1186944,10171.83438539505,9495552,0.015652806
2.0670692e-05,0.13793945,2210.46,17.17,0.810951828956604,944,9274,1.4497179,-0.0006576617,1187072,10172.919741153717,9496576,0.027107209
1.4053148e-05,0.15332031,2210.46,17.17,0.8296508938074112,903,9275,1.4329621,-0.00067898835,1187200,10174.053589105606,9497600,0.013547957
1.20290915e-05,0.13427734,2210.46,17.17,0.8429985493421555,957,9276,1.4910408,-0.0007109811,1187328,10175.123251914978,9498624,0.011655935
9.444938e-06,0.12182617,2211.78,17.16,0.7075009644031525,942,9277,1.4073576,-0.00080111076,1187456,10176.210667133331,9499648,0.029339759
9.046612e-06,0.08935547,2211.78,17.16,0.8672391772270203,976,9278,1.4593043,-0.000665964,1187584,10177.260710000992,9500672,0.01814898
9.76286e-06,0.1394043,2211.78,17.16,0.8298875391483307,963,9279,1.4058423,-0.0009002722,1187712,10178.323693275452,9501696,0.023762317
9.137516e-06,0.14135742,2211.78,17.16,0.8488198667764664,974,9280,1.4494307,-0.0007992596,1187840,10179.374849796295,9502720,0.018026793
1.1146271e-05,0.13549805,2219.12,17.07,0.5899087488651276,942,9281,1.3932832,-0.0008896631,1187968,10180.462505578995,9503744,0.035940997
1.386168e-05,0.1430664,2213.76,17.07,0.8502940535545349,966,9282,1.418472,-0.000883491,1188096,10181.523282527924,9504768,0.022148779
8.511245e-06,0.125,2213.76,17.07,0.828048050403595,959,9283,1.4084816,-0.0007307199,1188224,10182.591469287872,9505792,0.021670675
8.626986e-06,0.14331055,2213.76,17.07,0.9086233675479889,961,9284,1.5558212,-0.0008391251,1188352,10183.657714605331,9506816,0.007908581
7.025715e-06,0.104003906,2217.71,17.05,0.889573261141777,945,9285,1.4635797,-0.00072329945,1188480,10184.741280317307,9507840,0.013950926
7.439994e-06,0.10668945,2220.42,17.03,0.8283670991659164,963,9286,1.4679874,-0.0007369787,1188608,10185.804560184479,9508864,0.01775251
5.9662198e-06,0.111816406,2222.42,17.03,0.8669253438711166,955,9287,1.5106534,-0.0007341869,1188736,10186.877331018448,9509888,0.01444422
9.597558e-06,0.115722656,2222.42,17.03,0.8641564846038818,984,9288,1.4398794,-0.0007742856,1188864,10187.918751239777,9510912,0.014059037
8.235754e-06,0.11621094,2222.42,17.03,0.8953509852290154,961,9289,1.5002762,-0.00079107843,1188992,10188.983984708786,9511936,0.012496809
8.242734e-06,0.12939453,2222.42,17.03,0.7809000164270401,926,9290,1.4220587,-0.0007159835,1189120,10190.08999633789,9512960,0.024060328
1.0232803e-05,0.11401367,2222.42,17.03,0.8095534294843674,952,9291,1.4851005,-0.00070505287,1189248,10191.165445327759,9513984,0.0182534
9.664401e-06,0.13500977,2226.15,17.01,0.859309509396553,954,9292,1.481273,-0.0008824596,1189376,10192.239458560944,9515008,0.0143314395
8.004879e-06,0.1184082,2226.5,17.05,0.8711392432451248,962,9293,1.4954572,-0.00078251015,1189504,10193.304067611694,9516032,0.011596145
6.891262e-06,0.12011719,2226.5,17.05,0.7299756705760956,973,9294,1.4913385,-0.00062615366,1189632,10194.357018709183,9517056,0.027712397
7.218936e-06,0.1352539,2222.67,17.06,0.8905440121889114,957,9295,1.4435797,-0.0006973899,1189760,10195.427464485168,9518080,0.009908066
1.1117618e-05,0.16577148,2222.67,17.06,0.7138003706932068,982,9296,1.4556316,-0.0007193213,1189888,10196.470479726791,9519104,0.03521976
7.086027e-06,0.140625,2229.45,17.03,0.8396308720111847,961,9297,1.4831156,-0.00071315677,1190016,10197.536187887192,9520128,0.012510723
8.485902e-06,0.12719727,2229.45,17.03,0.9249578565359116,974,9298,1.49384,-0.0008625293,1190144,10198.587577104568,9521152,0.010572527
6.8171967e-06,0.12890625,2229.45,17.03,0.8293513655662537,961,9299,1.5157455,-0.0007911267,1190272,10199.652975082397,9522176,0.01267089
1.3849476e-05,0.13012695,2230.21,17.03,0.9463435038924217,929,9300,1.5012395,-0.0008384901,1190400,10200.754805088043,9523200,0.0056414735
7.0313013e-06,0.122802734,2230.21,17.03,0.928092747926712,941,9301,1.4652222,-0.00079486525,1190528,10201.84298491478,9524224,0.008108974
9.870951e-06,0.13671875,2225.78,17.06,0.7577531188726425,897,9302,1.4668711,-0.000746096,1190656,10202.984705209732,9525248,0.023673842
8.638794e-06,0.14990234,2225.78,17.06,0.8805279433727264,904,9303,1.4576926,-0.00073002756,1190784,10204.118295431137,9526272,0.010301239
7.792945e-06,0.12036133,2225.33,17.07,0.8238931447267532,925,9304,1.4850304,-0.000717168,1190912,10205.22585940361,9527296,0.016934955
6.189713e-06,0.09399414,2225.33,17.07,0.9348959252238274,927,9305,1.5214268,-0.0007500563,1191040,10206.33108329773,9528320,0.0062585194
7.838304e-06,0.13378906,2220.93,17.09,0.8438713997602463,909,9306,1.4989991,-0.0006985982,1191168,10207.457515954971,9529344,0.01388829
9.882694e-06,0.11425781,2220.93,17.09,0.8104041367769241,963,9307,1.477939,-0.0007082124,1191296,10208.521056890488,9530368,0.015451057
7.2475623e-06,0.10498047,2220.93,17.09,0.8843785673379898,971,9308,1.5218763,-0.00061010406,1191424,10209.576194763184,9531392,0.012555156
6.0303523e-06,0.12036133,2214.18,17.13,0.8322440832853317,952,9309,1.4552232,-0.0007340756,1191552,10210.652518987656,9532416,0.014971657
7.747768e-06,0.14038086,2214.18,17.13,0.8070634603500366,969,9310,1.4506284,-0.00074302685,1191680,10211.709982395172,9533440,0.028127648
9.923491e-06,0.16625977,2214.18,17.13,0.8912994563579559,968,9311,1.4836556,-0.0008344099,1191808,10212.768265724182,9534464,0.013481591
6.2247314e-06,0.095214844,2214.18,17.13,0.8339419811964035,972,9312,1.5027834,-0.0005777669,1191936,10213.822400093079,9535488,0.01712986
7.868084e-06,0.14794922,2212.88,17.14,0.9166154190897942,960,9313,1.4789522,-0.0008052026,1192064,10214.889824867249,9536512,0.007609348
1.012356e-05,0.14135742,2212.88,17.14,0.8540819585323334,976,9314,1.4468082,-0.0007336362,1192192,10215.939316987991,9537536,0.018628601
7.2110156e-06,0.11010742,2212.88,17.14,0.8421091288328171,964,9315,1.5269113,-0.00060971593,1192320,10217.00165772438,9538560,0.01354779
8.640136e-06,0.13305664,2209.95,17.17,0.7754948139190674,959,9316,1.4311999,-0.0007906662,1192448,10218.069113731384,9539584,0.024398394
6.339935e-06,0.12646484,2209.95,17.17,0.7811922132968903,958,9317,1.4450941,-0.00080335105,1192576,10219.13852095604,9540608,0.023107592
7.6090428e-06,0.15844727,2213.1,17.15,0.8774596229195595,962,9318,1.3901623,-0.00074937806,1192704,10220.203003883362,9541632,0.014877045
6.44917e-06,0.15185547,2213.1,17.15,0.8135218173265457,917,9319,1.4821795,-0.0005876968,1192832,10221.319952487946,9542656,0.012832499
6.236667e-06,0.12182617,2213.1,17.15,0.8666672706604004,900,9320,1.4687127,-0.00066674914,1192960,10222.45831155777,9543680,0.015036445
8.721613e-06,0.14501953,2213.1,17.15,0.8717609792947769,904,9321,1.3877825,-0.00079516566,1193088,10223.590920448303,9544704,0.019187577
5.896857e-06,0.11035156,2213.1,17.15,0.8484831899404526,909,9322,1.5101168,-0.00078401563,1193216,10224.71737575531,9545728,0.012722083
6.1795104e-06,0.13500977,2210.31,17.15,0.8256087750196457,958,9323,1.4704849,-0.00075536396,1193344,10225.786669492722,9546752,0.018514965
1.10750225e-05,0.1484375,2224.82,17.07,0.8997258543968201,945,9324,1.4264956,-0.0006777439,1193472,10226.870641231537,9547776,0.01450533
7.681574e-06,0.104003906,2224.82,17.07,0.7291739583015442,965,9325,1.4273753,-0.0008119374,1193600,10227.932359933853,9548800,0.031699475
7.183523e-06,0.14111328,2224.82,17.07,0.8287872821092606,965,9326,1.4499059,-0.0009387147,1193728,10228.99379825592,9549824,0.018336207
7.038602e-06,0.15698242,2223.63,17.07,0.8385432213544846,943,9327,1.423718,-0.00079572713,1193856,10230.079288244247,9550848,0.01646357
6.752832e-06,0.12719727,2223.63,17.07,0.8725417703390121,962,9328,1.5315728,-0.0007505699,1193984,10231.144372224808,9551872,0.011579932
9.5609685e-06,0.123046875,2223.63,17.07,0.731356680393219,905,9329,1.4635749,-0.00074916973,1194112,10232.276183128357,9552896,0.02876913
6.697502e-06,0.14990234,2226.03,17.07,0.9128427654504776,894,9330,1.5022918,-0.000752726,1194240,10233.421771764755,9553920,0.010136902
8.677746e-06,0.13134766,2222.38,17.11,0.8489362150430679,901,9331,1.4136662,-0.00070665707,1194368,10234.557791233063,9554944,0.020910438
7.76411e-06,0.14428711,2222.38,17.11,0.8362851142883301,923,9332,1.4889091,-0.00076875987,1194496,10235.667724847794,9555968,0.017156268
5.0808235e-06,0.09301758,2222.38,17.11,0.9280031472444534,904,9333,1.4682198,-0.00066730316,1194624,10236.801019191742,9556992,0.007680394
5.3383283e-06,0.12597656,2220.27,17.15,0.8666607439517975,963,9334,1.4941548,-0.0007147004,1194752,10237.864352464676,9558016,0.0147176925
5.7716315e-06,0.0949707,2220.27,17.15,0.8518446832895279,967,9335,1.4779326,-0.0007019082,1194880,10238.923684597015,9559040,0.01588323
5.3790955e-06,0.12060547,2220.27,17.15,0.8345261365175247,976,9336,1.5306351,-0.00057880004,1195008,10239.97259759903,9560064,0.010715903
8.1427115e-06,0.13647461,2220.27,17.15,0.7386258840560913,968,9337,1.5104222,-0.0006768989,1195136,10241.030601024628,9561088,0.021216877
9.125239e-06,0.16357422,2220.27,17.15,0.7941100895404816,968,9338,1.399053,-0.0007954887,1195264,10242.089264154434,9562112,0.022750396
9.12747e-06,0.18798828,2220.75,17.14,0.8989509493112564,954,9339,1.4193183,-0.0007812816,1195392,10243.162610054016,9563136,0.0146434065
5.2513824e-06,0.13208008,2220.75,17.14,0.8566209673881531,966,9340,1.5180501,-0.0006846475,1195520,10244.222826004028,9564160,0.011253371
7.272869e-06,0.14282227,2211.97,17.21,0.9116952642798424,938,9341,1.4776812,-0.0006996898,1195648,10245.31418633461,9565184,0.0087992735
5.386399e-06,0.11328125,2211.97,17.21,0.8606931865215302,981,9342,1.4505837,-0.00058845,1195776,10246.358570575714,9566208,0.00969038
8.02445e-06,0.14477539,2217.99,17.2,0.7146742045879364,939,9343,1.4748586,-0.00069198693,1195904,10247.449568271637,9567232,0.025946725
5.3546382e-06,0.09716797,2217.99,17.2,0.8098426461219788,973,9344,1.4578686,-0.0006326562,1196032,10248.502684354782,9568256,0.020385846
5.671864e-06,0.115722656,2217.99,17.2,0.9329902902245522,963,9345,1.5526142,-0.00066655,1196160,10249.566592216492,9569280,0.0047913045
6.8838226e-06,0.17553711,2209.88,17.27,0.8710851520299911,954,9346,1.4725528,-0.00072235137,1196288,10250.640272855759,9570304,0.0128228795
5.9473846e-06,0.123535156,2214.21,17.24,0.7883389592170715,950,9347,1.4700122,-0.0006845029,1196416,10251.718442678452,9571328,0.025110027
3.6761526e-06,0.084472656,2214.21,17.24,0.7912373840808868,962,9348,1.4848654,-0.00046757743,1196544,10252.78326535225,9572352,0.016473597
7.948782e-06,0.107666016,2212.3,17.24,0.8009794503450394,916,9349,1.467901,-0.0006160289,1196672,10253.901377916336,9573376,0.019721415
4.378869e-06,0.1159668,2212.3,17.24,0.8901175633072853,929,9350,1.5618829,-0.0005945103,1196800,10255.004055023193,9574400,0.006231955
1.0358775e-05,0.20410156,2212.3,17.24,0.8893801048398018,954,9351,1.4888003,-0.0006061265,1196928,10256.078086137772,9575424,0.008794998
4.4294e-06,0.1027832,2212.3,17.24,0.8275065124034882,971,9352,1.5295053,-0.0005593056,1197056,10257.13272690773,9576448,0.011121616
5.402637e-06,0.12548828,2212.3,17.24,0.8867242708802223,970,9353,1.545879,-0.0005270982,1197184,10258.189325809479,9577472,0.009156023
1.0999052e-05,0.14086914,2212.3,17.24,0.8770441934466362,981,9354,1.5044291,-0.0006238864,1197312,10259.233577013016,9578496,0.010255285
6.155369e-06,0.1484375,2209.51,17.26,0.8638361245393753,934,9355,1.4830391,-0.0006604148,1197440,10260.32995390892,9579520,0.01359744
7.019919e-06,0.11279297,2207.29,17.26,0.8961639031767845,944,9356,1.4768144,-0.00078695564,1197568,10261.415323495865,9580544,0.009815331
6.707314e-06,0.111328125,2207.29,17.26,0.8304930031299591,963,9357,1.44877,-0.000484922,1197696,10262.478879451752,9581568,0.017780624
6.123295e-06,0.16064453,2207.29,17.26,0.9023464918136597,972,9358,1.5324591,-0.0006285305,1197824,10263.533096075058,9582592,0.0059418096
6.217803e-06,0.14428711,2198.39,17.25,0.8769300654530525,949,9359,1.489763,-0.0007008629,1197952,10264.612694501877,9583616,0.013789247
6.1337896e-06,0.11279297,2193.96,17.27,0.8481556177139282,919,9360,1.4214233,-0.0006167153,1198080,10265.726987361908,9584640,0.02044356
5.734456e-06,0.14086914,2193.96,17.27,0.8027100265026093,960,9361,1.3671985,-0.00070626667,1198208,10266.793521404266,9585664,0.020502476
6.5885797e-06,0.1574707,2188.51,17.31,0.8690138310194016,892,9362,1.4060752,-0.0007406961,1198336,10267.942257404327,9586688,0.01839534
5.0955223e-06,0.14355469,2188.51,17.31,0.8931556195020676,899,9363,1.4931147,-0.0006141397,1198464,10269.081822395325,9587712,0.009368334
7.94467e-06,0.13085938,2188.51,17.31,0.8548631370067596,909,9364,1.4658399,-0.0006552858,1198592,10270.208598613739,9588736,0.0164215
5.5577784e-06,0.12548828,2188.51,17.31,0.7983492761850357,966,9365,1.4630947,-0.00053786783,1198720,10271.268608570099,9589760,0.017518219
5.9550116e-06,0.12182617,2192.76,17.29,0.8460194915533066,963,9366,1.482166,-0.00072199263,1198848,10272.332460165024,9590784,0.01630163
7.4839504e-06,0.14892578,2196.03,17.28,0.801298126578331,951,9367,1.4266802,-0.00066293555,1198976,10273.408961772919,9591808,0.023402035
6.5194263e-06,0.104003906,2196.03,17.28,0.7164018750190735,961,9368,1.4780283,-0.0005709504,1199104,10274.474380970001,9592832,0.02344771
7.1162667e-06,0.123535156,2196.03,17.28,0.8145761936903,899,9369,1.4542806,-0.00054656266,1199232,10275.613451480865,9593856,0.0154918665
6.161502e-06,0.13916016,2196.03,17.28,0.7797229588031769,911,9370,1.5173514,-0.0006624948,1199360,10276.73769569397,9594880,0.02157102
4.133558e-06,0.12402344,2195.65,17.27,0.84872105717659,930,9371,1.4893371,-0.0006187084,1199488,10277.839477300644,9595904,0.010115877
8.21786e-06,0.15551758,2195.65,17.27,0.9012150466442108,968,9372,1.4571394,-0.00065342867,1199616,10278.897859334946,9596928,0.013362168
1.048942e-05,0.13476562,2198.78,17.24,0.8527710437774658,960,9373,1.4719645,-0.0006667834,1199744,10279.96472978592,9597952,0.01670523
5.7222164e-06,0.11328125,2198.78,17.24,0.7550057619810104,974,9374,1.4721816,-0.00064302835,1199872,10281.016713142395,9598976,0.020914385
6.4326396e-06,0.14746094,2202.85,17.24,0.9373597055673599,943,9375,1.4472294,-0.00066778675,1200000,10282.103318452835,9600000,0.0069508473
5.1729457e-06,0.12084961,2202.85,17.24,0.8319224417209625,981,9376,1.478409,-0.0005186851,1200128,10283.147086381912,9601024,0.009139703
6.6134808e-06,0.16210938,2202.85,17.24,0.9278769567608833,967,9377,1.5706056,-0.00057460734,1200256,10284.206658363342,9602048,0.0057150424
7.721838e-06,0.15844727,2209.38,17.2,0.9123996570706367,954,9378,1.3947622,-0.0007034447,1200384,10285.280596494675,9603072,0.011672787
8.782035e-06,0.16040039,2209.38,17.2,0.686168909072876,978,9379,1.4691676,-0.00062970456,1200512,10286.328174829483,9604096,0.026757954
5.98375e-06,0.16137695,2213.88,17.16,0.920914813876152,971,9380,1.5009099,-0.000611707,1200640,10287.38288116455,9605120,0.0059229676
7.3093665e-06,0.1381836,2210.2,17.18,0.7888630777597427,923,9381,1.4261838,-0.0006174533,1200768,10288.49187541008,9606144,0.020791715
5.698256e-06,0.14794922,2210.2,17.18,0.9113341420888901,942,9382,1.470276,-0.0004748398,1200896,10289.579025506973,9607168,0.0065649883
9.604091e-06,0.15405273,2198.75,17.28,0.9122074767947197,936,9383,1.519145,-0.0006134141,1201024,10290.672904491425,9608192,0.006046681
5.0643403e-06,0.13598633,2198.75,17.28,0.7938521355390549,974,9384,1.4047738,-0.00062411546,1201152,10291.724343538284,9609216,0.030951677
5.253212e-06,0.11694336,2198.75,17.28,0.8249439001083374,924,9385,1.4401308,-0.0006435608,1201280,10292.833084344864,9610240,0.026630409
6.9406406e-06,0.15673828,2198.75,17.28,0.8332010060548782,920,9386,1.4350822,-0.00066334265,1201408,10293.947145938873,9611264,0.0189134
5.357307e-06,0.095214844,2191.82,17.33,0.9002808257937431,891,9387,1.4387189,-0.000542843,1201536,10295.096978664398,9612288,0.011193347
3.7005511e-06,0.0871582,2191.82,17.33,0.7889377474784851,908,9388,1.4656456,-0.00056774466,1201664,10296.225228071213,9613312,0.021901911
8.182615e-06,0.13745117,2191.82,17.33,0.8825297877192497,962,9389,1.4363215,-0.00062997994,1201792,10297.290087461472,9614336,0.015584588
4.2254483e-06,0.13476562,2191.82,17.33,0.8490326106548309,973,9390,1.5280272,-0.00062401046,1201920,10298.342633724213,9615360,0.014755786
4.1294143e-06,0.1171875,2191.82,17.33,0.709216833114624,959,9391,1.4245504,-0.0006596166,1202048,10299.410519361496,9616384,0.033866998
5.665576e-06,0.14257812,2190.23,17.32,0.8679207414388657,967,9392,1.3933765,-0.00065219385,1202176,10300.469508171082,9617408,0.017082758
9.267903e-06,0.14160156,2190.23,17.32,0.7855544239282608,956,9393,1.441143,-0.00048956776,1202304,10301.540528774261,9618432,0.024167411
6.705286e-06,0.12792969,2190.23,17.32,0.8364757001399994,966,9394,1.4333177,-0.00047378757,1202432,10302.60060620308,9619456,0.016173229
4.915676e-06,0.103515625,2184.13,17.33,0.855431467294693,933,9395,1.5206097,-0.000523744,1202560,10303.698203325272,9620480,0.012935027
6.0866832e-06,0.15112305,2184.13,17.33,0.810650572180748,978,9396,1.4056518,-0.0007075517,1202688,10304.746114253998,9621504,0.024022138
5.6032195e-06,0.14160156,2188.67,17.31,0.7361338436603546,887,9397,1.447839,-0.00056227203,1202816,10305.90059542656,9622528,0.024339663
9.12936e-06,0.13500977,2188.67,17.31,0.8433827906847,957,9398,1.4227661,-0.0006140031,1202944,10306.971024990082,9623552,0.018828169
6.203061e-06,0.107421875,2190.37,17.31,0.7155814170837402,953,9399,1.4447095,-0.00059857464,1203072,10308.046249866486,9624576,0.030372372
3.624732e-06,0.10620117,2189.26,17.32,0.75667804479599,963,9400,1.4190621,-0.00052820146,1203200,10309.109409093857,9625600,0.026026433
6.4346377e-06,0.16503906,2194.05,17.25,0.9031371176242828,955,9401,1.5158591,-0.0005492059,1203328,10310.182555913925,9626624,0.00867818
4.706828e-06,0.15161133,2194.05,17.25,0.7765113413333893,967,9402,1.4857306,-0.00068422174,1203456,10311.241592884064,9627648,0.027265733
6.9191424e-06,0.119628906,2194.05,17.25,0.8209486454725266,955,9403,1.464835,-0.00057638565,1203584,10312.31415939331,9628672,0.02246256
6.756083e-06,0.15795898,2194.05,17.25,0.8788960203528404,946,9404,1.4512947,-0.00058574113,1203712,10313.396546840668,9629696,0.0145822475
4.6124424e-06,0.10961914,2195.99,17.26,0.8260755240917206,944,9405,1.4228963,-0.0004960283,1203840,10314.480922937393,9630720,0.018136863
5.1941024e-06,0.12768555,2195.99,17.26,0.8031379580497742,982,9406,1.403008,-0.00052870286,1203968,10315.524336338043,9631744,0.029166803
4.294123e-06,0.100097656,2199.68,17.21,0.7403242588043213,950,9407,1.4151042,-0.00049570214,1204096,10316.60187792778,9632768,0.030335085
4.1795292e-06,0.10131836,2199.68,17.21,0.9161820113658905,962,9408,1.4899337,-0.000539973,1204224,10317.666983604431,9633792,0.008192362
4.49526e-06,0.12207031,2199.68,17.21,0.8663314133882523,959,9409,1.5519085,-0.0005353854,1204352,10318.73479127884,9634816,0.012045771
5.919689e-06,0.1484375,2204.21,17.19,0.8135795295238495,945,9410,1.4808844,-0.00051572523,1204480,10319.818505048752,9635840,0.014507963
3.1830593e-06,0.09399414,2203.47,17.21,0.7920006662607193,955,9411,1.4737672,-0.00051954313,1204608,10320.891658782959,9636864,0.023714377
4.0332297e-06,0.13720703,2203.47,17.21,0.9362699016928673,960,9412,1.5462481,-0.00066860433,1204736,10321.958696842194,9637888,0.0047568567
5.251533e-06,0.16064453,2202.17,17.23,0.8132992833852768,904,9413,1.4553776,-0.0005631206,1204864,10323.091178894043,9638912,0.018837364
3.9193205e-06,0.111816406,2202.17,17.23,0.8184294998645782,917,9414,1.5001018,-0.0006309625,1204992,10324.208037614822,9639936,0.017998947
9.883411e-06,0.15185547,2202.17,17.23,0.7577180564403534,896,9415,1.4245999,-0.0006121413,1205120,10325.350499629974,9640960,0.033468317
4.8489187e-06,0.122802734,2202.17,17.23,0.7649256587028503,975,9416,1.5173802,-0.00048623417,1205248,10326.40090227127,9641984,0.02410432
4.729108e-06,0.11206055,2202.17,17.23,0.8169350326061249,959,9417,1.4693991,-0.0005596404,1205376,10327.469501256943,9643008,0.01890536
4.8934853e-06,0.12573242,2202.17,17.23,0.7564904093742371,965,9418,1.4113487,-0.00047841333,1205504,10328.530638933182,9644032,0.021660527
4.3707023e-06,0.12109375,2207.24,17.17,0.9166253358125687,943,9419,1.4436185,-0.00059757085,1205632,10329.617107391357,9645056,0.008828965
4.253992e-06,0.11206055,2202.9,17.19,0.8497908711433411,967,9420,1.4585907,-0.00055524753,1205760,10330.67595744133,9646080,0.017810997
3.2901285e-06,0.11352539,2202.9,17.19,0.879657194018364,956,9421,1.465729,-0.0005081901,1205888,10331.747498989105,9647104,0.012900868
4.269065e-06,0.16625977,2201.35,17.2,0.8847252205014229,926,9422,1.4675275,-0.0005563126,1206016,10332.85349202156,9648128,0.009552744
5.9300096e-06,0.15405273,2201.35,17.2,0.8598576337099075,958,9423,1.4842764,-0.0005535489,1206144,10333.922443628311,9649152,0.012367442
4.253495e-06,0.14404297,2201.35,17.2,0.8498008400201797,927,9424,1.4583274,-0.00063505804,1206272,10335.027254104614,9650176,0.019767953
5.1682005e-06,0.13500977,2201.35,17.2,0.8220256865024567,954,9425,1.4429448,-0.0005810433,1206400,10336.10109424591,9651200,0.022143686
4.378574e-06,0.11401367,2201.35,17.2,0.9118364974856377,977,9426,1.5139557,-0.0006131577,1206528,10337.149030923843,9652224,0.007482871
4.446688e-06,0.1459961,2201.35,17.2,0.8458587527275085,960,9427,1.4571313,-0.00045174552,1206656,10338.216096401215,9653248,0.019569496
3.7928514e-06,0.1459961,2201.35,17.2,0.761166974902153,965,9428,1.5380293,-0.00051214616,1206784,10339.277090787888,9654272,0.015947768
4.5596034e-06,0.14282227,2197.39,17.23,0.829134538769722,933,9429,1.44474,-0.0006664811,1206912,10340.374645709991,9655296,0.017301846
4.660583e-06,0.12890625,2200.81,17.22,0.7583001106977463,962,9430,1.4076761,-0.0005163347,1207040,10341.438856840134,9656320,0.028140942
4.874443e-06,0.12158203,2200.81,17.22,0.8450533002614975,954,9431,1.4927857,-0.00042787183,1207168,10342.512353420258,9657344,0.013145374
4.89899e-06,0.15917969,2206.74,17.17,0.8393320143222809,927,9432,1.3638408,-0.0005970283,1207296,10343.617763280869,9658368,0.025470495
4.483938e-06,0.12963867,2202.94,17.21,0.795094221830368,886,9433,1.4205283,-0.00055100187,1207424,10344.773237466812,9659392,0.022576949
4.4888716e-06,0.14282227,2202.94,17.21,0.6778841614723206,962,9434,1.3978984,-0.0005948611,1207552,10345.83786535263,9660416,0.039726526
5.121161e-06,0.1496582,2202.94,17.21,0.7412074506282806,954,9435,1.3738916,-0.000623386,1207680,10346.91155385971,9661440,0.033466846
4.4367466e-06,0.13134766,2202.94,17.21,0.8618050515651703,906,9436,1.4304657,-0.00066433306,1207808,10348.041406393051,9662464,0.022727454
5.923052e-06,0.13110352,2200.43,17.2,0.7107768058776855,900,9437,1.398292,-0.0005709505,1207936,10349.17925620079,9663488,0.033425298
5.5406854e-06,0.1381836,2193.11,17.26,0.6887415945529938,901,9438,1.3741288,-0.00062293984,1208064,10350.315576314926,9664512,0.035370983
2.9710952e-06,0.10424805,2193.11,17.26,0.8584069162607193,907,9439,1.4522144,-0.0005392428,1208192,10351.445045232773,9665536,0.018313814
4.5896472e-06,0.11376953,2193.11,17.26,0.880828894674778,937,9440,1.5308911,-0.00048918766,1208320,10352.537779569626,9666560,0.009299589
3.717466e-06,0.10083008,2191.92,17.27,0.8314682245254517,901,9441,1.4842238,-0.00053283724,1208448,10353.674809932709,9667584,0.01782357
5.2107835e-06,0.13427734,2191.92,17.27,0.8850727304816246,939,9442,1.3997222,-0.000508811,1208576,10354.765881538391,9668608,0.01409462
4.9187825e-06,0.16870117,2191.92,17.27,0.8779347762465477,947,9443,1.47702,-0.0005567448,1208704,10355.847569227219,9669632,0.014329458
4.1215435e-06,0.12988281,2192.87,17.27,0.8454946875572205,966,9444,1.4775187,-0.00052002055,1208832,10356.907839775085,9670656,0.020594655
5.2033724e-06,0.107666016,2192.87,17.27,0.7518853843212128,977,9445,1.4071281,-0.00044112114,1208960,10357.956025123596,9671680,0.029273696
2.4504359e-06,0.1262207,2192.87,17.27,0.9064148738980293,980,9446,1.5373913,-0.0005032684,1209088,10359.000749826431,9672704,0.006032909
3.3266697e-06,0.15673828,2192.87,17.27,0.8923175930976868,977,9447,1.5304017,-0.0004695622,1209216,10360.049518346786,9673728,0.006332913
3.701965e-06,0.13427734,2192.87,17.27,0.8292715102434158,982,9448,1.5108517,-0.00044940528,1209344,10361.092525482178,9674752,0.0174809
4.552722e-06,0.14672852,2192.87,17.27,0.8056967705488205,967,9449,1.4107091,-0.00062241557,1209472,10362.151167154312,9675776,0.022754433
4.762972e-06,0.10961914,2192.87,17.27,0.6890897750854492,972,9450,1.4882548,-0.00047625715,1209600,10363.204919815063,9676800,0.031645667
4.1969324e-06,0.14794922,2184.37,17.31,0.899012990295887,915,9451,1.4016734,-0.0005626221,1209728,10364.323750019073,9677824,0.013723478
3.844577e-06,0.15112305,2188.62,17.26,0.7881506085395813,970,9452,1.4988259,-0.0005083636,1209856,10365.379165172577,9678848,0.019869685
4.0223226e-06,0.13256836,2191.91,17.19,0.6352204084396362,944,9453,1.411903,-0.00049245206,1209984,10366.46425652504,9679872,0.03421948
3.445964e-06,0.10107422,2203.52,17.11,0.73770871758461,967,9454,1.4656124,-0.0005361755,1210112,10367.523438215256,9680896,0.030052692
3.237416e-06,0.111083984,2203.52,17.11,0.7815238684415817,969,9455,1.457457,-0.00046870133,1210240,10368.579998254776,9681920,0.02268328
4.5850634e-06,0.12939453,2203.52,17.11,0.8648431450128555,967,9456,1.4710995,-0.00041693688,1210368,10369.638858318329,9682944,0.01525129
3.4179382e-06,0.12158203,2203.52,17.11,0.7021274864673615,966,9457,1.4945029,-0.00046946405,1210496,10370.699189186096,9683968,0.026583053
5.840616e-06,0.12646484,2200.3,17.15,0.7637128829956055,941,9458,1.3942766,-0.00054328435,1210624,10371.787919282913,9684992,0.026349755
5.1747606e-06,0.12768555,2200.3,17.15,0.7319091558456421,942,9459,1.4627604,-0.00048086717,1210752,10372.875563144684,9686016,0.038463484
4.534164e-06,0.08959961,2200.3,17.15,0.8522787690162659,938,9460,1.4657233,-0.00042305235,1210880,10373.9677131176,9687040,0.011529641
3.486645e-06,0.1652832,2200.3,17.15,0.9546846449375153,954,9461,1.5274315,-0.00064651016,1211008,10375.040813684464,9688064,0.003049786
2.5111196e-06,0.122558594,2200.3,17.15,0.8946681916713715,968,9462,1.5273054,-0.00041002358,1211136,10376.099081993103,9689088,0.008497616
3.118137e-06,0.12158203,2200.3,17.15,0.7629639208316803,967,9463,1.4853379,-0.00044574324,1211264,10377.157983541489,9690112,0.02620677
4.5304146e-06,0.15966797,2203.89,17.12,0.9097404852509499,953,9464,1.4740351,-0.0004962378,1211392,10378.233087778091,9691136,0.008786002
4.4807894e-06,0.1628418,2203.89,17.12,0.8267364799976349,961,9465,1.4216769,-0.00047700043,1211520,10379.299360752106,9692160,0.022429526
3.1246639e-06,0.15551758,2203.89,17.12,0.9052038341760635,918,9466,1.4759033,-0.00049808016,1211648,10380.415115594864,9693184,0.0094967
3.4594802e-06,0.12158203,2203.89,17.12,0.8483950346708298,924,9467,1.5142887,-0.0004095971,1211776,10381.52363395691,9694208,0.012949998
3.939754e-06,0.12133789,2203.89,17.12,0.7082456052303314,920,9468,1.5260407,-0.0004353331,1211904,10382.637023448944,9695232,0.025264446
3.618841e-06,0.13354492,2199.47,17.11,0.6436851322650909,892,9469,1.3289465,-0.00052173506,1212032,10383.785682439804,9696256,0.028211243
4.4055546e-06,0.13598633,2199.21,17.1,0.8587101399898529,951,9470,1.3865652,-0.00045868024,1212160,10384.862246274948,9697280,0.017181864
4.2986626e-06,0.15429688,2203.45,17.04,0.8547552227973938,965,9471,1.462763,-0.0004411168,1212288,10385.924064874649,9698304,0.018037578
4.1035905e-06,0.12670898,2198.57,17.06,0.8680854588747025,933,9472,1.480557,-0.0004826787,1212416,10387.021926403046,9699328,0.011628565
3.4375776e-06,0.11816406,2206.88,16.99,0.9220653846859932,948,9473,1.4864794,-0.00049373787,1212544,10388.102752447128,9700352,0.008717358
4.7228023e-06,0.19116211,2206.88,16.99,0.7463371455669403,912,9474,1.4659125,-0.00050748367,1212672,10389.225548744202,9701376,0.024293147
2.9313119e-06,0.13256836,2206.88,16.99,0.8710969835519791,904,9475,1.4847536,-0.0004354652,1212800,10390.357852458954,9702400,0.013877002
4.393787e-06,0.15283203,2206.88,16.99,0.869170218706131,904,9476,1.4506702,-0.00050556456,1212928,10391.49123764038,9703424,0.01350313
2.8231816e-06,0.14916992,2206.88,16.99,0.8305766433477402,910,9477,1.4814636,-0.00038625303,1213056,10392.616463422775,9704448,0.013003541
2.76311e-06,0.14672852,2206.88,16.99,0.7894475162029266,972,9478,1.4843585,-0.0004643849,1213184,10393.670502901077,9705472,0.022021659
3.6149027e-06,0.18164062,2206.88,16.99,0.9170500710606575,973,9479,1.5298291,-0.0005065652,1213312,10394.723177194595,9706496,0.0067860046
2.933206e-06,0.13208008,2204.08,17.01,0.911084271967411,954,9480,1.4836817,-0.00047980875,1213440,10395.79699254036,9707520,0.009391618
3.7585148e-06,0.12963867,2204.08,17.01,0.791323110461235,975,9481,1.44787,-0.00051154464,1213568,10396.847822904587,9708544,0.024558702
4.7646154e-06,0.1303711,2204.08,17.01,0.8299294859170914,966,9482,1.4500753,-0.00045882486,1213696,10397.908348560333,9709568,0.02080886
3.0154222e-06,0.1237793,2204.08,17.01,0.734898567199707,958,9483,1.472826,-0.00044135348,1213824,10398.977423667908,9710592,0.026286002
5.357809e-06,0.16918945,2204.08,17.01,0.8420537263154984,957,9484,1.4727621,-0.00052616437,1213952,10400.04803109169,9711616,0.016844088
2.6567752e-06,0.12231445,2196.49,17.09,0.7827351093292236,956,9485,1.4625413,-0.00046056128,1214080,10401.118998527527,9712640,0.019542271
2.7163915e-06,0.11303711,2195.12,17.09,0.8418255001306534,958,9486,1.441788,-0.00044520092,1214208,10402.188350439072,9713664,0.016139481
4.640022e-06,0.1706543,2197.75,17.1,0.7988852113485336,956,9487,1.4559922,-0.0005185836,1214336,10403.259794473648,9714688,0.019906145
2.6014893e-06,0.115234375,2197.75,17.1,0.8474782258272171,979,9488,1.4108355,-0.00046044454,1214464,10404.305914402008,9715712,0.021448843
2.362283e-06,0.115234375,2198.1,17.11,0.828989177942276,938,9489,1.4932313,-0.00037193875,1214592,10405.39816069603,9716736,0.012958799
2.963431e-06,0.12451172,2198.1,17.11,0.8484178632497787,948,9490,1.4740269,-0.0003948465,1214720,10406.478822231293,9717760,0.015560346
3.361951e-06,0.15478516,2195.65,17.16,0.8816894739866257,960,9491,1.4648343,-0.0004655729,1214848,10407.545991897583,9718784,0.014125878
1.7160186e-06,0.09082031,2195.65,17.16,0.7814527899026871,960,9492,1.5301,-0.00040245493,1214976,10408.613267183304,9719808,0.017664624
2.6088392e-06,0.12597656,2195.65,17.16,0.7911812216043472,969,9493,1.4474018,-0.00044192444,1215104,10409.669973373413,9720832,0.022657737
2.4293633e-06,0.13769531,2195.65,17.16,0.8114596307277679,973,9494,1.4558784,-0.00046976272,1215232,10410.723080158234,9721856,0.020955306
3.3852098e-06,0.1418457,2195.65,17.16,0.9211949557065964,966,9495,1.4937191,-0.0005252635,1215360,10411.783011198044,9722880,0.008320852
2.7848503e-06,0.1237793,2195.65,17.16,0.9005002900958061,956,9496,1.5012046,-0.00045148685,1215488,10412.85436463356,9723904,0.0070021073
2.3262485e-06,0.14257812,2195.15,17.2,0.9017303362488747,922,9497,1.5091921,-0.00044097236,1215616,10413.96498131752,9724928,0.008312444
2.4893984e-06,0.15844727,2195.15,17.2,0.9467397667467594,957,9498,1.5580106,-0.00050915754,1215744,10415.034966468811,9725952,0.0041386387
2.289452e-06,0.1328125,2195.15,17.2,0.8484218567609787,969,9499,1.4854785,-0.0003586951,1215872,10416.092401742935,9726976,0.011707129
2.893661e-06,0.17114258,2186.26,17.25,0.6620310246944427,912,9500,1.4404775,-0.00045106487,1216000,10417.215938091278,9728000,0.027925905
3.2301837e-06,0.12548828,2186.26,17.25,0.8972159773111343,978,9501,1.4359359,-0.00040262452,1216128,10418.263689041138,9729024,0.011316825
3.992727e-06,0.14013672,2179.99,17.3,0.8553144931793213,941,9502,1.4752933,-0.00047075195,1216256,10419.351536989212,9730048,0.01831813
3.4922446e-06,0.13134766,2179.09,17.29,0.8253276348114014,968,9503,1.4745009,-0.00039200348,1216384,10420.409193992615,9731072,0.02165065
2.264633e-06,0.111328125,2179.09,17.29,0.7329538762569427,956,9504,1.4788531,-0.00044604047,1216512,10421.480273008347,9732096,0.025178725
2.5403567e-06,0.09716797,2179.09,17.29,0.7219845354557037,926,9505,1.4670901,-0.00035298718,1216640,10422.586015224457,9733120,0.024402121
2.0748878e-06,0.1184082,2179.09,17.29,0.8962459936738014,898,9506,1.4455136,-0.0004234449,1216768,10423.727063655853,9734144,0.011848016
2.798398e-06,0.15942383,2181.96,17.29,0.7703501284122467,964,9507,1.493798,-0.00040115317,1216896,10424.789221048355,9735168,0.025147347
2.4728079e-06,0.15454102,2181.96,17.29,0.778003379702568,965,9508,1.467649,-0.00040969238,1217024,10425.850996732712,9736192,0.018199742
8.934517e-06,0.14331055,2180.71,17.29,0.6529060900211334,960,9509,1.4051663,-0.00037682606,1217152,10426.918051958084,9737216,0.037986018
2.3124367e-06,0.11328125,2180.71,17.29,0.8230339139699936,955,9510,1.4072008,-0.0004554866,1217280,10427.99079322815,9738240,0.021579161
2.456142e-06,0.13378906,2180.71,17.29,0.8209022879600525,966,9511,1.4918598,-0.0004368481,1217408,10429.050863981247,9739264,0.01365727
2.2783902e-06,0.12963867,2180.71,17.29,0.86485256254673,987,9512,1.4506052,-0.00045968115,1217536,10430.088349103928,9740288,0.0132817365
2.5630952e-06,0.13452148,2179.04,17.27,0.8879401087760925,942,9513,1.4957224,-0.0004024406,1217664,10431.175707578659,9741312,0.008340443
3.0325136e-06,0.19482422,2179.04,17.27,0.7809562683105469,918,9514,1.4230618,-0.00040896877,1217792,10432.291349887848,9742336,0.025865039
2.525007e-06,0.13842773,2179.04,17.27,0.7946819812059402,972,9515,1.4606504,-0.0004558046,1217920,10433.345546483994,9743360,0.016737254
2.4834674e-06,0.15454102,2179.04,17.27,0.8832797780632973,954,9516,1.472234,-0.00030835945,1218048,10434.419205188751,9744384,0.014427047
3.034552e-06,0.12841797,2183.78,17.27,0.7949132323265076,924,9517,1.427586,-0.00047139675,1218176,10435.527915239334,9745408,0.023820292
2.6946811e-06,0.13256836,2183.87,17.31,0.859923779964447,919,9518,1.4369382,-0.0004432622,1218304,10436.641899585724,9746432,0.015797433
1.6051441e-06,0.12036133,2183.87,17.31,0.9334587976336479,934,9519,1.5200429,-0.00042005384,1218432,10437.738806247711,9747456,0.005504323
1.9391457e-06,0.12719727,2184.28,17.29,0.8518397659063339,884,9520,1.4775229,-0.00036852798,1218560,10438.897547245026,9748480,0.015068148
2.0263537e-06,0.14794922,2189.02,17.27,0.814429834485054,936,9521,1.4194144,-0.00045276055,1218688,10439.992218494415,9749504,0.023051942
2.9800349e-06,0.15307617,2189.02,17.27,0.9273292273283005,956,9522,1.4613292,-0.00046827752,1218816,10441.064313173294,9750528,0.010080374
3.0172612e-06,0.17041016,2195.96,17.21,0.8147996664047241,952,9523,1.3665097,-0.00047020987,1218944,10442.139794826508,9751552,0.02401463
1.980743e-06,0.12133789,2195.96,17.21,0.7587011158466339,963,9524,1.4574181,-0.0003868327,1219072,10443.203016757965,9752576,0.028317535
2.2991221e-06,0.12841797,2195.96,17.21,0.875401072204113,980,9525,1.4483122,-0.00038637512,1219200,10444.24770951271,9753600,0.0130653
1.8981485e-06,0.13305664,2195.96,17.21,0.888001337647438,955,9526,1.5488577,-0.0003362847,1219328,10445.320053577423,9754624,0.0066481847
1.8267784e-06,0.12182617,2195.96,17.21,0.875398114323616,962,9527,1.4913437,-0.00035066786,1219456,10446.384546995163,9755648,0.008293668
2.0605853e-06,0.11279297,2196.33,17.21,0.8871522024273872,946,9528,1.4925882,-0.0003121355,1219584,10447.467419147491,9756672,0.009111678
3.0569604e-06,0.13769531,2198.8,17.19,0.8277789503335953,944,9529,1.532488,-0.00039407978,1219712,10448.551889896393,9757696,0.01284851
2.9148932e-06,0.15649414,2198.8,17.19,0.7693850100040436,967,9530,1.414246,-0.00040116586,1219840,10449.610790491104,9758720,0.031489715
2.885173e-06,0.14526367,2198.8,17.19,0.8341084867715836,971,9531,1.4140354,-0.00041087938,1219968,10450.665305614471,9759744,0.02309646
2.2052893e-06,0.1652832,2195.33,17.22,0.74698805809021,947,9532,1.4976269,-0.0003516257,1220096,10451.747168540955,9760768,0.017784385
2.4665012e-06,0.12402344,2195.33,17.22,0.817090168595314,968,9533,1.4526783,-0.00036457813,1220224,10452.805531263351,9761792,0.017439434
1.7772095e-06,0.115234375,2195.33,17.22,0.7121911942958832,951,9534,1.4043325,-0.00038267038,1220352,10453.882007837296,9762816,0.03278644
3.3988651e-06,0.13623047,2195.33,17.22,0.8058484792709351,964,9535,1.4015151,-0.0003813311,1220480,10454.944772005081,9763840,0.023589117
2.5515658e-06,0.12841797,2188.16,17.25,0.774773120880127,939,9536,1.4219136,-0.0003165888,1220608,10456.035408735275,9764864,0.024966007
2.3921543e-06,0.10595703,2188.16,17.25,0.8884211704134941,973,9537,1.4226878,-0.0003599631,1220736,10457.08808708191,9765888,0.013262108
2.5363443e-06,0.18066406,2184.38,17.3,0.8813302293419838,974,9538,1.5138146,-0.00043810293,1220864,10458.139933109283,9766912,0.011744657
2.1142796e-06,0.123046875,2181.79,17.32,0.7092469334602356,956,9539,1.4880247,-0.00036706662,1220992,10459.211387395859,9767936,0.029392004
2.6697744e-06,0.16455078,2181.79,17.32,0.8381593078374863,974,9540,1.4158611,-0.00038988492,1221120,10460.263133764267,9768960,0.019166294
2.3891394e-06,0.14672852,2182.55,17.29,0.8529919534921646,960,9541,1.5000253,-0.00030121196,1221248,10461.330456256866,9769984,0.011572584
1.5463718e-06,0.15307617,2182.55,17.29,0.8875251784920692,966,9542,1.5221374,-0.00032497125,1221376,10462.390867948532,9771008,0.0067749517
1.6252511e-06,0.12866211,2182.55,17.29,0.8381624072790146,967,9543,1.4468708,-0.0003383324,1221504,10463.449818134308,9772032,0.01625006
2.168218e-06,0.14624023,2182.55,17.29,0.8827663213014603,961,9544,1.4882214,-0.0004073257,1221632,10464.515395879745,9773056,0.011688532
1.900762e-06,0.11401367,2182.55,17.29,0.8225808441638947,971,9545,1.4245536,-0.0003353607,1221760,10465.57021689415,9774080,0.019997844
3.685081e-06,0.15283203,2188.05,17.23,0.821157917380333,954,9546,1.324533,-0.00039208608,1221888,10466.643794298172,9775104,0.03149684
1.9001377e-06,0.12768555,2188.05,17.23,0.8815400749444962,964,9547,1.4843677,-0.00040594814,1222016,10467.70581150055,9776128,0.013174854
2.9308167e-06,0.14331055,2189.11,17.24,0.8696497976779938,957,9548,1.4290957,-0.0003816487,1222144,10468.776194095612,9777152,0.01598924
2.3764665e-06,0.17211914,2189.11,17.24,0.873681053519249,971,9549,1.479757,-0.0003963526,1222272,10469.830743551254,9778176,0.016659599
1.5027442e-06,0.10961914,2189.11,17.24,0.8189431428909302,967,9550,1.4817886,-0.0003551542,1222400,10470.8898665905,9779200,0.0168391
1.8186282e-06,0.1496582,2190.86,17.21,0.9118135794997215,911,9551,1.4851832,-0.00039297302,1222528,10472.013556480408,9780224,0.006996281
1.5442653e-06,0.12158203,2190.86,17.21,0.9051048383116722,911,9552,1.4513714,-0.00032177338,1222656,10473.137219667435,9781248,0.01203054
2.2129595e-06,0.12963867,2190.86,17.21,0.9129127189517021,907,9553,1.4673953,-0.0003572225,1222784,10474.265772104263,9782272,0.0077421996
1.7503627e-06,0.16821289,2190.86,17.21,0.8337951004505157,974,9554,1.4798981,-0.00035768677,1222912,10475.317027568817,9783296,0.013478618
3.5788512e-06,0.1352539,2188.06,17.19,0.7841569930315018,951,9555,1.4410524,-0.0003264582,1223040,10476.39442539215,9784320,0.020799987
2.2233348e-06,0.13671875,2191.78,17.14,0.7534245252609253,956,9556,1.420405,-0.00031351487,1223168,10477.465276241302,9785344,0.025334682
1.8353762e-06,0.13500977,2191.78,17.14,0.9258414804935455,972,9557,1.5062824,-0.0003507196,1223296,10478.518678665161,9786368,0.0074105673
2.0631678e-06,0.16235352,2191.78,17.14,0.8766984418034554,959,9558,1.4708903,-0.00030099048,1223424,10479.586579322815,9787392,0.0097220065
1.659907e-06,0.13842773,2191.78,17.14,0.7419083714485168,978,9559,1.4428221,-0.00034568633,1223552,10480.634206533432,9788416,0.025538083
2.1238404e-06,0.11645508,2184.18,17.2,0.8767790496349335,957,9560,1.4554559,-0.0003519666,1223680,10481.704663276672,9789440,0.015877463
1.5686626e-06,0.11279297,2184.18,17.2,0.8829536288976669,981,9561,1.497492,-0.00031128293,1223808,10482.748563528061,9790464,0.01213857
2.3235325e-06,0.15356445,2184.18,17.2,0.7823111414909363,972,9562,1.521415,-0.00033305289,1223936,10483.802260875702,9791488,0.017076632
1.7636473e-06,0.15722656,2185.67,17.18,0.9048744812607765,966,9563,1.4823078,-0.0003388245,1224064,10484.86266207695,9792512,0.011213524
1.3232294e-06,0.107910156,2185.67,17.18,0.8996923342347145,961,9564,1.493076,-0.0003148622,1224192,10485.928017377853,9793536,0.010405062
1.1963696e-06,0.10498047,2185.67,17.18,0.7769886255264282,962,9565,1.4471326,-0.0002806659,1224320,10486.993195295334,9794560,0.018651135
1.7139884e-06,0.14575195,2185.67,17.18,0.8958359137177467,956,9566,1.4754857,-0.00033096207,1224448,10488.064470291138,9795584,0.0113203805
1.8623748e-06,0.14355469,2182.39,17.2,0.8761331588029861,924,9567,1.4850736,-0.00036194045,1224576,10489.173585653305,9796608,0.012307832
1.3795755e-06,0.1496582,2182.63,17.21,0.829378291964531,961,9568,1.4618467,-0.00030755758,1224704,10490.239133119583,9797632,0.011275247
1.5979704e-06,0.12963867,2184.68,17.21,0.9253612533211708,964,9569,1.5120072,-0.00035779644,1224832,10491.30211353302,9798656,0.0072359154
1.4653266e-06,0.15625,2183.07,17.23,0.8819635435938835,957,9570,1.4857497,-0.00029922457,1224960,10492.371754407883,9799680,0.008231595
1.9078852e-06,0.123046875,2185.77,17.23,0.856570839881897,958,9571,1.4300863,-0.00031258768,1225088,10493.441304445267,9800704,0.015808797
1.3237053e-06,0.13500977,2188.95,17.21,0.8066759556531906,944,9572,1.4764068,-0.00026926398,1225216,10494.526356697083,9801728,0.024781255
1.7212071e-06,0.11743164,2188.95,17.21,0.8877621591091156,978,9573,1.4595972,-0.0002795984,1225344,10495.57348036766,9802752,0.01124063
1.6355244e-06,0.16723633,2188.95,17.21,0.8017214387655258,966,9574,1.4740562,-0.0002664383,1225472,10496.63423204422,9803776,0.013782114
1.3998101e-06,0.118896484,2188.95,17.21,0.9276708588004112,974,9575,1.4991841,-0.0002673851,1225600,10497.68545460701,9804800,0.00642205
1.3508397e-06,0.13769531,2188.95,17.21,0.855955570936203,972,9576,1.4805328,-0.0002923851,1225728,10498.739167690277,9805824,0.014783672
1.6700658e-06,0.17114258,2188.95,17.21,0.81859490275383,987,9577,1.4622018,-0.00032296276,1225856,10499.777731895447,9806848,0.018260013
1.3863616e-06,0.12841797,2188.95,17.21,0.8150982558727264,955,9578,1.474159,-0.00030220393,1225984,10500.85016298294,9807872,0.019320648
1.1416381e-06,0.13769531,2188.95,17.21,0.8737276792526245,960,9579,1.5059303,-0.00032502657,1226112,10501.91736626625,9808896,0.0103208525
1.2184036e-06,0.13769531,2188.95,17.21,0.8218963295221329,930,9580,1.4774052,-0.00028533192,1226240,10503.018891572952,9809920,0.014813389
1.325505e-06,0.15795898,2199.34,17.14,0.8886197581887245,909,9581,1.5209856,-0.00030696832,1226368,10504.145717382431,9810944,0.007707349
1.5294526e-06,0.16113281,2199.34,17.14,0.8528335392475128,926,9582,1.418942,-0.00032250767,1226496,10505.251352787018,9811968,0.022471558
1.1848093e-06,0.14257812,2196.39,17.17,0.8107903301715851,896,9583,1.4219868,-0.00029236104,1226624,10506.3948366642,9812992,0.01924802
1.3712294e-06,0.10424805,2194.34,17.19,0.8875085040926933,882,9584,1.4877214,-0.0003379337,1226752,10507.556276321411,9814016,0.013059902
1.3752458e-06,0.15600586,2189.38,17.19,0.9014711976051331,912,9585,1.5127835,-0.00028771494,1226880,10508.678645849228,9815040,0.008343202
1.1036719e-06,0.11254883,2184.38,17.24,0.8032535910606384,909,9586,1.4094405,-0.00025624325,1227008,10509.805278301239,9816064,0.01826051
1.4118237e-06,0.123291016,2184.03,17.24,0.7823622077703476,911,9587,1.4633777,-0.00027580094,1227136,10510.929012298584,9817088,0.023467148
1.5515144e-06,0.14624023,2184.03,17.24,0.8923230469226837,960,9588,1.466483,-0.00031461834,1227264,10511.9956741333,9818112,0.013795929
1.6454774e-06,0.15917969,2184.03,17.24,0.8736603856086731,966,9589,1.4934447,-0.00027711855,1227392,10513.055481910706,9819136,0.010791041
9.2112975e-07,0.12597656,2184.03,17.24,0.7632578462362289,956,9590,1.5127693,-0.00028119842,1227520,10514.126585483551,9820160,0.016886355
1.0941059e-06,0.10498047,2184.03,17.24,0.892842210829258,966,9591,1.4587871,-0.00024531985,1227648,10515.186498641968,9821184,0.013309659
1.3066983e-06,0.14038086,2184.03,17.24,0.8259041458368301,968,9592,1.4409031,-0.0002901065,1227776,10516.244460821152,9822208,0.016550533
1.7325802e-06,0.13305664,2184.03,17.24,0.7667792439460754,975,9593,1.4938643,-0.00023034235,1227904,10517.295373439789,9823232,0.018060796
1.0232513e-06,0.13208008,2184.03,17.24,0.7883698046207428,965,9594,1.4625547,-0.00026845487,1228032,10518.35722565651,9824256,0.026653998
1.1715084e-06,0.16308594,2184.03,17.24,0.9107165709137917,963,9595,1.4453526,-0.0003216533,1228160,10519.42026257515,9825280,0.009438304
1.1542713e-06,0.100097656,2184.03,17.24,0.8428423851728439,974,9596,1.5008572,-0.00024994928,1228288,10520.471842050552,9826304,0.014858937
8.98318e-07,0.12915039,2181.16,17.24,0.7699220478534698,957,9597,1.5153803,-0.00024825032,1228416,10521.542008161545,9827328,0.015965486
9.880164e-07,0.111328125,2179.86,17.24,0.6887563765048981,950,9598,1.413113,-0.00023271679,1228544,10522.619526386261,9828352,0.02561861
9.955169e-07,0.1472168,2176.71,17.25,0.809041753411293,953,9599,1.4201405,-0.00026522693,1228672,10523.694773674011,9829376,0.017749898
7.1302236e-07,0.118652344,2182.5,17.21,0.7829696536064148,960,9600,1.4919643,-0.00022319568,1228800,10524.762084722519,9830400,0.01678591
1.3895811e-06,0.12817383,2182.5,17.21,0.9128606021404266,979,9601,1.3920827,-0.00028318688,1228928,10525.808218479156,9831424,0.011516225
1.433423e-06,0.12695312,2183.65,17.2,0.8563330918550491,957,9602,1.4509974,-0.00026789014,1229056,10526.878824710846,9832448,0.015503237
1.2823762e-06,0.111816406,2183.65,17.2,0.7317023873329163,970,9603,1.5161749,-0.0002341946,1229184,10527.934336423874,9833472,0.018153671
7.632752e-07,0.11425781,2183.65,17.2,0.9408161640167236,956,9604,1.5057911,-0.00022551566,1229312,10529.005113840103,9834496,0.004909865
1.0605083e-06,0.111083984,2187.64,17.19,0.8212371170520782,953,9605,1.472514,-0.00023855056,1229440,10530.07974100113,9835520,0.01759625
1.0292123e-06,0.1171875,2187.64,17.19,0.8116276860237122,947,9606,1.49836,-0.00023920817,1229568,10531.161011457443,9836544,0.01285091
9.747115e-07,0.12695312,2187.64,17.19,0.8316666185855865,922,9607,1.490332,-0.00022677495,1229696,10532.27199459076,9837568,0.020104866
1.0272813e-06,0.11376953,2196.05,17.15,0.891998328268528,896,9608,1.3448124,-0.0002513656,1229824,10533.414911031723,9838592,0.016297199
1.2036846e-06,0.18066406,2196.05,17.15,0.8905627429485321,900,9609,1.5419698,-0.00031301755,1229952,10534.55249595642,9839616,0.009577338
1.2537511e-06,0.13964844,2196.05,17.15,0.7387263178825378,897,9610,1.4334143,-0.0002191992,1230080,10535.694005012512,9840640,0.028412161
8.069017e-07,0.115234375,2196.05,17.15,0.8905628025531769,967,9611,1.5189102,-0.0002395288,1230208,10536.752989053726,9841664,0.009624642
7.784562e-07,0.13500977,2190.52,17.17,0.8840170651674271,958,9612,1.4862131,-0.0002385446,1230336,10537.822210788727,9842688,0.008056799
1.0336382e-06,0.12133789,2183.14,17.23,0.7512795776128769,956,9613,1.4324484,-0.0002929708,1230464,10538.893391132355,9843712,0.019910043
6.685862e-07,0.11010742,2183.14,17.23,0.7992566674947739,965,9614,1.4439011,-0.00022420796,1230592,10539.954603433609,9844736,0.021249205
6.0863437e-07,0.13110352,2183.14,17.23,0.9557713828980923,940,9615,1.5402899,-0.00029301865,1230720,10541.044439792633,9845760,0.002873743
7.6307657e-07,0.11206055,2172.09,17.32,0.8357945084571838,946,9616,1.5007988,-0.00021853208,1230848,10542.12684392929,9846784,0.013137592
7.3552883e-07,0.13720703,2172.09,17.32,0.8423878401517868,929,9617,1.4736942,-0.00025091655,1230976,10543.228881597519,9847808,0.020990487
9.288022e-07,0.11206055,2169.19,17.36,0.821760892868042,889,9618,1.4392003,-0.00023634284,1231104,10544.38126039505,9848832,0.024083955
8.9632425e-07,0.15112305,2166.58,17.39,0.8713174164295197,923,9619,1.4681046,-0.00026197225,1231232,10545.491098880768,9849856,0.011544724
8.3822454e-07,0.123046875,2166.58,17.39,0.8186678737401962,961,9620,1.4547427,-0.00026475487,1231360,10546.557156085968,9850880,0.019377202
9.4266034e-07,0.1159668,2166.58,17.39,0.8043496459722519,969,9621,1.4614466,-0.00025086658,1231488,10547.613780975342,9851904,0.022360334
1.0544875e-06,0.14916992,2164.26,17.41,0.7456256151199341,946,9622,1.4613326,-0.00025536137,1231616,10548.696760177612,9852928,0.027155502
8.808914e-07,0.12939453,2164.26,17.41,0.7763916999101639,978,9623,1.5029846,-0.000193507,1231744,10549.74443101883,9853952,0.012730448
1.1605129e-06,0.1418457,2168.71,17.38,0.830341637134552,966,9624,1.4516822,-0.00022516263,1231872,10550.805105924606,9854976,0.018010117
5.9093566e-07,0.11352539,2168.71,17.38,0.8063889890909195,978,9625,1.4292101,-0.00022791683,1232000,10551.85281252861,9856000,0.025615998
7.834748e-07,0.13769531,2168.71,17.38,0.829432025551796,953,9626,1.3727953,-0.00024241657,1232128,10552.927098751068,9857024,0.020802218
7.70586e-07,0.11621094,2168.71,17.38,0.7883941978216171,924,9627,1.5151948,-0.0002023255,1232256,10554.035461187363,9858048,0.0151478
7.1501904e-07,0.14941406,2170.95,17.36,0.8245457857847214,896,9628,1.4658899,-0.0002523992,1232384,10555.178657054901,9859072,0.022889156
7.093922e-07,0.13598633,2170.95,17.36,0.8480333983898163,978,9629,1.3962984,-0.00024950807,1232512,10556.225552558899,9860096,0.018559815
1.052525e-06,0.1459961,2162.14,17.46,0.9144273176789284,951,9630,1.4698782,-0.00025957805,1232640,10557.30226635933,9861120,0.008679721
8.440456e-07,0.12084961,2166.04,17.4,0.8872086182236671,970,9631,1.4874847,-0.00022439934,1232768,10558.358487844467,9862144,0.011005031
7.703477e-07,0.13134766,2166.04,17.4,0.8625685274600983,956,9632,1.4290116,-0.00022851944,1232896,10559.429759979248,9863168,0.015756885
5.23338e-07,0.111572266,2166.04,17.4,0.8105777502059937,968,9633,1.4780577,-0.00019437756,1233024,10560.487963676453,9864192,0.020712765
6.9413727e-07,0.13378906,2166.04,17.4,0.8788745924830437,906,9634,1.4506264,-0.0002394375,1233152,10561.6183385849,9865216,0.014673905
6.782499e-07,0.12060547,2167.72,17.39,0.8968355357646942,895,9635,1.526444,-0.000211125,1233280,10562.762073278427,9866240,0.009778114
5.2749897e-07,0.11987305,2167.72,17.39,0.8405492007732391,904,9636,1.514625,-0.0002127334,1233408,10563.895324230194,9867264,0.015352225
9.660587e-07,0.17993164,2167.72,17.39,0.8230292946100235,931,9637,1.4253031,-0.0001968348,1233536,10564.995891571045,9868288,0.020770134
4.4545257e-07,0.12646484,2167.72,17.39,0.8389530926942825,957,9638,1.5386733,-0.00018647005,1233664,10566.065923213959,9869312,0.011141058
8.4597036e-07,0.1171875,2165.81,17.39,0.7907372564077377,926,9639,1.4301246,-0.0001728833,1233792,10567.172354221344,9870336,0.019131407
6.577114e-07,0.14624023,2165.81,17.39,0.7587818056344986,959,9640,1.4231666,-0.00021425917,1233920,10568.24008321762,9871360,0.035471763
6.522525e-07,0.15405273,2165.81,17.39,0.8954580798745155,976,9641,1.4868567,-0.00022334821,1234048,10569.289415597916,9872384,0.012276347
6.147408e-07,0.15527344,2165.81,17.39,0.8817444518208504,970,9642,1.4625506,-0.00020976449,1234176,10570.345287799835,9873408,0.011411674
6.8510894e-07,0.125,2166.13,17.4,0.82086181640625,938,9643,1.4555545,-0.00020706636,1234304,10571.43680524826,9874432,0.01822222
6.415122e-07,0.16552734,2166.66,17.38,0.7817396521568298,939,9644,1.4489417,-0.00022170544,1234432,10572.52711725235,9875456,0.024349922
7.291692e-07,0.15551758,2166.66,17.38,0.8072635382413864,970,9645,1.3678069,-0.00022402863,1234560,10573.582839250565,9876480,0.02445505
5.8419715e-07,0.125,2166.66,17.38,0.9404470585286617,965,9646,1.5157412,-0.00020152867,1234688,10574.643972873688,9877504,0.004767406
5.0679944e-07,0.15893555,2165.79,17.41,0.8672731220722198,938,9647,1.5073922,-0.00021420198,1234816,10575.735540390015,9878528,0.008438388
4.90284e-07,0.13867188,2165.79,17.41,0.9205145090818405,957,9648,1.5395486,-0.00019409957,1234944,10576.805347204208,9879552,0.006564514
7.0102874e-07,0.11303711,2165.79,17.41,0.7146702706813812,962,9649,1.4828163,-0.00019790311,1235072,10577.87044429779,9880576,0.029162688
4.890851e-07,0.119628906,2167.66,17.41,0.7464249134063721,914,9650,1.3679708,-0.0001805195,1235200,10578.991045713425,9881600,0.029622568
4.314814e-07,0.109375,2167.66,17.41,0.8321651071310043,926,9651,1.4792376,-0.00018981937,1235328,10580.096563577652,9882624,0.021907387
4.5509665e-07,0.13867188,2164.56,17.45,0.8652812391519547,891,9652,1.4971862,-0.00019983388,1235456,10581.246279001236,9883648,0.01169447
5.6648764e-07,0.17041016,2164.56,17.45,0.9305412471294403,973,9653,1.5043209,-0.00021959122,1235584,10582.298375368118,9884672,0.0078000077
5.3244315e-07,0.15795898,2164.56,17.45,0.8694362044334412,962,9654,1.4535677,-0.00019634998,1235712,10583.363477945328,9885696,0.017064165
5.0916526e-07,0.13549805,2166.33,17.46,0.8169092684984207,961,9655,1.425782,-0.00017599214,1235840,10584.42923784256,9886720,0.018504208
3.420052e-07,0.11694336,2166.33,17.46,0.7820322960615158,961,9656,1.506971,-0.00017850337,1235968,10585.495397567749,9887744,0.023211842
5.1497904e-07,0.12475586,2172.05,17.4,0.7634168267250061,962,9657,1.4210337,-0.00020530933,1236096,10586.559554815292,9888768,0.026650557
3.6210514e-07,0.11743164,2172.05,17.4,0.8627740293741226,946,9658,1.5034359,-0.00014405011,1236224,10587.64198231697,9889792,0.00907713
5.9966186e-07,0.13330078,2172.05,17.4,0.9458300918340683,967,9659,1.5078392,-0.00016541735,1236352,10588.700661182404,9890816,0.0048898407
4.5701756e-07,0.1472168,2172.05,17.4,0.7630251049995422,962,9660,1.4622399,-0.00016719828,1236480,10589.76532793045,9891840,0.031158905
4.924075e-07,0.13012695,2172.05,17.4,0.902082771062851,974,9661,1.4131924,-0.00018956742,1236608,10590.817033052444,9892864,0.010179625
3.9507356e-07,0.118652344,2172.05,17.4,0.8034029006958008,955,9662,1.4378537,-0.00014191761,1236736,10591.89040350914,9893888,0.028650811
3.6038784e-07,0.1352539,2167.64,17.38,0.9230348095297813,959,9663,1.4829973,-0.00018763146,1236864,10592.958840608597,9894912,0.0080787325
4.9389234e-07,0.15039062,2167.69,17.46,0.8411626517772675,936,9664,1.4312525,-0.00019161304,1236992,10594.05344080925,9895936,0.015637882
4.7624957e-07,0.14086914,2167.69,17.46,0.8382503986358643,966,9665,1.3823649,-0.00016740337,1237120,10595.113206386566,9896960,0.024493348
2.9398467e-07,0.10888672,2167.69,17.46,0.7984595596790314,958,9666,1.4466817,-0.0001612482,1237248,10596.18212556839,9897984,0.019304767
4.3128108e-07,0.1496582,2167.69,17.46,0.8628269135951996,961,9667,1.4126428,-0.00017880605,1237376,10597.248439073563,9899008,0.021289032
3.4902877e-07,0.16699219,2156.68,17.55,0.8559142798185349,960,9668,1.4916066,-0.00014000814,1237504,10598.315428495407,9900032,0.010084723
4.2051718e-07,0.1574707,2152.33,17.58,0.8877008557319641,950,9669,1.4646043,-0.0001607943,1237632,10599.393028974533,9901056,0.012083872
3.0921308e-07,0.13671875,2146.83,17.63,0.833133339881897,957,9670,1.4300395,-0.00015189964,1237760,10600.462932348251,9902080,0.017358163
5.9497404e-07,0.15673828,2146.83,17.63,0.7201145589351654,969,9671,1.3194355,-0.00016562577,1237888,10601.519419670105,9903104,0.04145817
2.497649e-07,0.11328125,2146.83,17.63,0.8188987821340561,966,9672,1.5419862,-0.00012211225,1238016,10602.580018520355,9904128,0.011930962
2.7018118e-07,0.14941406,2146.83,17.63,0.9489206187427044,947,9673,1.5242717,-0.00015464096,1238144,10603.661732196808,9905152,0.0032777837
3.7779577e-07,0.1809082,2146.83,17.63,0.9037098363041878,949,9674,1.517691,-0.0001632976,1238272,10604.741016626358,9906176,0.0063703274
2.9274912e-07,0.13452148,2146.83,17.63,0.8705494850873947,963,9675,1.4748278,-0.00016243456,1238400,10605.804915428162,9907200,0.01669497
3.3174913e-07,0.107421875,2146.83,17.63,0.7398656904697418,958,9676,1.4534223,-0.00012376059,1238528,10606.873706102371,9908224,0.01808578
4.851437e-07,0.13354492,2146.83,17.63,0.8640953898429871,970,9677,1.494257,-0.00014139636,1238656,10607.929856777191,9909248,0.01394785
4.3120974e-07,0.19165039,2146.83,17.63,0.8415818065404892,925,9678,1.4949622,-0.00012294599,1238784,10609.036632537842,9910272,0.016820211
2.4693625e-07,0.14013672,2146.83,17.63,0.8421900570392609,901,9679,1.4983242,-0.00015325891,1238912,10610.173316955566,9911296,0.011663521
2.9092294e-07,0.12890625,2144.2,17.68,0.8538869619369507,882,9680,1.4724662,-0.00013632429,1239040,10611.33473610878,9912320,0.009780812
2.4050178e-07,0.12817383,2143.06,17.7,0.8689589500427246,961,9681,1.4529651,-0.00013918684,1239168,10612.400257349014,9913344,0.013293358
2.5945354e-07,0.13256836,2143.06,17.7,0.7617039829492569,966,9682,1.3876258,-0.0001373759,1239296,10613.46078824997,9914368,0.02595048
3.2806642e-07,0.12597656,2143.16,17.71,0.7409713864326477,951,9683,1.4120021,-0.00013124847,1239424,10614.537791490555,9915392,0.026757719
3.0764485e-07,0.13452148,2143.16,17.71,0.7731529921293259,939,9684,1.4391685,-0.00013472541,1239552,10615.629014492035,9916416,0.02081453
2.629958e-07,0.13647461,2138.65,17.74,0.9129137024283409,936,9685,1.4344552,-0.00012773243,1239680,10616.723437547684,9917440,0.009464066
2.473807e-07,0.12719727,2138.65,17.74,0.8501715064048767,959,9686,1.4329331,-0.00011200072,1239808,10617.790863275528,9918464,0.013178907
2.206136e-07,0.12109375,2138.65,17.74,0.8665365874767303,969,9687,1.4634321,-0.00012605639,1239936,10618.848726511002,9919488,0.012399799
2.0738042e-07,0.11987305,2138.65,17.74,0.7775430083274841,973,9688,1.5277541,-0.000110596375,1240064,10619.901672363281,9920512,0.021516921
2.446984e-07,0.10424805,2138.65,17.74,0.8122693747282028,966,9689,1.4655871,-0.000106969004,1240192,10620.961757421494,9921536,0.021125218
2.2147063e-07,0.111572266,2143.8,17.72,0.8545112460851669,943,9690,1.4648778,-0.000109290006,1240320,10622.047985553741,9922560,0.012775628
2.1821928e-07,0.14428711,2152.81,17.63,0.9340307042002678,911,9691,1.4684266,-0.00013248979,1240448,10623.171957492828,9923584,0.0059855487
1.9890324e-07,0.14135742,2152.81,17.63,0.8460414856672287,954,9692,1.4929336,-0.0001196026,1240576,10624.245020389557,9924608,0.012666546
2.3031518e-07,0.16430664,2148.76,17.67,0.8117547184228897,961,9693,1.4893384,-0.00010892474,1240704,10625.310863494873,9925632,0.016820397
2.170538e-07,0.122558594,2148.76,17.67,0.861709713935852,968,9694,1.4372497,-0.00010911559,1240832,10626.369222402573,9926656,0.014147546
2.0093478e-07,0.12573242,2148.76,17.67,0.8244774490594864,974,9695,1.429904,-0.00011755215,1240960,10627.420614480972,9927680,0.02141863
1.7460813e-07,0.12402344,2148.76,17.67,0.8861744105815887,945,9696,1.4675002,-0.00014208537,1241088,10628.5047519207,9928704,0.0119875325
2.2376473e-07,0.1472168,2153.22,17.65,0.8780171945691109,938,9697,1.5007957,-0.0001177075,1241216,10629.596452236176,9929728,0.010739285
1.905467e-07,0.1394043,2152.73,17.66,0.7976459413766861,946,9698,1.4067277,-0.00011799426,1241344,10630.679550886154,9930752,0.022258095
1.4281868e-07,0.1171875,2156.33,17.62,0.8144940137863159,953,9699,1.4343852,-9.735441e-05,1241472,10631.75415301323,9931776,0.017121397
2.0942863e-07,0.114746094,2148.17,17.67,0.9221729338169098,957,9700,1.4306273,-9.257432e-05,1241600,10632.824243068695,9932800,0.010241297
1.2524619e-07,0.13500977,2148.17,17.67,0.9193301424384117,978,9701,1.4939419,-0.00012366251,1241728,10633.872057199478,9933824,0.009971906
1.4838702e-07,0.13867188,2148.17,17.67,0.8988340273499489,954,9702,1.5125465,-0.00011391453,1241856,10634.945479869843,9934848,0.008268628
2.4005809e-07,0.14794922,2148.17,17.67,0.8673859983682632,926,9703,1.47992,-9.237525e-05,1241984,10636.051448583603,9935872,0.009974988
1.5465078e-07,0.14526367,2148.17,17.67,0.8431099504232407,957,9704,1.4650748,-0.000103884726,1242112,10637.121389865875,9936896,0.015946764
1.258048e-07,0.12060547,2148.17,17.67,0.8544655591249466,971,9705,1.530693,-9.3809045e-05,1242240,10638.176738500595,9937920,0.009429605
1.2790252e-07,0.13549805,2146.54,17.68,0.7356263399124146,946,9706,1.5087124,-9.052674e-05,1242368,10639.259420394897,9938944,0.019410891
1.7101435e-07,0.15405273,2150.22,17.69,0.900123618543148,907,9707,1.4232007,-0.000100872014,1242496,10640.38864326477,9939968,0.013382194
1.5470032e-07,0.15795898,2149.98,17.71,0.8644408881664276,888,9708,1.522304,-8.8217465e-05,1242624,10641.541804075241,9940992,0.00865308
1.3494868e-07,0.12011719,2149.98,17.71,0.80539670586586,968,9709,1.4764173,-9.2001166e-05,1242752,10642.599621295929,9942016,0.016928194
1.1918641e-07,0.12866211,2147.49,17.74,0.85039883852005,952,9710,1.4672546,-9.223865e-05,1242880,10643.67539525032,9943040,0.0133206835
1.2449397e-07,0.11767578,2147.49,17.74,0.875211775302887,988,9711,1.449954,-7.316031e-05,1243008,10644.712598323822,9944064,0.010207525
1.7158754e-07,0.19897461,2147.49,17.74,0.7486386895179749,959,9712,1.4027542,-9.441111e-05,1243136,10645.780871629715,9945088,0.031839192
1.3412217e-07,0.15600586,2147.49,17.74,0.721784770488739,974,9713,1.3750103,-0.00010003825,1243264,10646.832449913025,9946112,0.029845892
1.2154376e-07,0.107421875,2146.92,17.72,0.8529519289731979,960,9714,1.4774727,-9.222666e-05,1243392,10647.899049043655,9947136,0.013488854
1.14386786e-07,0.12207031,2146.92,17.72,0.8144350349903107,970,9715,1.4889507,-7.2573996e-05,1243520,10648.954808235168,9948160,0.015907992
1.1953483e-07,0.1237793,2146.92,17.72,0.8440130650997162,944,9716,1.5098081,-6.590609e-05,1243648,10650.040748119354,9949184,0.016838273
9.0907e-08,0.14575195,2152.02,17.67,0.8535055369138718,928,9717,1.4609189,-8.491571e-05,1243776,10651.144892454147,9950208,0.013160369
8.304028e-08,0.10986328,2151.73,17.68,0.8691536337137222,908,9718,1.4524989,-7.535904e-05,1243904,10652.27230501175,9951232,0.01876788
7.6492526e-08,0.10839844,2151.73,17.68,0.7952193766832352,961,9719,1.4053079,-7.989115e-05,1244032,10653.337734937668,9952256,0.019788915
6.250318e-08,0.14282227,2151.73,17.68,0.876111663877964,964,9720,1.5227637,-7.215855e-05,1244160,10654.400508403778,9953280,0.0074627697
7.338592e-08,0.12866211,2151.73,17.68,0.8500387817621231,943,9721,1.5171955,-7.846751e-05,1244288,10655.487066984177,9954304,0.01646484
9.789407e-08,0.14575195,2151.73,17.68,0.8645555824041367,914,9722,1.4971739,-6.409161e-05,1244416,10656.60814332962,9955328,0.01256789
7.980728e-08,0.12597656,2148.24,17.71,0.8745253086090088,934,9723,1.475702,-6.837895e-05,1244544,10657.704959869385,9956352,0.0133997705
5.8150697e-08,0.111083984,2148.24,17.71,0.7207291722297668,950,9724,1.5029366,-5.8624995e-05,1244672,10658.783035516739,9957376,0.023061309
6.6983844e-08,0.11450195,2145.42,17.74,0.7422026991844177,886,9725,1.4258956,-6.76607e-05,1244800,10659.93891119957,9958400,0.02512499
6.917912e-08,0.122558594,2145.42,17.74,0.8428652286529541,909,9726,1.5332528,-5.1249837e-05,1244928,10661.066296815872,9959424,0.011218194
5.92858e-08,0.14282227,2145.42,17.74,0.7978569567203522,965,9727,1.4298656,-5.9159298e-05,1245056,10662.127646684647,9960448,0.020735735
6.503501e-08,0.16552734,2145.42,17.74,0.789820060133934,937,9728,1.4991752,-5.142267e-05,1245184,10663.220829486847,9961472,0.019274484
6.573586e-08,0.1459961,2140.38,17.77,0.8367766886949539,895,9729,1.3924786,-6.2156585e-05,1245312,10664.365410804749,9962496,0.020549843
5.015535e-08,0.12841797,2140.38,17.77,0.8666141927242279,920,9730,1.4316456,-6.147698e-05,1245440,10665.478827476501,9963520,0.017993165
3.7429317e-08,0.12646484,2140.38,17.77,0.8493667095899582,965,9731,1.4933107,-6.094924e-05,1245568,10666.54061961174,9964544,0.0148411775
4.9985964e-08,0.14355469,2140.38,17.77,0.7154586315155029,914,9732,1.4773886,-5.0853887e-05,1245696,10667.660737037659,9965568,0.018915102
5.59797e-08,0.15161133,2140.38,17.77,0.8916110917925835,918,9733,1.4603564,-4.962519e-05,1245824,10668.776311635971,9966592,0.010675667
4.1623267e-08,0.16235352,2135.03,17.82,0.830357551574707,951,9734,1.4886084,-5.8994163e-05,1245952,10669.852981567383,9967616,0.016051257
3.080576e-08,0.11279297,2135.03,17.82,0.7531397491693497,972,9735,1.4390241,-4.091242e-05,1246080,10670.906994819641,9968640,0.01680138
3.2257244e-08,0.13500977,2139.31,17.81,0.8790086880326271,949,9736,1.541915,-4.64803e-05,1246208,10671.986201524734,9969664,0.0065325866
3.8362042e-08,0.10180664,2137.05,17.81,0.8787471503019333,950,9737,1.4722722,-3.3356773e-05,1246336,10673.0648458004,9970688,0.009338037
3.0592897e-08,0.12890625,2137.05,17.81,0.9120155796408653,953,9738,1.5064571,-5.363248e-05,1246464,10674.139175653458,9971712,0.009710227
3.2476592e-08,0.11987305,2133.85,17.8,0.8840646147727966,913,9739,1.433123,-4.343543e-05,1246592,10675.260816812515,9972736,0.013139417
3.004386e-08,0.13696289,2133.85,17.8,0.8450239449739456,962,9740,1.4325447,-4.386762e-05,1246720,10676.32583284378,9973760,0.02456521
3.0241466e-08,0.13330078,2133.85,17.8,0.8102955371141434,967,9741,1.4187951,-4.2303873e-05,1246848,10677.38523888588,9974784,0.027127061
1.89628e-08,0.103027344,2134.02,17.82,0.7829928398132324,973,9742,1.4393094,-2.3711676e-05,1246976,10678.437418937683,9975808,0.02449742
2.9147495e-08,0.15112305,2134.02,17.82,0.8900937139987946,962,9743,1.4929377,-3.929122e-05,1247104,10679.501991033554,9976832,0.010614058
2.2916204e-08,0.12158203,2134.02,17.82,0.8835162967443466,975,9744,1.3918903,-3.0352094e-05,1247232,10680.55248785019,9977856,0.015408417
1.48871955e-08,0.12133789,2134.02,17.82,0.9094215258955956,929,9745,1.4769843,-3.6724727e-05,1247360,10681.654863357544,9978880,0.008759931
1.5180172e-08,0.16918945,2134.02,17.82,0.7907478362321854,903,9746,1.5354602,-3.0802446e-05,1247488,10682.789316415787,9979904,0.018589415
1.7475196e-08,0.15991211,2134.02,17.82,0.8358299434185028,956,9747,1.4385458,-3.3623248e-05,1247616,10683.860930681229,9980928,0.021205267
1.0857657e-08,0.13110352,2137.08,17.79,0.8842807486653328,899,9748,1.5196699,-2.9774252e-05,1247744,10684.999999761581,9981952,0.010326662
1.0890256e-08,0.13696289,2132.86,17.81,0.8727083504199982,899,9749,1.4787359,-2.722333e-05,1247872,10686.1388297081,9982976,0.012222182
1.10288525e-08,0.13647461,2132.86,17.81,0.8492317199707031,965,9750,1.4733298,-2.3810979e-05,1248000,10687.19968032837,9984000,0.012302198
7.3242927e-09,0.13330078,2132.86,17.81,0.8738305568695068,944,9751,1.5127776,-2.5031273e-05,1248128,10688.284733057022,9985024,0.009237975
7.521341e-09,0.114990234,2132.47,17.82,0.8517515957355499,952,9752,1.4474189,-2.010689e-05,1248256,10689.36040186882,9986048,0.016061341
7.745305e-09,0.13793945,2122.91,17.89,0.8403847217559814,882,9753,1.4801745,-2.127391e-05,1248384,10690.521023273468,9987072,0.015153717
5.1074345e-09,0.12988281,2122.91,17.89,0.8169447034597397,914,9754,1.3546544,-2.0010397e-05,1248512,10691.641093969345,9988096,0.016183438
3.6846166e-09,0.1159668,2123.42,17.87,0.8766098991036415,949,9755,1.5346673,-1.6135455e-05,1248640,10692.720208883286,9989120,0.009734374
4.150859e-09,0.14135742,2123.42,17.87,0.8300429433584213,971,9756,1.4591912,-1.6498787e-05,1248768,10693.775405883789,9990144,0.01869256
4.3635455e-09,0.122802734,2123.42,17.87,0.8676081299781799,970,9757,1.4591873,-1.0986638e-05,1248896,10694.831044435501,9991168,0.012776699
2.55418e-09,0.14794922,2119.81,17.92,0.8797877579927444,967,9758,1.4421375,-1.2641598e-05,1249024,10695.889831781387,9992192,0.013603911
1.6011543e-09,0.107177734,2119.81,17.92,0.8817712888121605,969,9759,1.4851902,-1.0943244e-05,1249152,10696.946784973145,9993216,0.012463825
1.1510642e-09,0.13574219,2119.81,17.92,0.9028706923127174,976,9760,1.5506154,-9.6329895e-06,1249280,10697.99620461464,9994240,0.00571255
1.0041993e-09,0.14941406,2119.81,17.92,0.8575843572616577,963,9761,1.4782162,-7.457944e-06,1249408,10699.060215473175,9995264,0.012613922
5.986407e-10,0.14892578,2128.04,17.91,0.8612032383680344,960,9762,1.4344411,-6.9174275e-06,1249536,10700.126564025879,9996288,0.012634349
3.1428066e-10,0.13134766,2129.66,17.9,0.9349690452218056,950,9763,1.5637087,-5.2376854e-06,1249664,10701.20423913002,9997312,0.0052519958
1.6406033e-10,0.13549805,2129.66,17.9,0.8670710921287537,973,9764,1.4354873,-3.5800622e-06,1249792,10702.257314682007,9998336,0.016521381
2.7157793e-11,0.09765625,2129.66,17.9,0.8308836370706558,917,9765,1.4336524,-1.6767299e-06,1249920,10703.373702764511,9999360,0.022511052
